0 0.978125 0.28046875 0.04296875 0.21796875
0 0.9328125 0.26953125 0.06640625 0.1734375
0 0.86640625 0.29765625 0.0765625 0.16484375
0 0.81171875 0.29296875 0.08984375 0.13515625
0 0.7296875 0.278125 0.071875 0.11015625
0 0.69765625 0.38515625 0.125 0.146875
0 0.77578125 0.44921875 0.1046875 0.10859375
0 0.878125 0.4453125 0.05703125 0.08984375
0 0.91796875 0.478125 0.06015625 0.0796875
0 0.9734375 0.425 0.053125 0.11015625
0 0.671875 0.27578125 0.05703125 0.1
0 0.6 0.29765625 0.103125 0.16015625
0 0.54765625 0.31640625 0.075 0.0765625
0 0.421875 0.41796875 0.08515625 0.2
0 0.54921875 0.39765625 0.0796875 0.0984375
0 0.5140625 0.471875 0.08828125 0.13828125
0 0.37109375 0.43828125 0.03828125 0.128125
0 0.31015625 0.4453125 0.08203125 0.1234375
0 0.3078125 0.52578125 0.08984375 0.103125
0 0.1546875 0.67421875 0.16015625 0.2
0 0.16953125 0.8140625 0.09296875 0.11484375
0 0.79765625 0.63359375 0.1796875 0.18203125
0 0.95234375 0.890625 0.08828125 0.16484375
0 0.89140625 0.95078125 0.06328125 0.0984375
0 0.78671875 0.9453125 0.1609375 0.109375
0 0.60234375 0.86328125 0.05859375 0.1484375
0 0.37578125 0.8296875 0.11015625 0.1703125
0 0.4546875 0.7921875 0.0703125 0.08203125
0 0.49765625 0.709375 0.11328125 0.0546875
0 0.3953125 0.721875 0.075 0.096875
0 0.06796875 0.78515625 0.075 0.121875
0 0.0265625 0.5828125 0.053125 0.13828125
0 0.0140625 0.7171875 0.028125 0.075
0 0.6015625 0.73046875 0.0765625 0.08828125
0 0.6859375 0.80703125 0.0765625 0.1
0 0.678125 0.70234375 0.08515625 0.1046875
0 0.778125 0.8421875 0.09296875 0.096875
0 0.878125 0.7921875 0.0703125 0.14140625
0 0.58828125 0.4328125 0.08984375 0.1
0 0.01484375 0.0890625 0.0296875 0.08203125