0 0.23359375 0.0515625 0.0921875 0.0875
0 0.31875 0.12734375 0.08125 0.0828125
0 0.384375 0.05234375 0.071875 0.0734375
0 0.53046875 0.0765625 0.0828125 0.096875
0 0.6 0.13203125 0.06875 0.0828125
0 0.52890625 0.21953125 0.09375 0.0953125
0 0.59609375 0.30234375 0.0734375 0.0890625
0 0.3890625 0.3609375 0.096875 0.0875
0 0.61171875 0.02265625 0.0734375 0.0453125
0 0.67578125 0.06484375 0.0765625 0.0734375
0 0.09453125 0.50078125 0.0796875 0.0859375
0 0.16484375 0.58984375 0.0796875 0.0859375
0 0.028125 0.584375 0.05625 0.075
0 0.02421875 0.73984375 0.0484375 0.1109375
0 0.0828125 0.81640625 0.0875 0.090625
0 0.15703125 0.74765625 0.1046875 0.1046875
0 0.02890625 0.884375 0.0578125 0.10625
0 0.0984375 0.95390625 0.103125 0.0890625
0 0.16484375 0.890625 0.0859375 0.09375
0 0.36484375 0.95234375 0.1046875 0.0921875
0 0.384375 0.2015625 0.0875 0.096875