0 0.4625 0.109375 0.08984375 0.0984375
0 0.37578125 0.19453125 0.09296875 0.09296875
0 0.53203125 0.1875 0.08828125 0.08984375
0 0.61171875 0.275 0.08984375 0.08828125
0 0.44609375 0.43984375 0.07578125 0.084375
0 0.5375 0.5515625 0.0828125 0.0859375
0 0.4453125 0.61015625 0.0984375 0.096875
0 0.37734375 0.7109375 0.0703125 0.08828125
0 0.453125 0.80078125 0.10703125 0.10234375
0 0.5359375 0.7109375 0.096875 0.1234375
0 0.6171875 0.6390625 0.10546875 0.1109375
0 0.8796875 0.546875 0.096875 0.1109375
0 0.78984375 0.6328125 0.07578125 0.0828125
0 0.69921875 0.7109375 0.0953125 0.0984375
0 0.6046875 0.80078125 0.1109375 0.109375
0 0.53515625 0.88984375 0.0953125 0.0859375
0 0.44609375 0.965625 0.09296875 0.06875
0 0.38359375 0.0359375 0.109375 0.071875
0 0.30390625 0.1015625 0.07890625 0.09296875
0 0.225 0.203125 0.13359375 0.12109375
0 0.2828125 0.28203125 0.1 0.09140625
0 0.37109375 0.3671875 0.09140625 0.0859375
0 0.290625 0.43984375 0.08828125 0.09140625
0 0.2140625 0.36171875 0.12109375 0.1140625
0 0.13359375 0.4390625 0.084375 0.0828125
0 0.21328125 0.53671875 0.1125 0.09140625
0 0.28984375 0.62578125 0.10390625 0.1140625
0 0.9421875 0.62734375 0.10546875 0.10703125
0 0.94140625 0.80625 0.1171875 0.121875
0 0.8671875 0.8828125 0.096875 0.10703125
0 0.94296875 0.96015625 0.1 0.07890625
0 0.7796875 0.95390625 0.109375 0.09140625
0 0.77890625 0.79453125 0.08984375 0.10703125
0 0.709375 0.884375 0.0984375 0.1
0 0.6109375 0.9609375 0.10546875 0.07734375
0 0.54140625 0.034375 0.08984375 0.06875
0 0.98984375 0.03828125 0.0203125 0.0765625
0 0.0578125 0.03203125 0.09140625 0.06328125
0 0.12109375 0.08984375 0.1125 0.10546875
0 0.14453125 0.2734375 0.08828125 0.09296875
0 0.01328125 0.25546875 0.0265625 0.09140625
0 0.0421875 0.34140625 0.07734375 0.08828125
0 0.02109375 0.09609375 0.0421875 0.10703125
0 0.04453125 0.53125 0.0890625 0.090625
0 0.13046875 0.6234375 0.07734375 0.08828125
0 0.20625 0.69609375 0.0953125 0.09296875
0 0.29375 0.790625 0.1234375 0.1234375
0 0.13203125 0.7890625 0.10546875 0.0953125
0 0.21640625 0.88359375 0.11953125 0.09140625
0 0.2984375 0.9625 0.0875 0.075
0 0.01171875 0.7921875 0.02265625 0.09140625
0 0.0484375 0.8734375 0.096875 0.10546875
0 0.12265625 0.9625 0.0859375 0.075