0 0.8109375 0.0328125 0.075 0.065625
0 0.88359375 0.096875 0.0796875 0.075
0 0.95703125 0.17578125 0.0703125 0.0859375
0 0.96328125 0.0265625 0.0734375 0.053125
0 0.8078125 0.165625 0.090625 0.096875
0 0.72734375 0.240625 0.0859375 0.075
0 0.80859375 0.33515625 0.0640625 0.0765625
0 0.6625 0.178125 0.05 0.05
0 0.63515625 0.35859375 0.0890625 0.0921875
0 0.7109375 0.45 0.078125 0.09375
0 0.6234375 0.5125 0.096875 0.103125
0 0.775 0.51328125 0.071875 0.0734375
0 0.83984375 0.5921875 0.0703125 0.075
0 0.9171875 0.6671875 0.06875 0.06875
0 0.8390625 0.74765625 0.084375 0.0890625
0 0.7671875 0.821875 0.0875 0.0875
0 0.978125 0.74609375 0.04375 0.0703125
0 0.96796875 0.896875 0.0609375 0.090625
0 0.91328125 0.9640625 0.0828125 0.06875
0 0.76796875 0.96875 0.0734375 0.0625
0 0.409375 0.59765625 0.090625 0.0859375
0 0.50234375 0.68359375 0.0890625 0.0859375
0 0.55 0.75546875 0.0671875 0.0671875
0 0.12890625 0.459375 0.0703125 0.06875
0 0.19765625 0.5171875 0.0828125 0.0875
0 0.2609375 0.6109375 0.06875 0.071875
0 0.32890625 0.68125 0.0796875 0.071875
0 0.3984375 0.76796875 0.06875 0.0828125
0 0.11640625 0.76015625 0.0765625 0.0734375
0 0.190625 0.8328125 0.084375 0.078125
0 0.26875 0.91953125 0.090625 0.0890625
0 0.32890625 0.83203125 0.1109375 0.1015625
0 0.4078125 0.9125 0.065625 0.08125
0 0.471875 0.828125 0.090625 0.084375
0 0.54453125 0.91328125 0.0890625 0.0921875