0 0.48515625 0.11875 0.0796875 0.0875
0 0.40859375 0.19453125 0.0828125 0.0828125
0 0.546875 0.18828125 0.078125 0.0796875
0 0.61796875 0.265625 0.0796875 0.078125
0 0.47109375 0.4125 0.0671875 0.075
0 0.55234375 0.51171875 0.0734375 0.0765625
0 0.4703125 0.56328125 0.0875 0.0859375
0 0.41015625 0.653125 0.0625 0.078125
0 0.47734375 0.7328125 0.0953125 0.090625
0 0.55078125 0.653125 0.0859375 0.109375
0 0.62265625 0.5890625 0.09375 0.0984375
0 0.85546875 0.50703125 0.0859375 0.0984375
0 0.77578125 0.58359375 0.0671875 0.0734375
0 0.6953125 0.653125 0.084375 0.0875
0 0.61171875 0.7328125 0.0984375 0.096875
0 0.55 0.81171875 0.084375 0.0765625
0 0.47109375 0.890625 0.0828125 0.084375
0 0.415625 0.0453125 0.096875 0.08125
0 0.34453125 0.11171875 0.0703125 0.0828125
0 0.275 0.20234375 0.11875 0.1078125
0 0.32578125 0.271875 0.0890625 0.08125
0 0.4046875 0.34765625 0.08125 0.0765625
0 0.3328125 0.4125 0.078125 0.08125
0 0.26484375 0.34296875 0.1078125 0.1015625
0 0.19375 0.41171875 0.075 0.0734375
0 0.2640625 0.4984375 0.1 0.08125
0 0.33203125 0.57734375 0.0921875 0.1015625
0 0.9109375 0.57890625 0.09375 0.0953125
0 0.9140625 0.73828125 0.109375 0.1078125
0 0.84453125 0.80546875 0.0859375 0.0953125
0 0.91171875 0.8921875 0.0890625 0.10625
0 0.8375 0.95390625 0.096875 0.0890625
0 0.7671875 0.8796875 0.096875 0.103125
0 0.76640625 0.72734375 0.0796875 0.0953125
0 0.7046875 0.80703125 0.0875 0.0890625
0 0.6171875 0.88828125 0.09375 0.0953125
0 0.55546875 0.04375 0.0796875 0.078125
0 0.97265625 0.0515625 0.0546875 0.078125
0 0.1265625 0.04296875 0.08125 0.0703125
0 0.1828125 0.1015625 0.1 0.09375
0 0.203125 0.26484375 0.078125 0.0828125
0 0.053125 0.2484375 0.090625 0.08125
0 0.1125 0.325 0.06875 0.078125
0 0.06640625 0.10703125 0.0921875 0.0953125
0 0.0484375 0.41015625 0.08125 0.0765625
0 0.11484375 0.49375 0.0796875 0.08125
0 0.190625 0.575 0.06875 0.078125
0 0.2578125 0.63984375 0.084375 0.0828125
0 0.3359375 0.7234375 0.109375 0.109375
0 0.1921875 0.721875 0.09375 0.084375
0 0.2671875 0.80625 0.10625 0.08125
0 0.340625 0.88828125 0.078125 0.0890625
0 0.05 0.725 0.090625 0.08125
0 0.11484375 0.796875 0.09375 0.09375
0 0.18359375 0.8859375 0.0765625 0.084375
0 0.11953125 0.9484375 0.0734375 0.06875
0 0.25 0.95390625 0.0640625 0.0703125
0 0.3171875 0.9921875 0.046875 0.015625
0 0.45703125 0.98671875 0.1015625 0.0265625
0 0.690625 0.96484375 0.0671875 0.0703125