0 0.60625 0.36796875 0.11328125 0.11328125
0 0.4359375 0.17578125 0.09921875 0.11328125
0 0.43203125 0.353125 0.1171875 0.11328125
0 0.528125 0.44140625 0.096875 0.0953125
0 0.440625 0.5296875 0.115625 0.10625
0 0.3546875 0.0859375 0.115625 0.11015625
0 0.2625 0.0234375 0.096875 0.046875
0 0.09765625 0.028125 0.0984375 0.05625
0 0.1765625 0.08671875 0.0859375 0.09375
0 0.25390625 0.17734375 0.07890625 0.09140625
0 0.3546875 0.26796875 0.1046875 0.096875
0 0.275 0.34921875 0.09921875 0.1046875
0 0.18203125 0.253125 0.11171875 0.10234375
0 0.10859375 0.1765625 0.11171875 0.11875
0 0.03203125 0.1 0.0640625 0.11875
0 0.03671875 0.2734375 0.0734375 0.10078125
0 0.0890625 0.3578125 0.06796875 0.07890625
0 0.03046875 0.4453125 0.06015625 0.10625
0 0.0921875 0.540625 0.1078125 0.11015625
0 0.28046875 0.5234375 0.10625 0.1171875
0 0.19140625 0.6203125 0.09375 0.07890625
0 0.35546875 0.62734375 0.10234375 0.09375
0 0.42890625 0.71640625 0.0953125 0.0953125
0 0.3515625 0.81171875 0.065625 0.0640625
0 0.25625 0.71640625 0.09921875 0.10625
0 0.1796875 0.81328125 0.0625 0.08046875
0 0.10625 0.70703125 0.08828125 0.0953125
0 0.025 0.634375 0.04921875 0.08984375
0 0.43671875 0.8796875 0.115625 0.11015625
0 0.36015625 0.97109375 0.0859375 0.0578125
0 0.2546875 0.90234375 0.06953125 0.0640625
0 0.09140625 0.89921875 0.09921875 0.10625
0 0.0296875 0.7984375 0.05859375 0.11328125