0 0.153125 0.02109375 0.096875 0.0421875
0 0.065625 0.07421875 0.1078125 0.128125
0 0.15546875 0.14609375 0.10234375 0.09765625
0 0.23125 0.23125 0.1109375 0.10078125
0 0.15078125 0.31484375 0.1078125 0.11796875
0 0.090625 0.2296875 0.1125 0.09765625
0 0.01953125 0.13203125 0.0390625 0.08359375
0 0.02421875 0.3140625 0.04765625 0.11640625
0 0.021875 0.4796875 0.04375 0.103125
0 0.08125 0.39921875 0.1140625 0.10546875
0 0.1625 0.4796875 0.10234375 0.1125
0 0.23359375 0.565625 0.0890625 0.08046875
0 0.1578125 0.6421875 0.1140625 0.12109375
0 0.028125 0.6390625 0.05625 0.1078125
0 0.01953125 0.965625 0.0390625 0.06796875
0 0.87109375 0.04296875 0.1140625 0.08515625
0 0.9546875 0.11953125 0.090625 0.109375
0 0.8734375 0.18359375 0.11640625 0.1078125
0 0.7921875 0.1234375 0.10546875 0.11796875
0 0.73359375 0.02109375 0.0796875 0.0421875
0 0.66875 0.1 0.12265625 0.1140625
0 0.596875 0.02109375 0.13125 0.0421875
0 0.55390625 0.23671875 0.11796875 0.128125
0 0.40390625 0.40234375 0.12421875 0.11953125
0 0.478125 0.47890625 0.1296875 0.11796875
0 0.3875 0.571875 0.12265625 0.1328125
0 0.70234375 0.3765625 0.1078125 0.09375
0 0.63046875 0.47734375 0.12109375 0.12421875
0 0.78359375 0.4671875 0.13984375 0.1296875
0 0.63515625 0.63515625 0.10546875 0.10546875
0 0.54765625 0.71484375 0.0921875 0.0953125
0 0.471875 0.81171875 0.1078125 0.09921875
0 0.32109375 0.7890625 0.11953125 0.1109375
0 0.23515625 0.8875 0.10234375 0.109375
0 0.14609375 0.815625 0.1109375 0.10234375
0 0.07109375 0.9 0.090625 0.1109375
0 0.15625 0.96328125 0.11796875 0.0734375
0 0.6359375 0.8 0.1125 0.11640625
0 0.54375 0.896875 0.11796875 0.11796875
0 0.47265625 0.96171875 0.0953125 0.0765625
0 0.7984375 0.7875 0.0921875 0.08046875
0 0.8640625 0.878125 0.1078125 0.1078125
0 0.7078125 0.89140625 0.0953125 0.1078125
0 0.62734375 0.96171875 0.09375 0.0765625
0 0.7921875 0.9609375 0.109375 0.078125
0 0.94609375 0.95625 0.09765625 0.08671875
0 0.990625 0.896875 0.01875 0.128125
0 0.31328125 0.146875 0.13828125 0.1265625