0 0.15234375 0.03359375 0.11796875 0.0671875
0 0.05703125 0.0859375 0.1140625 0.11953125
0 0.03203125 0.03046875 0.0640625 0.0609375
0 0.140625 0.1640625 0.1109375 0.1140625
0 0.21953125 0.0953125 0.12109375 0.128125
0 0.29921875 0.03203125 0.12421875 0.0640625
0 0.384375 0.0953125 0.10390625 0.1140625
0 0.31171875 0.17578125 0.10390625 0.109375
0 0.225 0.259375 0.10390625 0.10546875
0 0.14296875 0.33046875 0.12265625 0.13125
0 0.06171875 0.24765625 0.12265625 0.13125
0 0.053125 0.4328125 0.10546875 0.12109375
0 0.13984375 0.49921875 0.11796875 0.12265625
0 0.21875 0.4109375 0.10234375 0.1125
0 0.29140625 0.3375 0.11953125 0.12109375
0 0.37421875 0.25546875 0.1125 0.1125
0 0.45703125 0.17421875 0.1109375 0.115625
0 0.459375 0.034375 0.115625 0.06875
0 0.53828125 0.0921875 0.1109375 0.115625
0 0.6296875 0.034375 0.128125 0.06875
0 0.715625 0.08515625 0.109375 0.1109375
0 0.61484375 0.17890625 0.0984375 0.10546875
0 0.52578125 0.2671875 0.1109375 0.109375
0 0.628125 0.3453125 0.096875 0.10234375
0 0.54375 0.45 0.1125 0.12109375
0 0.61953125 0.5265625 0.11796875 0.11953125
0 0.69453125 0.596875 0.1 0.09375
0 0.6234375 0.69140625 0.08828125 0.09140625
0 0.525 0.75078125 0.109375 0.11796875
0 0.45078125 0.846875 0.12265625 0.109375
0 0.45625 0.67734375 0.09140625 0.0984375
0 0.54140625 0.603125 0.10703125 0.10390625
0 0.37890625 0.59921875 0.1 0.109375
0 0.3 0.525 0.109375 0.10546875
0 0.22109375 0.61171875 0.096875 0.10390625
0 0.2890625 0.690625 0.10390625 0.1
0 0.371875 0.77265625 0.10390625 0.0984375
0 0.01796875 0.5078125 0.0359375 0.11875
0 0.06484375 0.60625 0.10546875 0.12265625
0 0.1359375 0.6890625 0.0984375 0.10390625
0 0.20625 0.765625 0.1 0.1125
0 0.28984375 0.85703125 0.0953125 0.10546875
0 0.365625 0.93046875 0.09140625 0.1140625
0 0.790625 0.03671875 0.128125 0.07265625
0 0.86484375 0.090625 0.08671875 0.1
0 0.94921875 0.02578125 0.08125 0.0515625
0 0.9796875 0.0890625 0.040625 0.14375
0 0.78125 0.16953125 0.09140625 0.096875
0 0.7015625 0.2578125 0.08125 0.07578125
0 0.8484375 0.2640625 0.12265625 0.1125
0 0.76875 0.34375 0.0953125 0.10390625
0 0.69296875 0.4296875 0.10390625 0.0984375
0 0.77734375 0.515625 0.0953125 0.096875
0 0.86328125 0.42890625 0.09375 0.08671875
0 0.9359375 0.3515625 0.07578125 0.0796875
0 0.94453125 0.52734375 0.10703125 0.09375
0 0.98828125 0.43671875 0.0234375 0.0859375
0 0.98125 0.615625 0.0375 0.109375
0 0.93671875 0.69921875 0.08515625 0.07578125
0 0.84921875 0.77734375 0.08984375 0.09140625
0 0.77890625 0.8640625 0.13125 0.1265625
0 0.69375 0.9390625 0.08984375 0.08671875
0 0.61640625 0.865625 0.09140625 0.115625
0 0.053125 0.75625 0.0984375 0.109375
0 0.1234375 0.8328125 0.09140625 0.09140625
0 0.19375 0.909375 0.10390625 0.12265625
0 0.28515625 0.97578125 0.08671875 0.0484375
0 0.13046875 0.98125 0.0765625 0.0375
0 0.05546875 0.91328125 0.09375 0.096875
0 0.44375 0.97734375 0.09140625 0.0453125
0 0.603125 0.984375 0.09140625 0.03125
0 0.76328125 0.984375 0.08984375 0.03125
0 0.9375 0.846875 0.10390625 0.11953125
0 0.9859375 0.7734375 0.02734375 0.09375
0 0.9859375 0.95234375 0.02734375 0.0953125
0 0.93046875 0.99140625 0.0796875 0.0171875
0 0.00546875 0.68828125 0.01015625 0.13828125