0 0.44375 0.396875 0.096875 0.096875
0 0.5890625 0.2328125 0.084375 0.096875
0 0.5921875 0.384375 0.1 0.096875
0 0.51015625 0.459375 0.0828125 0.08125
0 0.58515625 0.534375 0.0984375 0.090625
0 0.65859375 0.15625 0.0984375 0.09375
0 0.73671875 0.08359375 0.0828125 0.0796875
0 0.878125 0.0875 0.084375 0.0875
0 0.81015625 0.15703125 0.0734375 0.0796875
0 0.74453125 0.234375 0.0671875 0.078125
0 0.65859375 0.31171875 0.0890625 0.0828125
0 0.7265625 0.38046875 0.084375 0.0890625
0 0.80546875 0.2984375 0.0953125 0.0875
0 0.86796875 0.23359375 0.0953125 0.1015625
0 0.95234375 0.16796875 0.0921875 0.1015625
0 0.95390625 0.0328125 0.0890625 0.065625
0 0.946875 0.31640625 0.096875 0.0859375
0 0.88515625 0.38828125 0.0578125 0.0671875
0 0.9546875 0.4625 0.090625 0.090625
0 0.88203125 0.54375 0.0921875 0.09375
0 0.721875 0.5296875 0.090625 0.1
0 0.79765625 0.61171875 0.0796875 0.0671875
0 0.6578125 0.61796875 0.0875 0.0796875
0 0.5953125 0.69375 0.08125 0.08125
0 0.6609375 0.775 0.05625 0.0546875
0 0.7421875 0.69375 0.084375 0.090625
0 0.8078125 0.7765625 0.053125 0.06875
0 0.8703125 0.6859375 0.075 0.08125
0 0.9546875 0.62421875 0.071875 0.0765625
0 0.58828125 0.83359375 0.0984375 0.09375
0 0.65390625 0.92265625 0.0734375 0.0703125
0 0.74375 0.85234375 0.059375 0.0546875
0 0.73046875 0.98046875 0.090625 0.0390625
0 0.87734375 0.9828125 0.0578125 0.034375
0 0.8828125 0.85 0.084375 0.090625
0 0.95 0.7640625 0.078125 0.096875