0 0.20703125 0.3265625 0.1390625 0.153125
0 0.13984375 0.58046875 0.1140625 0.1140625
0 0.578125 0.73203125 0.115625 0.125
0 0.1453125 0.88515625 0.0875 0.1046875
0 0.2609375 0.98671875 0.109375 0.0265625
0 0.13515625 0.98046875 0.1046875 0.0390625
0 0.06640625 0.95078125 0.0765625 0.0734375
0 0.4234375 0.98671875 0.075 0.0265625
0 0.57109375 0.984375 0.1015625 0.03125
0 0.43515625 0.86953125 0.0796875 0.0828125
0 0.49609375 0.94765625 0.0859375 0.0984375
0 0.49921875 0.184375 0.1078125 0.103125
0 0.02421875 0.43125 0.0484375 0.15
0 0.0296875 0.584375 0.059375 0.1375
0 0.0234375 0.7359375 0.0375 0.0859375
0 0.7234375 0.7203125 0.09375 0.1125
0 0.6453125 0.79921875 0.109375 0.1140625
0 0.57890625 0.87421875 0.0859375 0.0859375
0 0.98046875 0.5671875 0.0390625 0.109375
0 0.71953125 0.8671875 0.1265625 0.125
0 0.871875 0.86640625 0.078125 0.0828125
0 0.78828125 0.65546875 0.1140625 0.1328125
0 0.8640625 0.7328125 0.0875 0.1125
0 0.06640625 0.65234375 0.1015625 0.1171875
0 0.0765625 0.80625 0.096875 0.103125
0 0.01953125 0.86796875 0.0390625 0.1171875
0 0.01484375 0.98046875 0.0203125 0.0390625
0 0.13828125 0.7203125 0.0953125 0.1125
0 0.2015625 0.6546875 0.096875 0.1125
0 0.20859375 0.50625 0.1046875 0.121875
0 0.271875 0.42421875 0.146875 0.1515625
0 0.36171875 0.4859375 0.0921875 0.0875
0 0.2734375 0.57109375 0.109375 0.1265625
0 0.3609375 0.6265625 0.128125 0.128125
0 0.2734375 0.7140625 0.109375 0.13125
0 0.35859375 0.790625 0.1234375 0.1125
0 0.290625 0.8828125 0.1125 0.115625
0 0.42421875 0.56484375 0.0921875 0.0984375
0 0.50234375 0.4859375 0.0921875 0.096875
0 0.5859375 0.58046875 0.078125 0.0921875
0 0.646875 0.9390625 0.090625 0.103125
0 0.72578125 0.9765625 0.1140625 0.046875
0 0.7859375 0.93984375 0.09375 0.0984375
0 0.84609375 0.98046875 0.0828125 0.0390625
0 0.925 0.92578125 0.1 0.0921875
0 0.98125 0.87890625 0.034375 0.1109375
0 0.98203125 0.98828125 0.0359375 0.0234375
0 0.790625 0.79453125 0.096875 0.0953125
0 0.93046875 0.8 0.0953125 0.109375
0 0.98046875 0.72109375 0.0390625 0.1140625
0 0.6515625 0.48515625 0.109375 0.0953125
0 0.71328125 0.5578125 0.1046875 0.1
0 0.8671875 0.5640625 0.1 0.08125
0 0.7953125 0.5 0.096875 0.09375
0 0.9265625 0.48671875 0.1125 0.1046875
0 0.64375 0.35390625 0.115625 0.0984375
0 0.575 0.2625 0.128125 0.11875
0 0.28671875 0.140625 0.1046875 0.1
0 0.35859375 0.06796875 0.1140625 0.0890625
0 0.403125 0.015625 0.175 0.03125
0 0.4984375 0.05234375 0.090625 0.0734375
0 0.5765625 0.1234375 0.090625 0.10625
0 0.646875 0.175 0.13125 0.1078125
0 0.7203125 0.265625 0.11875 0.125
0 0.79609375 0.35078125 0.1140625 0.1453125
0 0.859375 0.40234375 0.109375 0.1328125
0 0.97421875 0.4140625 0.0515625 0.09375
0 0.93515625 0.34921875 0.0734375 0.0953125
0 0.87109375 0.2828125 0.0765625 0.08125
0 0.7953125 0.19609375 0.096875 0.1171875
0 0.72265625 0.121875 0.0859375 0.09375
0 0.65 0.04921875 0.0859375 0.0921875
0 0.56484375 0.0265625 0.1140625 0.053125
0 0.77734375 0.03203125 0.1765625 0.0640625
0 0.93671875 0.03828125 0.1234375 0.0703125
0 0.8546875 0.13359375 0.1 0.1171875
0 0.9328125 0.1953125 0.10625 0.109375
0 0.9765625 0.13125 0.046875 0.10625
0 0.9765625 0.28359375 0.046875 0.1203125