0 0.44296875 0.1703125 0.0828125 0.084375
0 0.5109375 0.2375 0.090625 0.084375
0 0.44765625 0.31171875 0.0984375 0.1015625
0 0.50625 0.09375 0.10625 0.09375
0 0.57578125 0.1703125 0.0890625 0.090625
0 0.65859375 0.24609375 0.0734375 0.0765625
0 0.734375 0.31015625 0.115625 0.1046875
0 0.59921875 0.46796875 0.1109375 0.0921875
0 0.59609375 0.62890625 0.0984375 0.1078125
0 0.53203125 0.70703125 0.1171875 0.1015625
0 0.08984375 0.11015625 0.0859375 0.0859375
0 0.1640625 0.040625 0.103125 0.08125
0 0.2953125 0.03828125 0.10625 0.0765625
0 0.44609375 0.0328125 0.0890625 0.065625
0 0.02890625 0.18828125 0.0578125 0.1265625
0 0.09609375 0.25 0.0984375 0.109375
0 0.16328125 0.16796875 0.1 0.0921875
0 0.23125 0.2421875 0.09375 0.109375
0 0.30078125 0.33125 0.1078125 0.10625
0 0.37890625 0.415625 0.1078125 0.096875
0 0.3015625 0.4640625 0.09375 0.1
0 0.5953125 0.028125 0.11875 0.05625
0 0.6703125 0.07421875 0.08125 0.0859375
0 0.740625 0.1578125 0.10625 0.103125
0 0.803125 0.23828125 0.096875 0.1109375
0 0.87734375 0.153125 0.0984375 0.103125
0 0.953125 0.24453125 0.09375 0.1203125
0 0.9609375 0.078125 0.06875 0.071875
0 0.74453125 0.02421875 0.0828125 0.0484375
0 0.9109375 0.0234375 0.109375 0.046875
0 0.02734375 0.33671875 0.0546875 0.125
0 0.1 0.39921875 0.10625 0.1015625
0 0.159375 0.46796875 0.0984375 0.1078125
0 0.03359375 0.49375 0.0671875 0.14375
0 0.09453125 0.56484375 0.0953125 0.0984375
0 0.0265625 0.653125 0.053125 0.11875
0 0.08671875 0.71171875 0.1109375 0.1109375
0 0.165625 0.62109375 0.103125 0.1109375
0 0.22265625 0.5453125 0.1078125 0.0921875
0 0.37890625 0.553125 0.1171875 0.115625
0 0.30703125 0.62890625 0.1140625 0.1015625
0 0.23125 0.7140625 0.09375 0.1
0 0.30703125 0.79140625 0.0921875 0.0984375
0 0.37109375 0.85078125 0.1171875 0.1078125
0 0.30234375 0.93515625 0.1046875 0.0890625
0 0.23359375 0.85703125 0.0984375 0.0890625
0 0.15859375 0.78984375 0.0984375 0.1015625
0 0.10546875 0.85234375 0.1078125 0.1109375
0 0.165625 0.92578125 0.096875 0.1078125
0 0.0296875 0.7875 0.059375 0.10625
0 0.440625 0.640625 0.090625 0.0984375
0 0.8109375 0.55390625 0.121875 0.1234375
0 0.88828125 0.48359375 0.0953125 0.1078125
0 0.96484375 0.56875 0.0703125 0.10625
0 0.821875 0.70546875 0.1125 0.1140625
0 0.75078125 0.7921875 0.0859375 0.1
0 0.83359375 0.86796875 0.0890625 0.1015625
0 0.75546875 0.93828125 0.09375 0.0953125
0 0.6125 0.94453125 0.0984375 0.1078125
0 0.5921875 0.78359375 0.10625 0.1140625
0 0.4453125 0.78046875 0.1 0.0984375
0 0.89453125 0.93984375 0.0796875 0.0828125
0 0.82109375 0.09609375 0.0546875 0.0578125
0 0.44296875 0.93203125 0.0828125 0.0828125
0 0.9578125 0.97578125 0.078125 0.0453125