0 0.403125 0.28125 0.11015625 0.10234375
0 0.55546875 0.428125 0.09921875 0.09921875
0 0.478125 0.49921875 0.11015625 0.11484375
0 0.546875 0.57109375 0.10703125 0.09921875
0 0.484375 0.6421875 0.11328125 0.10234375
0 0.55 0.72109375 0.10390625 0.09609375
0 0.6140625 0.7921875 0.09296875 0.11328125
0 0.68671875 0.73984375 0.09765625 0.10234375
0 0.7546875 0.80546875 0.11328125 0.10859375
0 0.83125 0.73515625 0.08359375 0.09921875
0 0.04609375 0.0421875 0.0921875 0.084375
0 0.18203125 0.0453125 0.11640625 0.08828125
0 0.31328125 0.03515625 0.10078125 0.06796875
0 0.40234375 0.12109375 0.10703125 0.09765625
0 0.4828125 0.04609375 0.096875 0.0921875
0 0.553125 0.1203125 0.09453125 0.09609375
0 0.6359375 0.04453125 0.08671875 0.08671875
0 0.7015625 0.12421875 0.10078125 0.10390625
0 0.77421875 0.04609375 0.08984375 0.07421875
0 0.915625 0.196875 0.08046875 0.08515625
0 0.7671875 0.203125 0.06640625 0.08203125
0 0.70859375 0.2671875 0.10546875 0.11015625
0 0.8390625 0.42421875 0.10859375 0.10703125
0 0.92265625 0.35078125 0.09453125 0.10078125
0 0.98046875 0.42265625 0.0390625 0.07578125
0 0.9140625 0.50859375 0.09296875 0.08984375
0 0.10703125 0.26328125 0.12265625 0.12421875
0 0.1921875 0.34921875 0.10390625 0.09765625
0 0.25546875 0.41953125 0.08984375 0.08203125
0 0.32421875 0.35 0.10078125 0.09296875
0 0.39609375 0.42109375 0.08828125 0.08515625
0 0.47734375 0.3546875 0.08359375 0.08671875
0 0.3328125 0.490625 0.11015625 0.10703125
0 0.265625 0.57734375 0.11015625 0.10703125
0 0.26796875 0.7421875 0.11484375 0.12265625
0 0.33359375 0.81640625 0.08671875 0.08203125
0 0.40078125 0.8953125 0.09140625 0.09296875
0 0.4734375 0.80546875 0.11015625 0.09296875
0 0.54765625 0.87734375 0.09296875 0.08515625
0 0.484375 0.95234375 0.08203125 0.07734375
0 0.6109375 0.95390625 0.09375 0.0921875
0 0.7453125 0.95390625 0.103125 0.0921875
0 0.8421875 0.884375 0.08359375 0.09921875
0 0.9109375 0.80390625 0.08671875 0.08984375
0 0.96953125 0.725 0.0609375 0.09453125
0 0.95703125 0.878125 0.0859375 0.1125
0 0.03828125 0.49921875 0.0765625 0.1015625
0 0.1046875 0.43125 0.08671875 0.08359375
0 0.04453125 0.66171875 0.07734375 0.08828125
0 0.1109375 0.7359375 0.10546875 0.10078125
0 0.18671875 0.95390625 0.11015625 0.08984375
0 0.31796875 0.95625 0.09453125 0.07890625
0 0.04609375 0.95390625 0.0921875 0.0921875
0 0.03828125 0.16640625 0.0765625 0.0953125
0 0.1078125 0.115625 0.09921875 0.08984375
0 0.26171875 0.10859375 0.12421875 0.11328125