0 0.2171875 0.06640625 0.10625 0.1015625
0 0.21171875 0.21328125 0.0890625 0.0890625
0 0.13828125 0.2859375 0.0796875 0.0875
0 0.06796875 0.37265625 0.0828125 0.0734375
0 0.05234375 0.51015625 0.0890625 0.0921875
0 0.20546875 0.5171875 0.0984375 0.1015625
0 0.3484375 0.5171875 0.1015625 0.11875
0 0.20703125 0.6625 0.1171875 0.10625
0 0.13359375 0.74921875 0.0796875 0.075
0 0.065625 0.83671875 0.075 0.0703125
0 0.12265625 0.8859375 0.0953125 0.090625
0 0.07265625 0.96328125 0.0890625 0.0734375
0 0.19921875 0.8046875 0.0796875 0.0984375
0 0.28515625 0.734375 0.0921875 0.1
0 0.35234375 0.821875 0.0859375 0.1015625
0 0.27734375 0.9046875 0.0921875 0.084375
0 0.34453125 0.95859375 0.0828125 0.0828125
0 0.0734375 0.0703125 0.084375 0.0875
0 0.0203125 0.1578125 0.040625 0.1125
0 0.36640625 0.06796875 0.0828125 0.0796875
0 0.44296875 0.14375 0.0953125 0.1
0 0.3671875 0.20703125 0.09375 0.0859375
0 0.2890625 0.29140625 0.09375 0.0890625
0 0.4984375 0.20625 0.084375 0.084375
0 0.42578125 0.28828125 0.1015625 0.0984375
0 0.3578125 0.35390625 0.08125 0.0890625
0 0.428125 0.43203125 0.090625 0.0921875
0 0.64609375 0.06640625 0.0890625 0.0859375
0 0.58046875 0.13984375 0.0765625 0.0765625
0 0.6546875 0.21875 0.08125 0.084375
0 0.70625 0.13125 0.0984375 0.10625
0 0.78203125 0.21875 0.0953125 0.1
0 0.86171875 0.14140625 0.1046875 0.1109375
0 0.57578125 0.27734375 0.0953125 0.0859375
0 0.50078125 0.36640625 0.1015625 0.0984375
0 0.565625 0.4484375 0.0828125 0.084375
0 0.50390625 0.51171875 0.0921875 0.0921875
0 0.4265625 0.58984375 0.0875 0.0859375
0 0.35390625 0.671875 0.0734375 0.0828125
0 0.4265625 0.74375 0.0875 0.0859375
0 0.49296875 0.66015625 0.0859375 0.0921875
0 0.56796875 0.59140625 0.0734375 0.0796875
0 0.6453125 0.5140625 0.078125 0.0921875
0 0.640625 0.36015625 0.1 0.0953125
0 0.7171875 0.43828125 0.096875 0.1015625
0 0.72109375 0.296875 0.0921875 0.1
0 0.78984375 0.3546875 0.0890625 0.084375
0 0.87109375 0.2921875 0.0921875 0.109375
0 0.9390625 0.36171875 0.0875 0.0984375
0 0.8578125 0.43828125 0.10625 0.1109375
0 0.93671875 0.5109375 0.1078125 0.109375
0 0.97578125 0.43671875 0.0453125 0.0921875
0 0.9765625 0.14140625 0.046875 0.1171875
0 0.9296875 0.2125 0.078125 0.096875
0 0.975 0.2828125 0.05 0.103125
0 0.4984375 0.81171875 0.090625 0.0921875
0 0.42109375 0.88828125 0.0921875 0.0890625
0 0.49609375 0.9609375 0.0859375 0.078125
0 0.57265625 0.884375 0.0921875 0.090625
0 0.64140625 0.81484375 0.0859375 0.0828125
0 0.575 0.7453125 0.09375 0.115625
0 0.63828125 0.66796875 0.0953125 0.0921875
0 0.71171875 0.571875 0.0890625 0.096875
0 0.78046875 0.66171875 0.0921875 0.1046875
0 0.7046875 0.7359375 0.0859375 0.090625
0 0.93828125 0.66171875 0.1015625 0.1046875
0 0.86171875 0.74140625 0.0921875 0.10625
0 0.78828125 0.8109375 0.0921875 0.096875
0 0.7125 0.88671875 0.090625 0.0921875
0 0.6328125 0.95703125 0.09375 0.0859375
0 0.78984375 0.94921875 0.1015625 0.1015625
0 0.8671875 0.88515625 0.1 0.1046875
0 0.9359375 0.809375 0.096875 0.09375
0 0.978125 0.89140625 0.04375 0.0859375
0 0.940625 0.9515625 0.115625 0.096875
0 0.728125 0.015625 0.08125 0.03125
0 0.85234375 0.0171875 0.0953125 0.034375
0 0.2953125 0.015625 0.115625 0.03125
0 0.01484375 0.5890625 0.0296875 0.109375
0 0.009375 0.75 0.01875 0.1
0 0.015625 0.91171875 0.03125 0.1046875