0 0.9 0.65390625 0.08828125 0.08671875
0 0.82578125 0.7078125 0.07890625 0.07734375
0 0.9640625 0.71953125 0.07109375 0.103125
0 0.9109375 0.796875 0.1 0.096875
0 0.54375 0.71484375 0.08046875 0.09140625
0 0.5421875 0.86953125 0.09296875 0.1
0 0.45546875 0.78203125 0.1140625 0.1046875
0 0.39765625 0.7109375 0.103125 0.1
0 0.33203125 0.6375 0.0953125 0.1
0 0.31484375 0.48515625 0.1109375 0.1125
0 0.2390625 0.4015625 0.103125 0.0984375
0 0.1578125 0.3390625 0.09296875 0.10625
0 0.09140625 0.26171875 0.08203125 0.09296875
0 0.0375 0.19375 0.07421875 0.115625
0 0.0375 0.36171875 0.07421875 0.11875
0 0.0921875 0.42109375 0.096875 0.1046875
0 0.1546875 0.48671875 0.0984375 0.109375
0 0.09140625 0.57109375 0.1078125 0.1046875
0 0.03515625 0.47578125 0.06953125 0.11875
0 0.03203125 0.6453125 0.06328125 0.0953125
0 0.08828125 0.70859375 0.1046875 0.1109375
0 0.16484375 0.78671875 0.1109375 0.1078125
0 0.23515625 0.8703125 0.121875 0.1234375
0 0.31328125 0.78984375 0.1078125 0.1046875
0 0.3828125 0.87578125 0.1015625 0.08671875
0 0.4640625 0.94296875 0.08359375 0.07890625
0 0.39453125 0.97421875 0.0953125 0.0515625
0 0.3234375 0.94921875 0.103125 0.1015625
0 0.2421875 0.9890625 0.07578125 0.021875
0 0.1734375 0.9421875 0.11875 0.08671875
0 0.0921875 0.978125 0.1 0.04375
0 0.03359375 0.94609375 0.06640625 0.0953125
0 0.03359375 0.790625 0.06640625 0.115625
0 0.75859375 0.94375 0.08671875 0.08984375
0 0.825 0.978125 0.0875 0.04375
0 0.97421875 0.8734375 0.0515625 0.109375
0 0.603125 0.80390625 0.06640625 0.07265625