0 0.28125 0.875 0.1265625 0.125
0 0.3609375 0.8 0.121875 0.13125
0 0.43203125 0.7046875 0.1296875 0.128125
0 0.50234375 0.62578125 0.1359375 0.1109375
0 0.565625 0.56796875 0.0984375 0.09375
0 0.4953125 0.921875 0.10625 0.09375
0 0.56328125 0.96796875 0.0953125 0.0609375
0 0.503125 0.8015625 0.084375 0.078125
0 0.5671875 0.85859375 0.096875 0.0984375
0 0.65703125 0.92578125 0.1171875 0.1078125
0 0.63828125 0.490625 0.1046875 0.10625
0 0.73046875 0.41484375 0.1109375 0.1015625
0 0.78828125 0.34140625 0.0984375 0.09375
0 0.86640625 0.25859375 0.0984375 0.1015625
0 0.93828125 0.1796875 0.0953125 0.1
0 0.97890625 0.1125 0.0421875 0.121875
0 0.98203125 0.25390625 0.0359375 0.1171875
0 0.87890625 0.421875 0.1015625 0.115625
0 0.79921875 0.49453125 0.0671875 0.0734375
0 0.725 0.55078125 0.115625 0.1109375
0 0.6515625 0.63515625 0.084375 0.0984375
0 0.5875 0.7125 0.096875 0.1125
0 0.646875 0.79375 0.090625 0.103125
0 0.71484375 0.7140625 0.1109375 0.10625
0 0.7953125 0.63359375 0.10625 0.1109375
0 0.86171875 0.55390625 0.1140625 0.1078125
0 0.93125 0.62890625 0.096875 0.1015625
0 0.8640625 0.71953125 0.096875 0.0953125
0 0.7984375 0.77578125 0.096875 0.0984375
0 0.7125 0.85 0.08125 0.090625
0 0.7953125 0.92421875 0.090625 0.0984375
0 0.73125 0.9609375 0.109375 0.078125
0 0.85234375 0.8546875 0.0953125 0.1
0 0.925 0.77421875 0.1 0.0953125
0 0.978125 0.72109375 0.04375 0.1296875
0 0.97578125 0.5765625 0.0453125 0.121875
0 0.97890625 0.88125 0.0421875 0.121875
0 0.93046875 0.9390625 0.1015625 0.121875