0 0.634375 0.06484375 0.1046875 0.0984375
0 0.78046875 0.0578125 0.096875 0.08984375
0 0.70234375 0.13359375 0.1015625 0.0984375
0 0.62578125 0.2109375 0.07421875 0.07421875
0 0.5609375 0.2734375 0.08359375 0.08828125
0 0.49375 0.21328125 0.1078125 0.1109375
0 0.41640625 0.28828125 0.08203125 0.08515625
0 0.921875 0.071875 0.08984375 0.08046875
0 0.846875 0.14453125 0.07578125 0.08359375
0 0.78046875 0.2125 0.08046875 0.07734375
0 0.9796875 0.16328125 0.040625 0.1046875
0 0.9296875 0.22421875 0.05859375 0.07734375
0 0.8515625 0.284375 0.1078125 0.1
0 0.93515625 0.35859375 0.08828125 0.09296875
0 0.85546875 0.44296875 0.08359375 0.08828125
0 0.784375 0.5234375 0.08359375 0.08203125
0 0.71171875 0.43125 0.08515625 0.08671875
0 0.703125 0.5921875 0.09296875 0.1
0 0.778125 0.66953125 0.09140625 0.0953125
0 0.928125 0.525 0.09296875 0.09140625
0 0.8625 0.584375 0.09140625 0.08359375
0 0.92265625 0.6609375 0.0984375 0.103125
0 0.98359375 0.5859375 0.0328125 0.1375
0 0.98515625 0.7484375 0.0296875 0.1265625
0 0.925 0.821875 0.08359375 0.08671875
0 0.79140625 0.80703125 0.1234375 0.1109375
0 0.71484375 0.7375 0.09140625 0.0984375
0 0.6421875 0.81875 0.0953125 0.103125
0 0.578125 0.8984375 0.10625 0.1109375
0 0.634375 0.95859375 0.0953125 0.08203125
0 0.784375 0.95625 0.08984375 0.08671875
0 0.56953125 0.42578125 0.0984375 0.08203125
0 0.49375 0.51171875 0.08515625 0.08984375
0 0.415625 0.5875 0.1 0.08984375
0 0.42421875 0.7375 0.08828125 0.08203125
0 0.3484375 0.8109375 0.08203125 0.08671875
0 0.4140625 0.9 0.07578125 0.08203125
0 0.49609375 0.9625 0.08046875 0.07421875
0 0.3484375 0.95625 0.09140625 0.08671875
0 0.28203125 0.88984375 0.0984375 0.109375
0 0.41171875 0.02265625 0.0671875 0.0453125
0 0.2625 0.02265625 0.121875 0.0453125
0 0.26953125 0.11953125 0.08984375 0.096875
0 0.2765625 0.271875 0.1015625 0.1015625
0 0.2734375 0.4296875 0.1140625 0.115625
0 0.34765625 0.50859375 0.09296875 0.09296875
0 0.271875 0.584375 0.08515625 0.07578125
0 0.190625 0.0625 0.08984375 0.115625
0 0.12578125 0.13671875 0.1 0.1
0 0.046875 0.0640625 0.09296875 0.103125
0 0.05234375 0.21015625 0.1046875 0.1359375
0 0.053125 0.33984375 0.10625 0.0953125
0 0.1078125 0.41953125 0.0984375 0.0953125
0 0.19609375 0.3546875 0.1046875 0.1078125
0 0.05859375 0.49296875 0.0953125 0.1
0 0.19453125 0.51171875 0.0984375 0.10625
0 0.11953125 0.5890625 0.096875 0.09296875
0 0.1984375 0.65859375 0.10625 0.0984375
0 0.26796875 0.74140625 0.103125 0.10625
0 0.33671875 0.6703125 0.08828125 0.096875
0 0.13203125 0.74296875 0.08671875 0.1
0 0.05234375 0.6625 0.1046875 0.10625
0 0.01953125 0.5625 0.0390625 0.128125
0 0.13046875 0.884375 0.09296875 0.0984375
0 0.20234375 0.95625 0.1078125 0.08671875
0 0.071875 0.95234375 0.08984375 0.0953125
0 0.01484375 0.89765625 0.0296875 0.134375