0 0.10625 0.64921875 0.0875 0.0859375
0 0.1796875 0.70234375 0.078125 0.0765625
0 0.0390625 0.71328125 0.078125 0.1015625
0 0.09609375 0.78984375 0.0984375 0.0953125
0 0.45859375 0.709375 0.0796875 0.090625
0 0.46015625 0.86171875 0.0921875 0.0984375
0 0.5453125 0.775 0.1125 0.103125
0 0.60234375 0.70546875 0.1015625 0.0984375
0 0.6671875 0.6328125 0.09375 0.0984375
0 0.684375 0.48203125 0.109375 0.1109375
0 0.759375 0.4 0.1015625 0.096875
0 0.83984375 0.33828125 0.0921875 0.1046875
0 0.9046875 0.26171875 0.08125 0.0921875
0 0.9609375 0.19453125 0.078125 0.1140625
0 0.9609375 0.36015625 0.078125 0.1171875
0 0.90390625 0.41875 0.0953125 0.103125
0 0.8421875 0.48359375 0.096875 0.1078125
0 0.9046875 0.5671875 0.10625 0.103125
0 0.96328125 0.47265625 0.0734375 0.1171875
0 0.96640625 0.640625 0.0671875 0.09375
0 0.9078125 0.703125 0.103125 0.109375
0 0.8328125 0.7796875 0.109375 0.10625
0 0.76328125 0.8625 0.1203125 0.121875
0 0.6859375 0.7828125 0.10625 0.103125
0 0.6171875 0.86796875 0.1 0.0859375
0 0.53671875 0.934375 0.0828125 0.078125
0 0.60625 0.9703125 0.09375 0.059375
0 0.67578125 0.9453125 0.1015625 0.109375
0 0.75625 0.984375 0.075 0.03125
0 0.82421875 0.93359375 0.1171875 0.0859375
0 0.90390625 0.97421875 0.0984375 0.0515625
0 0.96484375 0.9375 0.0703125 0.09375
0 0.96484375 0.78359375 0.0703125 0.1140625
0 0.24609375 0.93515625 0.0859375 0.0890625
0 0.18125 0.97421875 0.0875 0.0515625
0 0.0296875 0.86640625 0.059375 0.1078125
0 0.4 0.796875 0.065625 0.071875