0 0.9765625 0.9625 0.046875 0.071875
0 0.9203125 0.990625 0.08359375 0.01875
0 0.925 0.88203125 0.07421875 0.06171875
0 0.92265625 0.72734375 0.0953125 0.09296875
0 0.97421875 0.49375 0.0515625 0.078125
0 0.91796875 0.415625 0.0953125 0.1
0 0.85703125 0.48828125 0.09296875 0.08671875
0 0.91484375 0.5640625 0.1015625 0.08046875
0 0.3140625 0.890625 0.09140625 0.08515625
0 0.3171875 0.996875 0.07109375 0.00625
0 0.5484375 0.953125 0.09296875 0.09296875
0 0.61328125 0.88828125 0.08671875 0.08984375
0 0.828125 0.6703125 0.1 0.08671875
0 0.759375 0.57734375 0.07890625 0.08359375
0 0.6921875 0.5125 0.08828125 0.08671875
0 0.61875 0.42578125 0.1015625 0.1046875
0 0.6921875 0.34921875 0.134375 0.11875
0 0.5375 0.33984375 0.07421875 0.06953125
0 0.4625 0.41640625 0.08046875 0.07109375
0 0.390625 0.490625 0.1140625 0.1171875
0 0.53359375 0.5078125 0.06640625 0.05078125
0 0.6109375 0.59140625 0.1078125 0.08671875
0 0.68828125 0.64921875 0.1046875 0.08671875
0 0.7546875 0.734375 0.1140625 0.1140625
0 0.85703125 0.8125 0.13125 0.103125
0 0.8421875 0.95703125 0.103125 0.08515625
0 0.77578125 0.89375 0.134375 0.1390625
0 0.69609375 0.81328125 0.0953125 0.0984375
0 0.6125 0.74375 0.1203125 0.1234375
0 0.54921875 0.65390625 0.0984375 0.096875
0 0.46484375 0.58359375 0.1078125 0.1203125
0 0.54140625 0.8125 0.09140625 0.096875
0 0.47421875 0.7390625 0.096875 0.1078125
0 0.39765625 0.66171875 0.06796875 0.07890625
0 0.3234375 0.56484375 0.07421875 0.07578125
0 0.3390625 0.72265625 0.08046875 0.08046875
0 0.26171875 0.634375 0.07734375 0.0953125
0 0.17578125 0.5953125 0.1078125 0.1421875
0 0.259375 0.50703125 0.1078125 0.11875
0 0.17734375 0.41796875 0.1046875 0.0984375
0 0.08828125 0.5171875 0.06015625 0.06640625
0 0.03671875 0.5734375 0.07265625 0.115625
0 0.03984375 0.73828125 0.07890625 0.07421875
0 0.1796875 0.73828125 0.115625 0.096875
0 0.24296875 0.80234375 0.06171875 0.04453125
0 0.1796875 0.88828125 0.09296875 0.08984375
0 0.253125 0.96484375 0.0953125 0.06953125
0 0.18828125 0.98671875 0.06015625 0.0265625
0 0.09765625 0.953125 0.115625 0.09296875
0 0.04375 0.86875 0.08671875 0.1140625
0 0.03046875 0.9703125 0.0609375 0.059375
0 0.1015625 0.78828125 0.08203125 0.07890625
0 0.23984375 0.34765625 0.07421875 0.06796875
0 0.321875 0.2890625 0.1078125 0.09296875
0 0.39375 0.20234375 0.07578125 0.06328125
0 0.2484375 0.19453125 0.08203125 0.08515625
0 0.1625 0.27734375 0.08046875 0.07265625
0 0.1 0.1859375 0.06953125 0.06171875
0 0.0078125 0.03671875 0.015625 0.05390625
0 0.03828125 0.26328125 0.07578125 0.08046875
0 0.18671875 0.103125 0.08359375 0.07578125
0 0.21171875 0.028125 0.1734375 0.05625
0 0.4140625 0.04375 0.109375 0.08671875
0 0.55390625 0.19140625 0.05703125 0.04921875
0 0.69921875 0.2109375 0.09140625 0.08671875
0 0.628125 0.1171875 0.0984375 0.0984375
0 0.55078125 0.02734375 0.0953125 0.0546875
0 0.70390625 0.02890625 0.0890625 0.0578125
0 0.7671875 0.1109375 0.0953125 0.08515625
0 0.840625 0.17890625 0.1 0.0953125
0 0.93125 0.26171875 0.109375 0.1125
0 0.96328125 0.36171875 0.07265625 0.14375
0 0.9703125 0.1890625 0.059375 0.115625
0 0.90390625 0.11171875 0.10625 0.1078125
0 0.846875 0.0453125 0.1296875 0.08984375
0 0.96328125 0.05078125 0.07265625 0.1015625
0 0.01015625 0.3390625 0.0203125 0.05859375