0 0.9203125 0.99296875 0.06796875 0.0140625
0 0.85078125 0.94609375 0.07421875 0.07890625
0 0.97421875 0.83046875 0.0515625 0.1109375
0 0.921875 0.73828125 0.08984375 0.10625
0 0.84609375 0.8078125 0.10625 0.1125
0 0.77890625 0.875 0.096875 0.08515625
0 0.71171875 0.9421875 0.0953125 0.09296875
0 0.7625 0.9890625 0.09140625 0.021875
0 0.49453125 0.98203125 0.0921875 0.0359375
0 0.55625 0.95390625 0.06796875 0.06953125
0 0.62421875 0.88671875 0.07421875 0.07109375
0 0.703125 0.80390625 0.08984375 0.08359375
0 0.76875 0.7234375 0.08515625 0.09140625
0 0.84609375 0.6609375 0.10625 0.09140625
0 0.9734375 0.67734375 0.053125 0.1421875
0 0.98046875 0.52109375 0.0390625 0.1109375
0 0.47890625 0.87265625 0.096875 0.07421875
0 0.05 0.9890625 0.07421875 0.021875
0 0.00625 0.93515625 0.0125 0.05703125
0 0.26484375 0.95390625 0.08046875 0.07890625
0 0.18984375 0.86640625 0.0953125 0.09296875
0 0.33125 0.87578125 0.08984375 0.08984375
0 0.41328125 0.8 0.07578125 0.05546875
0 0.2515625 0.79375 0.08203125 0.07421875
0 0.1890625 0.7234375 0.07421875 0.07578125
0 0.32421875 0.7296875 0.08828125 0.07890625
0 0.5421875 0.80234375 0.08046875 0.08203125
0 0.621875 0.7296875 0.0953125 0.0953125
0 0.6921875 0.65390625 0.096875 0.11875
0 0.7703125 0.58359375 0.1140625 0.1296875
0 0.83046875 0.49765625 0.1046875 0.10625
0 0.89765625 0.43984375 0.103125 0.1171875
0 0.96484375 0.3625 0.06953125 0.1328125
0 0.91484375 0.278125 0.0953125 0.1203125
0 0.82734375 0.2125 0.1265625 0.121875
0 0.83984375 0.35703125 0.1078125 0.125
0 0.76640625 0.43046875 0.08984375 0.1140625
0 0.753125 0.2765625 0.1015625 0.1109375
0 0.6859375 0.35390625 0.08359375 0.103125
0 0.61484375 0.275 0.08359375 0.09140625
0 0.61875 0.40859375 0.1328125 0.0953125
0 0.6890625 0.490625 0.11875 0.1015625
0 0.625 0.56015625 0.1140625 0.1046875
0 0.5640625 0.48125 0.1 0.08828125
0 0.4734375 0.4265625 0.1234375 0.121875
0 0.55625 0.6390625 0.1 0.1140625
0 0.47890625 0.72265625 0.103125 0.121875
0 0.4 0.6578125 0.1015625 0.1078125
0 0.26484375 0.63828125 0.08984375 0.07421875
0 0.33203125 0.5765625 0.1046875 0.08359375
0 0.4046875 0.50546875 0.1015625 0.1
0 0.04609375 0.721875 0.09140625 0.0953125
0 0.10625 0.65546875 0.1140625 0.10625
0 0.1765625 0.5640625 0.10625 0.08984375
0 0.31328125 0.43359375 0.1015625 0.1046875
0 0.39375 0.34765625 0.0984375 0.08359375
0 0.03828125 0.5828125 0.07578125 0.134375
0 0.11171875 0.5015625 0.11875 0.1140625
0 0.18203125 0.42421875 0.1046875 0.1265625
0 0.25078125 0.3484375 0.1078125 0.1171875
0 0.321875 0.2765625 0.115625 0.1390625
0 0.38671875 0.2078125 0.1265625 0.13125
0 0.0421875 0.44453125 0.08359375 0.1421875
0 0.01015625 0.3359375 0.0203125 0.07109375
0 0.1109375 0.36484375 0.1203125 0.103125
0 0.17578125 0.27265625 0.1171875 0.115625
0 0.2453125 0.20859375 0.1296875 0.1328125
0 0.09765625 0.2 0.1 0.10625
0 0.04609375 0.265625 0.09140625 0.1265625
0 0.034375 0.14765625 0.06796875 0.134375
0 0.1125 0.053125 0.1421875 0.10625
0 0.034375 0.04609375 0.06796875 0.09140625
0 0.26640625 0.05859375 0.17890625 0.1171875
0 0.325 0.12109375 0.1234375 0.10625
0 0.3984375 0.053125 0.09140625 0.08984375
0 0.47109375 0.121875 0.08046875 0.09140625
0 0.53984375 0.2046875 0.1078125 0.10625
0 0.678125 0.21484375 0.09296875 0.07265625
0 0.61328125 0.13359375 0.1125 0.09296875
0 0.53515625 0.0546875 0.0953125 0.08359375
0 0.46796875 0.0296875 0.0703125 0.059375
0 0.6609375 0.0515625 0.16015625 0.103125
0 0.8375 0.06875 0.128125 0.08984375
0 0.9125 0.15 0.06796875 0.06953125
0 0.96640625 0.07265625 0.06640625 0.1203125
0 0.8984375 0.02265625 0.10625 0.0453125
0 0.78046875 0.01796875 0.0734375 0.0359375