0 0.76171875 0.93125 0.1484375 0.1375
0 0.66640625 0.8484375 0.14375 0.1546875
0 0.58203125 0.7359375 0.153125 0.1515625
0 0.49921875 0.64296875 0.16015625 0.13125
0 0.42421875 0.575 0.11640625 0.1109375
0 0.50703125 0.96875 0.12578125 0.0625
0 0.4984375 0.85078125 0.1 0.0921875
0 0.42265625 0.91796875 0.1140625 0.11640625
0 0.31640625 0.96640625 0.13828125 0.06640625
0 0.33828125 0.48359375 0.1234375 0.12578125
0 0.2296875 0.39375 0.13125 0.1203125
0 0.16171875 0.30703125 0.11640625 0.1109375
0 0.06953125 0.209375 0.11640625 0.1203125
0 0.0203125 0.11640625 0.040625 0.11796875
0 0.05703125 0.40234375 0.1140625 0.13671875
0 0.1484375 0.48828125 0.0796875 0.08671875
0 0.2359375 0.5546875 0.13671875 0.13125
0 0.32265625 0.65390625 0.1 0.11640625
0 0.3984375 0.7453125 0.1140625 0.1328125
0 0.328125 0.84140625 0.10703125 0.121875
0 0.2484375 0.746875 0.13125 0.12578125
0 0.153125 0.65234375 0.12578125 0.13125
0 0.075 0.5578125 0.134375 0.12734375
0 0.025 0.646875 0.05 0.1203125
0 0.071875 0.75390625 0.1140625 0.1125
0 0.14921875 0.8203125 0.1140625 0.11640625
0 0.25078125 0.9078125 0.09609375 0.10703125
0 0.153125 0.96875 0.10703125 0.0625
0 0.0859375 0.91328125 0.1125 0.11796875
0 0.0296875 0.81796875 0.059375 0.1125