0 0.97265625 0.40625 0.05390625 0.0953125
0 0.9265625 0.33828125 0.1015625 0.096875
0 0.8625 0.25546875 0.0953125 0.08828125
0 0.79765625 0.1703125 0.103125 0.0984375
0 0.70234375 0.115625 0.103125 0.09375
0 0.62109375 0.04375 0.11171875 0.08671875
0 0.540625 0.109375 0.11484375 0.11171875
0 0.62265625 0.178125 0.0984375 0.103125
0 0.703125 0.25234375 0.0953125 0.1046875
0 0.77734375 0.3328125 0.128125 0.128125
0 0.85390625 0.41015625 0.0953125 0.1015625
0 0.928125 0.4875 0.1046875 0.11640625
0 0.84765625 0.57421875 0.1078125 0.103125
0 0.77421875 0.4859375 0.12265625 0.12265625
0 0.84453125 0.7265625 0.11484375 0.11171875
0 0.92734375 0.8171875 0.10625 0.11328125
0 0.9734375 0.87890625 0.05234375 0.12109375
0 0.93671875 0.9484375 0.1265625 0.103125
0 0.86484375 0.984375 0.10625 0.03125
0 0.784375 0.953125 0.103125 0.08984375
0 0.78125 0.80234375 0.096875 0.1
0 0.71796875 0.88203125 0.0984375 0.12109375
0 0.4 0.09765625 0.1015625 0.10625
0 0.46328125 0.18359375 0.08984375 0.0921875
0 0.54453125 0.253125 0.0921875 0.0921875
0 0.621875 0.3328125 0.1 0.1015625
0 0.55078125 0.41953125 0.0953125 0.0953125
0 0.62265625 0.48828125 0.11484375 0.1015625
0 0.70390625 0.5859375 0.07734375 0.0984375
0 0.62734375 0.646875 0.10625 0.10625
0 0.55234375 0.71875 0.1015625 0.10625
0 0.4765625 0.803125 0.10625 0.0921875
0 0.40546875 0.8796875 0.1 0.10625
0 0.559375 0.89453125 0.0984375 0.103125
0 0.4828125 0.9578125 0.11640625 0.08359375
0 0.55703125 0.990625 0.08203125 0.01796875
0 0.25625 0.98515625 0.103125 0.0296875
0 0.6421875 0.796875 0.0609375 0.05546875
0 0.31796875 0.0375 0.1359375 0.075
0 0.2296875 0.1 0.11484375 0.12109375
0 0.1453125 0.04453125 0.11953125 0.08828125
0 0.07890625 0.1109375 0.07578125 0.11015625
0 0.15390625 0.18984375 0.08515625 0.096875
0 0.32109375 0.18203125 0.0953125 0.0953125
0 0.2421875 0.26015625 0.08984375 0.103125
0 0.38046875 0.2609375 0.0921875 0.0984375
0 0.46640625 0.33671875 0.1 0.11015625
0 0.38046875 0.421875 0.0921875 0.09375
0 0.48046875 0.49375 0.0984375 0.0953125
0 0.309375 0.32890625 0.11171875 0.103125
0 0.23125 0.40703125 0.1046875 0.11328125
0 0.328125 0.484375 0.0921875 0.103125
0 0.2515625 0.56953125 0.0953125 0.0984375
0 0.31875 0.65390625 0.09375 0.0984375
0 0.084375 0.26015625 0.11015625 0.11953125
0 0.02890625 0.34765625 0.05703125 0.11484375
0 0.08125 0.42578125 0.1 0.12265625
0 0.16015625 0.49609375 0.08984375 0.1
0 0.08046875 0.56015625 0.1015625 0.08984375
0 0.1640625 0.65 0.1078125 0.12265625
0 0.2453125 0.73125 0.0984375 0.0953125
0 0.1640625 0.80703125 0.07578125 0.09375
0 0.1015625 0.88203125 0.11171875 0.08515625
0 0.04375 0.8046875 0.08671875 0.12109375
0 0.03984375 0.6609375 0.0796875 0.11875
0 0.0296875 0.49453125 0.059375 0.1390625
0 0.54296875 0.5921875 0.07890625 0.0953125
0 0.0328125 0.95 0.065625 0.1