0 0.55078125 0.1453125 0.11171875 0.10859375
0 0.63671875 0.2375 0.11328125 0.11875
0 0.72578125 0.3046875 0.1015625 0.103125
0 0.79296875 0.3953125 0.10703125 0.115625
0 0.878125 0.146875 0.10859375 0.1015625
0 0.94375 0.22578125 0.11171875 0.1015625
0 0.46875 0.40234375 0.1015625 0.11171875
0 0.5484375 0.47734375 0.1 0.10859375
0 0.46484375 0.5609375 0.10859375 0.11328125
0 0.7953125 0.896875 0.09453125 0.09765625
0 0.87578125 0.965625 0.10859375 0.06796875
0 0.71328125 0.95703125 0.10859375 0.0859375
0 0.64140625 0.88984375 0.11171875 0.1015625
0 0.55078125 0.815625 0.09453125 0.103125
0 0.45625 0.73203125 0.115625 0.10703125
0 0.38984375 0.65234375 0.1015625 0.1046875
0 0.296875 0.57265625 0.11171875 0.11328125
0 0.315625 0.725 0.103125 0.1015625
0 0.3765625 0.82578125 0.11015625 0.103125
0 0.3109375 0.8875 0.10859375 0.103125
0 0.24140625 0.7875 0.10859375 0.10703125
0 0.1515625 0.71328125 0.12421875 0.115625
0 0.06796875 0.646875 0.0875 0.09296875
0 0.1390625 0.5578125 0.11328125 0.11875
0 0.06328125 0.48359375 0.12578125 0.1171875
0 0.02578125 0.3859375 0.0515625 0.125
0 0.01953125 0.2265625 0.03828125 0.11015625
0 0.86875 0.31328125 0.1046875 0.1015625
0 0.3828125 0.1390625 0.1046875 0.09296875
0 0.30859375 0.21484375 0.14140625 0.115625
0 0.21328125 0.3015625 0.11171875 0.103125
0 0.30078125 0.38828125 0.11171875 0.12265625
0 0.37421875 0.321875 0.09765625 0.1015625
0 0.4609375 0.2296875 0.134375 0.1171875
0 0.5578125 0.32265625 0.1046875 0.11015625
0 0.6421875 0.3921875 0.1203125 0.1203125
0 0.71328125 0.48046875 0.090625 0.09453125
0 0.6421875 0.559375 0.103125 0.09453125
0 0.95546875 0.40390625 0.0890625 0.09765625
0 0.8796875 0.4921875 0.11875 0.103125
0 0.796875 0.5765625 0.09765625 0.1046875
0 0.715625 0.64921875 0.0859375 0.08203125
0 0.640625 0.72734375 0.09765625 0.1015625
0 0.55234375 0.6390625 0.10859375 0.10703125
0 0.94375 0.5609375 0.1046875 0.090625
0 0.87578125 0.6484375 0.1015625 0.1015625
0 0.80234375 0.73203125 0.09765625 0.10703125
0 0.71953125 0.81171875 0.10703125 0.1015625
0 0.94765625 0.7453125 0.1046875 0.103125
0 0.86640625 0.828125 0.11015625 0.1
0 0.9515625 0.90859375 0.09609375 0.12421875
0 0.8 0.046875 0.103125 0.09375
0 0.71796875 0.15 0.103125 0.1015625
0 0.63203125 0.05390625 0.10703125 0.1015625
0 0.45625 0.05234375 0.1015625 0.0875
0 0.31484375 0.0515625 0.075 0.0859375
0 0.228125 0.13984375 0.11015625 0.11171875
0 0.14140625 0.05078125 0.10859375 0.1015625
0 0.06328125 0.1390625 0.1015625 0.11015625
0 0.01953125 0.0515625 0.03828125 0.103125
0 0.13671875 0.23046875 0.11875 0.11171875
0 0.028125 0.70546875 0.05625 0.10703125
0 0.06796875 0.8078125 0.115625 0.12265625
0 0.14140625 0.88984375 0.10859375 0.10859375
0 0.228125 0.95703125 0.11015625 0.0859375
0 0.409375 0.95859375 0.1328125 0.08203125
0 0.0234375 0.8953125 0.046875 0.11171875
0 0.38515625 0.4796875 0.103125 0.103125
0 0.95078125 0.07578125 0.0703125 0.071875