0 0.28359375 0.1078125 0.11015625 0.11015625
0 0.2015625 0.203125 0.1046875 0.08671875
0 0.109375 0.28203125 0.09765625 0.08515625
0 0.11953125 0.4515625 0.1296875 0.12421875
0 0.28203125 0.4515625 0.1171875 0.115625
0 0.28671875 0.28671875 0.1078125 0.09375
0 0.359375 0.3484375 0.08359375 0.0796875
0 0.4390625 0.43203125 0.09375 0.09375
0 0.35546875 0.19609375 0.11171875 0.10078125
0 0.434375 0.27734375 0.103125 0.08671875
0 0.51953125 0.19140625 0.12421875 0.11015625
0 0.60703125 0.28125 0.11875 0.09375
0 0.696875 0.37109375 0.12421875 0.12265625
0 0.6171875 0.44765625 0.1203125 0.115625
0 0.6984375 0.5390625 0.12734375 0.12421875
0 0.60546875 0.6140625 0.1078125 0.09375
0 0.53046875 0.6953125 0.08828125 0.08125
0 0.60390625 0.78828125 0.11171875 0.1046875
0 0.68515625 0.6984375 0.090625 0.11328125
0 0.77578125 0.62421875 0.11171875 0.11328125
0 0.84765625 0.5203125 0.09609375 0.08359375
0 0.9359375 0.465625 0.09609375 0.10078125
0 0.9796875 0.37421875 0.040625 0.1203125
0 0.6046875 0.11015625 0.11328125 0.10625
0 0.696875 0.19453125 0.09375 0.09765625
0 0.440625 0.109375 0.1046875 0.09375
0 0.53984375 0.03828125 0.11875 0.0765625
0 0.86328125 0.2125 0.12734375 0.1421875
0 0.93984375 0.10546875 0.1203125 0.115625
0 0.8625 0.359375 0.1328125 0.115625
0 0.940625 0.2875 0.08671875 0.09609375
0 0.9796875 0.209375 0.040625 0.11015625
0 0.28046875 0.62109375 0.11328125 0.11875
0 0.359375 0.70625 0.1046875 0.1046875
0 0.4453125 0.6046875 0.10625 0.1046875
0 0.3640625 0.53515625 0.09375 0.08828125
0 0.53828125 0.5390625 0.09765625 0.09609375
0 0.109375 0.60546875 0.09765625 0.08671875
0 0.1734375 0.7015625 0.10625 0.10078125
0 0.03984375 0.703125 0.0796875 0.09375
0 0.1015625 0.79140625 0.09375 0.103125
0 0.18359375 0.88046875 0.09765625 0.1046875
0 0.26484375 0.79765625 0.10078125 0.09921875
0 0.35390625 0.87421875 0.10078125 0.09765625
0 0.44453125 0.7953125 0.09375 0.11171875
0 0.2703125 0.9625 0.09375 0.07421875
0 0.4359375 0.9625 0.10625 0.07421875
0 0.58984375 0.95625 0.09375 0.08671875
0 0.03203125 0.88046875 0.0640625 0.09375
0 0.1 0.9671875 0.08359375 0.065625
0 0.76328125 0.94453125 0.1046875 0.1109375
0 0.85703125 0.8828125 0.1046875 0.11015625
0 0.7703125 0.80078125 0.10078125 0.1296875
0 0.68359375 0.87265625 0.08671875 0.09375
0 0.86015625 0.03671875 0.11015625 0.07265625
0 0.93359375 0.6109375 0.12578125 0.12578125
0 0.990625 0.54453125 0.01875 0.1265625
0 0.84765625 0.6953125 0.09609375 0.09375
0 0.934375 0.79453125 0.103125 0.1171875
0 0.9765625 0.72109375 0.04609375 0.15078125
0 0.98203125 0.90625 0.03515625 0.1203125
0 0.928125 0.95625 0.09765625 0.08671875
0 0.69765625 0.03828125 0.09765625 0.0765625
0 0.98828125 0.03828125 0.0234375 0.0765625