0 0.38984375 0.0125 0.075 0.025
0 0.903125 0.0203125 0.12421875 0.03984375
0 0.7890625 0.07734375 0.0921875 0.1015625
0 0.92265625 0.18203125 0.10546875 0.13828125
0 0.84453125 0.3078125 0.09609375 0.11328125
0 0.72578125 0.27265625 0.1265625 0.13984375
0 0.6359375 0.059375 0.1265625 0.11875
0 0.03828125 0.04375 0.0765625 0.0875
0 0.12734375 0.0453125 0.07890625 0.08984375
0 0.21640625 0.2359375 0.12265625 0.134375
0 0.28515625 0.440625 0.0765625 0.0921875
0 0.52578125 0.26953125 0.1171875 0.13984375
0 0.4953125 0.08984375 0.11328125 0.13828125
0 0.94921875 0.384375 0.1015625 0.1203125
0 0.85546875 0.59375 0.1625 0.13046875
0 0.59453125 0.56484375 0.1015625 0.11875
0 0.6171875 0.43984375 0.08828125 0.1171875
0 0.428125 0.57265625 0.11328125 0.1265625
0 0.43515625 0.440625 0.08828125 0.0921875
0 0.2640625 0.575 0.084375 0.13828125
0 0.0796875 0.665625 0.09765625 0.14765625
0 0.11796875 0.4875 0.07890625 0.0515625
0 0.13515625 0.8609375 0.08203125 0.134375
0 0.26015625 0.69921875 0.12265625 0.13828125
0 0.41640625 0.73203125 0.1203125 0.11875
0 0.4125 0.86015625 0.11328125 0.1453125
0 0.30234375 0.8859375 0.0921875 0.109375
0 0.2765625 0.9875 0.1015625 0.025
0 0.56640625 0.7046875 0.08203125 0.11484375
0 0.54140625 0.85546875 0.08984375 0.12421875
0 0.65 0.753125 0.0578125 0.06328125
0 0.69609375 0.58046875 0.0671875 0.1109375
0 0.765625 0.71640625 0.1015625 0.1265625
0 0.77265625 0.89140625 0.12421875 0.08203125
0 0.65390625 0.87734375 0.0859375 0.06484375
0 0.7015625 0.9765625 0.109375 0.046875
0 0.5 0.9875 0.09609375 0.025
0 0.396875 0.9875 0.1 0.025
0 0.94375 0.76796875 0.1015625 0.1203125
0 0.90546875 0.95390625 0.1015625 0.0921875
0 0.8046875 0.47109375 0.14921875 0.12265625