0 0.04453125 0.153125 0.04765625 0.05703125
0 0.1125 0.41640625 0.04140625 0.06015625
0 0.18125 0.34609375 0.05234375 0.06796875
0 0.1578125 0.25859375 0.05234375 0.06796875
0 0.13125 0.17578125 0.05390625 0.06015625
0 0.2109375 0.18515625 0.04921875 0.05703125
0 0.23515625 0.2765625 0.04921875 0.06640625
0 0.33046875 0.30234375 0.05703125 0.06015625
0 0.30234375 0.21640625 0.04140625 0.06328125
0 0.38984375 0.24140625 0.04921875 0.05859375
0 0.28359375 0.4609375 0.04453125 0.07109375
0 0.2234375 0.52734375 0.04140625 0.06796875
0 0.2609375 0.37265625 0.05390625 0.07421875
0 0.7171875 0.2390625 0.03359375 0.06015625
0 0.634375 0.2171875 0.04140625 0.05859375
0 0.546875 0.19375 0.03984375 0.04921875
0 0.5671875 0.2828125 0.05546875 0.06796875
0 0.58984375 0.37265625 0.05390625 0.07421875
0 0.50234375 0.353125 0.03671875 0.06640625
0 0.525 0.43359375 0.04453125 0.06328125
0 0.440625 0.41484375 0.04921875 0.05703125
0 0.46484375 0.496875 0.05703125 0.06328125
0 0.3765625 0.4828125 0.04765625 0.06640625
0 0.3078125 0.54453125 0.05234375 0.06328125
0 0.4734375 0.26328125 0.05703125 0.07265625
0 0.3515625 0.39609375 0.04453125 0.05234375
0 0.1203125 0.94140625 0.08828125 0.0984375
0 0.0671875 0.81484375 0.03671875 0.05078125
0 0.15078125 0.8390625 0.0296875 0.04296875
0 0.24921875 0.86015625 0.03671875 0.05234375
0 0.22109375 0.771875 0.03671875 0.06015625
0 0.128125 0.7484375 0.04140625 0.06015625
0 0.1875 0.68515625 0.03984375 0.06015625
0 0.10390625 0.65703125 0.03984375 0.05078125
0 0.953125 0.55390625 0.09296875 0.1234375
0 0.09921875 0.5515625 0.07734375 0.103125
0 0.13984375 0.49375 0.03359375 0.04140625
0 0.2015625 0.44453125 0.03671875 0.06015625
0 0.08828125 0.3296875 0.05703125 0.07109375
0 0.06796875 0.23515625 0.05390625 0.06796875
0 0.04375 0.478125 0.03671875 0.04140625
0 0.0328125 0.38828125 0.04609375 0.06796875
0 0.01796875 0.30234375 0.0359375 0.0546875
0 0.253125 0.61328125 0.05390625 0.05859375
0 0.15390625 0.55703125 0.04609375 0.06328125
0 0.04140625 0.64140625 0.06328125 0.07734375
0 0.04375 0.7140625 0.04609375 0.04609375
0 0.29296875 0.68515625 0.06953125 0.07578125
0 0.3390625 0.64765625 0.05859375 0.05546875
0 0.35859375 0.72421875 0.05859375 0.06484375
0 0.28984375 0.78203125 0.06328125 0.06328125
0 0.4265625 0.6609375 0.05859375 0.07421875
0 0.4203125 0.33203125 0.07109375 0.07265625
0 0.94921875 0.12578125 0.07578125 0.096875
0 0.8921875 0.24609375 0.07265625 0.10625
0 0.80546875 0.26171875 0.04453125 0.05234375
0 0.74140625 0.32890625 0.05546875 0.06640625
0 0.66015625 0.30859375 0.03515625 0.05546875
0 0.6703125 0.3953125 0.04921875 0.08203125
0 0.70546875 0.490625 0.04140625 0.06640625
0 0.64296875 0.55078125 0.04921875 0.06640625
0 0.54765625 0.528125 0.04765625 0.06328125
0 0.490625 0.5921875 0.04765625 0.06484375
0 0.8171875 0.33515625 0.04765625 0.06328125
0 0.89140625 0.39609375 0.11875 0.146875
0 0.9765625 0.35703125 0.046875 0.1171875
0 0.93125 0.6671875 0.08671875 0.109375
0 0.77578125 0.41796875 0.05546875 0.07890625
0 0.8046875 0.5125 0.05859375 0.08515625
0 0.73203125 0.5640625 0.06015625 0.05546875
0 0.75546875 0.646875 0.04609375 0.06328125
0 0.68671875 0.6390625 0.05546875 0.06953125
0 0.5890625 0.61484375 0.05234375 0.07734375
0 0.61640625 0.46484375 0.05859375 0.07265625
0 0.7828125 0.7453125 0.05234375 0.06015625
0 0.696875 0.72578125 0.04609375 0.05234375
0 0.51953125 0.68828125 0.04921875 0.06640625
0 0.459375 0.7484375 0.06171875 0.06015625
0 0.390625 0.80546875 0.04453125 0.06328125
0 0.32265625 0.87421875 0.04453125 0.04921875
0 0.26796875 0.971875 0.0890625 0.05625
0 0.41875 0.8953125 0.03671875 0.04453125
0 0.4453125 0.965625 0.08359375 0.06796875
0 0.46953125 0.8328125 0.03359375 0.05546875
0 0.53046875 0.8859375 0.07734375 0.1453125
0 0.575 0.84921875 0.03984375 0.05546875
0 0.65546875 0.8828125 0.06796875 0.08203125
0 0.7140625 0.8078125 0.05859375 0.07421875
0 0.80078125 0.8375 0.07265625 0.06484375
0 0.73671875 0.9203125 0.07109375 0.08671875
0 0.915625 0.95546875 0.08671875 0.08828125
0 0.825 0.94375 0.1 0.1125
0 0.978125 0.940625 0.04375 0.090625
0 0.3875 0.5640625 0.1015625 0.09296875
0 0.5984375 0.70546875 0.04765625 0.06015625
0 0.54453125 0.77265625 0.05078125 0.06796875
0 0.62890625 0.78828125 0.06015625 0.07578125
0 0.97421875 0.22734375 0.0515625 0.0953125
0 0.81953125 0.59921875 0.05390625 0.06796875