0 0.290625 0.2890625 0.071875 0.0859375
0 0.3328125 0.08046875 0.11015625 0.115625
0 0.115625 0.5078125 0.06875 0.07578125
0 0.4265625 0.87578125 0.0625 0.0890625
0 0.5390625 0.8609375 0.115625 0.09921875
0 0.7109375 0.90859375 0.08359375 0.09921875
0 0.0640625 0.19375 0.12734375 0.16328125
0 0.8 0.2109375 0.1140625 0.10234375
0 0.96015625 0.225 0.0796875 0.1125
0 0.88515625 0.38671875 0.12734375 0.17890625
0 0.96171875 0.47890625 0.07578125 0.17109375
0 0.9640625 0.75390625 0.071875 0.16171875
0 0.94375 0.8515625 0.1125 0.12890625
0 0.83046875 0.571875 0.159375 0.1484375
0 0.76875 0.69296875 0.1578125 0.14296875
0 0.41328125 0.44765625 0.184375 0.18828125
0 0.446875 0.6578125 0.159375 0.1484375
0 0.28828125 0.79453125 0.13125 0.1859375
0 0.13515625 0.675 0.10625 0.11796875
0 0.14375 0.77578125 0.13515625 0.11015625
0 0.046875 0.60625 0.09296875 0.1140625
0 0.03046875 0.69765625 0.0609375 0.10625
0 0.0375 0.4125 0.075 0.134375
0 0.18046875 0.06953125 0.12890625 0.1234375