0 0.53984375 0.2015625 0.10546875 0.1359375
0 0.4171875 0.1734375 0.1171875 0.1359375
0 0.4375 0.31796875 0.08671875 0.0921875
0 0.30546875 0.1890625 0.09453125 0.146875
0 0.1953125 0.3609375 0.1265625 0.15078125
0 0.25859375 0.4890625 0.10546875 0.10546875
0 0.4078125 0.51796875 0.12265625 0.11484375
0 0.41953125 0.60625 0.1 0.08515625
0 0.4078125 0.75 0.12265625 0.1265625
0 0.62734375 0.6171875 0.12265625 0.1546875
0 0.5375 0.4625 0.12109375 0.146875
0 0.6171875 0.421875 0.0640625 0.08515625
0 0.6390625 0.3265625 0.1 0.12109375
0 0.74375 0.2546875 0.11328125 0.109375
0 0.78359375 0.41953125 0.11875 0.1453125
0 0.946875 0.45390625 0.10546875 0.1
0 0.96328125 0.57265625 0.0734375 0.13359375
0 0.928125 0.72734375 0.07578125 0.0921875
0 0.9765625 0.84921875 0.046875 0.071875
0 0.89140625 0.92578125 0.0734375 0.08515625
0 0.80390625 0.97734375 0.053125 0.0453125
0 0.7375 0.88671875 0.14375 0.1546875
0 0.81015625 0.76796875 0.0546875 0.06640625
0 0.571875 0.95859375 0.128125 0.0828125
0 0.41328125 0.94453125 0.12421875 0.1109375
0 0.8328125 0.6109375 0.14140625 0.21875
0 0.9546875 0.04140625 0.090625 0.0828125
0 0.928125 0.26796875 0.09453125 0.1359375
0 0.88984375 0.1234375 0.10390625 0.1375
0 0.8125 0.15546875 0.1 0.1
0 0.6875 0.0671875 0.08671875 0.12265625
0 0.83125 0.02890625 0.11875 0.0578125
0 0.23359375 0.06328125 0.11328125 0.1265625
0 0.490625 0.01875 0.11328125 0.0375
0 0.1359375 0.14921875 0.07578125 0.10546875
0 0.05546875 0.18515625 0.10390625 0.128125
0 0.28671875 0.68671875 0.09453125 0.12421875
0 0.2515625 0.7625 0.08125 0.08671875
0 0.24375 0.85625 0.08671875 0.08671875
0 0.190625 0.9453125 0.12421875 0.0828125
0 0.17421875 0.5984375 0.1109375 0.128125
0 0.159375 0.690625 0.06640625 0.0640625
0 0.03671875 0.71328125 0.0734375 0.071875
0 0.13203125 0.78125 0.109375 0.07578125
0 0.03515625 0.803125 0.06953125 0.0921875
0 0.02578125 0.9078125 0.05078125 0.09453125
0 0.1125 0.86015625 0.1109375 0.11328125
0 0.07421875 0.57421875 0.13046875 0.1453125
0 0.12265625 0.45859375 0.0625 0.0640625
0 0.1234375 0.28671875 0.05078125 0.06640625
0 0.028125 0.32734375 0.0453125 0.06640625