0 0.721875 0.44375 0.06875 0.090625
0 0.51640625 0.55234375 0.0953125 0.109375
0 0.29296875 0.65859375 0.0859375 0.0984375
0 0.22578125 0.82109375 0.0984375 0.1109375
0 0.0875 0.88125 0.0875 0.096875
0 0.46015625 0.70546875 0.1140625 0.1140625
0 0.475 0.93125 0.090625 0.1125
0 0.5875 0.89921875 0.103125 0.1109375
0 0.7125 0.92109375 0.075 0.0828125
0 0.60859375 0.79140625 0.0671875 0.0890625
0 0.6640625 0.5609375 0.1 0.096875
0 0.55625 0.3625 0.090625 0.109375
0 0.4296875 0.18046875 0.06875 0.0796875
0 0.315625 0.17890625 0.06875 0.084375
0 0.21015625 0.17890625 0.0515625 0.0671875
0 0.0953125 0.190625 0.05625 0.090625
0 0.1421875 0.17578125 0.059375 0.0703125
0 0.51484375 0.03359375 0.0984375 0.0671875
0 0.615625 0.040625 0.065625 0.08125
0 0.72265625 0.0265625 0.1015625 0.053125
0 0.72265625 0.22578125 0.1546875 0.1703125
0 0.8484375 0.365625 0.05625 0.090625
0 0.81796875 0.85234375 0.0796875 0.0890625
0 0.81953125 0.9703125 0.0984375 0.059375
0 0.153125 0.46640625 0.103125 0.1296875
0 0.06171875 0.5390625 0.0921875 0.115625
0 0.096875 0.66484375 0.146875 0.1265625
0 0.03671875 0.72421875 0.0734375 0.125
0 0.06796875 0.33828125 0.0890625 0.1296875
0 0.14140625 0.27109375 0.1015625 0.1265625
0 0.31015625 0.384375 0.0890625 0.11875
0 0.38828125 0.28671875 0.1578125 0.1359375
0 0.39453125 0.3921875 0.109375 0.11875
0 0.0328125 0.178125 0.05 0.065625
0 0.06875 0.03203125 0.1125 0.0546875
0 0.175 0.0359375 0.1 0.071875
0 0.36484375 0.0375 0.0515625 0.04375
0 0.38046875 0.0828125 0.0484375 0.046875
0 0.64609375 0.6640625 0.0890625 0.09375
0 0.3828125 0.834375 0.0703125 0.08125
0 0.17265625 0.8765625 0.0796875 0.090625