0 0.0734375 0.0515625 0.10625 0.103125
0 0.2296875 0.1671875 0.13125 0.10625
0 0.25234375 0.0296875 0.0984375 0.059375
0 0.4046875 0.11953125 0.090625 0.1296875
0 0.60625 0.06171875 0.09375 0.1171875
0 0.84609375 0.0328125 0.0984375 0.065625
0 0.9375 0.39296875 0.109375 0.1453125
0 0.7515625 0.321875 0.090625 0.134375
0 0.5953125 0.24921875 0.11875 0.0984375
0 0.38984375 0.29921875 0.1140625 0.1046875
0 0.2296875 0.3296875 0.084375 0.1125
0 0.07578125 0.24453125 0.0953125 0.0984375
0 0.02265625 0.409375 0.0453125 0.09375
0 0.29921875 0.63046875 0.0984375 0.1203125
0 0.30390625 0.4640625 0.0609375 0.075
0 0.5171875 0.4265625 0.075 0.103125
0 0.47265625 0.68046875 0.0921875 0.1265625
0 0.553125 0.65859375 0.059375 0.0890625
0 0.7203125 0.81875 0.090625 0.10625
0 0.6609375 0.66328125 0.11875 0.1640625
0 0.69765625 0.9453125 0.0671875 0.109375
0 0.903125 0.76484375 0.046875 0.0671875
0 0.98203125 0.80859375 0.0359375 0.1015625
0 0.95390625 0.70234375 0.0859375 0.1796875
0 0.2734375 0.95859375 0.078125 0.0828125
0 0.28515625 0.846875 0.0921875 0.109375
0 0.15703125 0.92265625 0.08125 0.1203125
0 0.06640625 0.76796875 0.0703125 0.0984375
0 0.09140625 0.640625 0.0953125 0.109375
0 0.14765625 0.51328125 0.0921875 0.1046875
0 0.5234375 0.98828125 0.046875 0.0234375
0 0.40859375 0.984375 0.0359375 0.03125
0 0.8125 0.96875 0.06875 0.0625
0 0.9390625 0.98828125 0.059375 0.0234375
0 0.59375 0.79140625 0.071875 0.1046875
0 0.090625 0.88359375 0.078125 0.0890625