0 0.8296875 0.81328125 0.05625 0.08125
0 0.971875 0.940625 0.05625 0.115625
0 0.94921875 0.8328125 0.08125 0.1015625
0 0.79375 0.9203125 0.0765625 0.1015625
0 0.6796875 0.79765625 0.1015625 0.178125
0 0.9 0.42421875 0.084375 0.11015625
0 0.9328125 0.296875 0.09296875 0.0984375
0 0.92890625 0.18359375 0.09453125 0.103125
0 0.984375 0.0484375 0.03046875 0.05234375
0 0.91875 0.00390625 0.040625 0.0078125
0 0.89453125 0.07578125 0.03359375 0.04609375
0 0.82109375 0.0171875 0.0390625 0.03359375
0 0.79296875 0.096875 0.03359375 0.05390625
0 0.7375 0.02890625 0.04375 0.05390625
0 0.71015625 0.121875 0.040625 0.04765625
0 0.6078125 0.14453125 0.03203125 0.0421875
0 0.634375 0.046875 0.0390625 0.05625
0 0.5765625 0.228125 0.078125 0.096875
0 0.7578125 0.2265625 0.08125 0.0765625
0 0.571875 0.00546875 0.04609375 0.01015625
0 0.50078125 0.096875 0.05234375 0.0640625
0 0.4765625 0.0171875 0.03359375 0.03359375
0 0.38203125 0.0296875 0.05234375 0.059375
0 0.26796875 0.15625 0.0609375 0.07109375
0 0.2890625 0.05078125 0.0421875 0.0640625
0 0.3484375 0.12109375 0.0421875 0.05234375
0 0.4859375 0.128125 0.0828125 0.12734375
0 0.578125 0.41640625 0.03359375 0.0421875
0 0.67109375 0.3796875 0.0578125 0.078125
0 0.78671875 0.51328125 0.10859375 0.10859375
0 0.80625 0.3265625 0.12734375 0.17421875
0 0.48125 0.57421875 0.1765625 0.18984375
0 0.4875 0.4140625 0.06953125 0.096875
0 0.63828125 0.58671875 0.1 0.0609375
0 0.2125 0.5375 0.0765625 0.1
0 0.24765625 0.309375 0.159375 0.1609375
0 0.06796875 0.21875 0.09453125 0.121875
0 0.17109375 0.21953125 0.10859375 0.1640625
0 0.1203125 0.51171875 0.09140625 0.10546875
0 0.0390625 0.43359375 0.078125 0.11171875
0 0.03515625 0.33515625 0.0703125 0.1078125
0 0.0203125 0.18359375 0.040625 0.096875
0 0.2015625 0.06640625 0.04765625 0.07109375
0 0.86640625 0.61953125 0.05078125 0.059375
0 0.878125 0.68046875 0.0609375 0.07265625
0 0.9703125 0.4625 0.059375 0.06796875
0 0.3625 0.77578125 0.159375 0.15078125
0 0.4578125 0.8640625 0.121875 0.115625
0 0.47265625 0.95390625 0.12578125 0.09140625
0 0.33125 0.96875 0.096875 0.0625
0 0.21015625 0.928125 0.0578125 0.08984375
0 0.11953125 0.98984375 0.09296875 0.0203125
0 0.09765625 0.8859375 0.096875 0.11015625
0 0.040625 0.95546875 0.08125 0.0890625
0 0.21953125 0.75390625 0.096875 0.12578125
0 0.09140625 0.734375 0.115625 0.15390625
0 0.021875 0.734375 0.04375 0.11015625
0 0.05625 0.61015625 0.11171875 0.115625
0 0.18046875 0.62578125 0.0828125 0.078125
0 0.3578125 0.6234375 0.07421875 0.06796875
0 0.31875 0.52734375 0.10546875 0.11171875
0 0.478125 0.25234375 0.05390625 0.04375
0 0.42890625 0.190625 0.06796875 0.04921875
0 0.33671875 0.20625 0.059375 0.0625