0 0.97734375 0.0140625 0.04140625 0.028125
0 0.94375 0.08828125 0.053125 0.06015625
0 0.8734375 0.02890625 0.04296875 0.0578125
0 0.853125 0.11875 0.04140625 0.06171875
0 0.83828125 0.209375 0.03828125 0.0578125
0 0.99296875 0.2484375 0.01328125 0.0578125
0 0.9328125 0.1828125 0.04140625 0.06640625
0 0.97265625 0.33984375 0.03515625 0.0578125
0 0.88203125 0.35859375 0.05 0.06015625
0 0.81171875 0.303125 0.04140625 0.0578125
0 0.78671875 0.05390625 0.04140625 0.0578125
0 0.76484375 0.140625 0.0515625 0.0734375
0 0.74453125 0.23125 0.0265625 0.046875
0 0.65390625 0.26015625 0.04140625 0.06171875
0 0.71953125 0.31875 0.0296875 0.046875
0 0.746875 0.4421875 0.08125 0.1265625
0 0.85703125 0.45625 0.04296875 0.0578125
0 0.6671875 0.51328125 0.0484375 0.053125
0 0.525 0.40234375 0.09296875 0.11328125
0 0.365625 0.4484375 0.09609375 0.1
0 0.3734375 0.33671875 0.0296875 0.04140625
0 0.46171875 0.31484375 0.04296875 0.0546875
0 0.5578125 0.27734375 0.03359375 0.05
0 0.62890625 0.35703125 0.03515625 0.05
0 0.6015625 0.43984375 0.03984375 0.05
0 0.5890625 0.53125 0.03828125 0.05
0 0.5546875 0.62578125 0.05 0.0546875
0 0.4890625 0.56640625 0.03828125 0.0578125
0 0.45859375 0.65078125 0.04296875 0.05
0 0.3953125 0.58984375 0.04296875 0.05625
0 0.29921875 0.6125 0.0296875 0.04453125
0 0.334375 0.71953125 0.09765625 0.109375
0 0.4625 0.75234375 0.14140625 0.1265625
0 0.8328125 0.546875 0.04140625 0.046875
0 0.740625 0.57734375 0.05 0.0578125
0 0.80859375 0.653125 0.05625 0.06640625
0 0.71328125 0.66875 0.0546875 0.0578125
0 0.69765625 0.078125 0.046875 0.0734375
0 0.60390625 0.10234375 0.0515625 0.06171875
0 0.58359375 0.18984375 0.04140625 0.05625
0 0.525 0.12265625 0.04296875 0.046875
0 0.425 0.153125 0.04296875 0.046875
0 0.45 0.0515625 0.04296875 0.06015625
0 0.54453125 0.03828125 0.046875 0.06015625
0 0.6359375 0.0171875 0.046875 0.034375
0 0.715625 0.01015625 0.03359375 0.0203125
0 0.67265625 0.16796875 0.0296875 0.053125
0 0.4953125 0.2109375 0.04296875 0.05
0 0.39921875 0.24453125 0.0515625 0.06328125
0 0.3140625 0.26640625 0.03984375 0.05
0 0.3375 0.17578125 0.046875 0.053125
0 0.36328125 0.08046875 0.03515625 0.03359375
0 0.37109375 0.0109375 0.0515625 0.021875
0 0.24453125 0.20546875 0.046875 0.0515625
0 0.27421875 0.1125 0.03671875 0.0484375
0 0.2890625 0.02109375 0.03359375 0.04140625
0 0.9328125 0.5171875 0.0484375 0.0546875
0 0.90546875 0.61640625 0.046875 0.053125
0 0.98671875 0.58671875 0.0265625 0.06015625
0 0.99453125 0.8265625 0.0109375 0.065625
0 0.215625 0.28984375 0.046875 0.0578125
0 0.94921875 0.43125 0.0484375 0.0578125
0 0.82734375 0.97734375 0.06015625 0.04453125
0 0.9625 0.9078125 0.0484375 0.0546875
0 0.7375 0.9796875 0.05625 0.03984375
0 0.77109375 0.9171875 0.05 0.06328125
0 0.68125 0.9125 0.046875 0.0578125
0 0.6609375 0.80625 0.11328125 0.16796875
0 0.5734375 0.77734375 0.08671875 0.109375
0 0.87421875 0.91171875 0.0484375 0.06328125
0 0.81953125 0.8359375 0.1015625 0.109375
0 0.9328125 0.97734375 0.04140625 0.04453125
0 0.20078125 0.71796875 0.103125 0.1375
0 0.25859375 0.828125 0.05 0.06171875
0 0.3546875 0.83203125 0.0515625 0.053125
0 0.4703125 0.90234375 0.11953125 0.1265625
0 0.5828125 0.928125 0.06640625 0.06171875
0 0.63984375 0.97578125 0.06328125 0.0484375
0 0.540625 0.98984375 0.06171875 0.0203125
0 0.43046875 0.9859375 0.03984375 0.028125
0 0.3546875 0.9859375 0.0578125 0.028125
0 0.26640625 0.97734375 0.06171875 0.04453125
0 0.3 0.91796875 0.0515625 0.0578125
0 0.2125 0.9125 0.053125 0.075
0 0.1609375 0.97734375 0.05625 0.04453125
0 0.11328125 0.90859375 0.046875 0.05625
0 0.153125 0.84296875 0.046875 0.0578125
0 0.06875 0.834375 0.0484375 0.0578125
0 0.02265625 0.9203125 0.04453125 0.06953125
0 0.07109375 0.97734375 0.053125 0.04453125
0 0.28515625 0.3609375 0.04140625 0.0578125
0 0.2484375 0.44921875 0.03828125 0.0515625
0 0.321875 0.52265625 0.03984375 0.0546875
0 0.234375 0.5515625 0.03359375 0.046875
0 0.165625 0.47890625 0.03828125 0.0515625
0 0.15234375 0.22578125 0.0484375 0.053125
0 0.17578125 0.13203125 0.04296875 0.05625
0 0.19140625 0.040625 0.0296875 0.04140625
0 0.103125 0.065625 0.03984375 0.0578125
0 0.03671875 0.01328125 0.03984375 0.0265625
0 0.015625 0.096875 0.03125 0.0515625
0 0.0734375 0.15390625 0.05 0.0578125
0 0.05 0.2484375 0.0296875 0.0578125
0 0.00546875 0.1828125 0.0109375 0.05
0 0.171875 0.36328125 0.03515625 0.084375
0 0.096875 0.40390625 0.04140625 0.06015625
0 0.12109375 0.3125 0.0265625 0.04140625
0 0.040625 0.67578125 0.08125 0.1328125
0 0.0578125 0.58125 0.0296875 0.03359375
0 0.075 0.49140625 0.03671875 0.04140625
0 0.1453125 0.5640625 0.03828125 0.0546875
0 0.00546875 0.396875 0.0109375 0.046875
0 0.01015625 0.31328125 0.0203125 0.1109375