0 0.04765625 0.03828125 0.0390625 0.0546875
0 0.0796875 0.121875 0.05 0.05625
0 0.1453125 0.0625 0.040625 0.0625
0 0.16484375 0.15078125 0.0390625 0.0578125
0 0.17890625 0.2359375 0.0359375 0.0546875
0 0.01953125 0.27265625 0.0390625 0.0546875
0 0.08984375 0.2109375 0.0390625 0.0625
0 0.05234375 0.35859375 0.0328125 0.0546875
0 0.1375 0.3765625 0.046875 0.05625
0 0.20390625 0.32421875 0.0390625 0.0546875
0 0.22734375 0.08984375 0.0390625 0.0546875
0 0.24765625 0.17109375 0.0484375 0.06875
0 0.2671875 0.25625 0.025 0.04375
0 0.35234375 0.28359375 0.0390625 0.0578125
0 0.290625 0.3390625 0.028125 0.04375
0 0.26484375 0.4546875 0.0765625 0.11875
0 0.1609375 0.46796875 0.040625 0.0546875
0 0.33984375 0.521875 0.0453125 0.05
0 0.4734375 0.4171875 0.0875 0.10625
0 0.6234375 0.4609375 0.090625 0.09375
0 0.615625 0.35546875 0.028125 0.0390625
0 0.5328125 0.33515625 0.040625 0.0515625
0 0.4421875 0.3 0.03125 0.046875
0 0.37578125 0.375 0.0328125 0.046875
0 0.4015625 0.453125 0.0375 0.046875
0 0.41328125 0.5390625 0.0359375 0.046875
0 0.4453125 0.62734375 0.046875 0.0515625
0 0.50703125 0.571875 0.0359375 0.0546875
0 0.5359375 0.6515625 0.040625 0.046875
0 0.5953125 0.59375 0.040625 0.053125
0 0.6859375 0.61484375 0.028125 0.0421875
0 0.65234375 0.715625 0.0921875 0.103125
0 0.53203125 0.746875 0.1328125 0.11875
0 0.18359375 0.553125 0.0390625 0.04375
0 0.2703125 0.58203125 0.046875 0.0546875
0 0.20625 0.653125 0.053125 0.0625
0 0.29609375 0.66796875 0.0515625 0.0546875
0 0.3109375 0.1125 0.04375 0.06875
0 0.39921875 0.13515625 0.0484375 0.0578125
0 0.41796875 0.21796875 0.0390625 0.053125
0 0.4734375 0.1546875 0.040625 0.04375
0 0.5671875 0.1828125 0.040625 0.04375
0 0.54375 0.0875 0.040625 0.05625
0 0.4546875 0.075 0.04375 0.05625
0 0.36875 0.04609375 0.04375 0.0515625
0 0.29453125 0.02890625 0.03125 0.0578125
0 0.334375 0.196875 0.028125 0.05
0 0.5015625 0.2375 0.040625 0.046875
0 0.59140625 0.26875 0.0484375 0.059375
0 0.671875 0.28984375 0.0375 0.046875
0 0.65 0.2046875 0.04375 0.05
0 0.62578125 0.11484375 0.0328125 0.03125
0 0.61796875 0.0296875 0.0484375 0.059375
0 0.7375 0.23203125 0.04375 0.0484375
0 0.709375 0.14453125 0.034375 0.0453125
0 0.6953125 0.05703125 0.03125 0.0421875
0 0.74453125 0.02421875 0.0671875 0.0484375
0 0.08984375 0.52578125 0.0453125 0.0515625
0 0.115625 0.61875 0.04375 0.05
0 0.03203125 0.590625 0.0390625 0.05625
0 0.01875 0.81796875 0.0375 0.0625
0 0.7640625 0.31171875 0.04375 0.0546875
0 0.07421875 0.44453125 0.0453125 0.0546875
0 0.0125 0.50625 0.025 0.05
0 0.1890625 0.96875 0.05625 0.0625
0 0.015625 0.96875 0.03125 0.0625
0 0.06171875 0.89296875 0.0453125 0.0515625
0 0.2734375 0.96640625 0.053125 0.0484375
0 0.2421875 0.9015625 0.046875 0.059375
0 0.3265625 0.89765625 0.04375 0.0546875
0 0.3453125 0.79765625 0.10625 0.1578125
0 0.428125 0.7703125 0.08125 0.103125
0 0.14453125 0.896875 0.0453125 0.059375
0 0.19609375 0.825 0.0953125 0.103125
0 0.08984375 0.96796875 0.0390625 0.0609375
0 0.778125 0.7140625 0.096875 0.1296875
0 0.72421875 0.81796875 0.046875 0.0578125
0 0.63359375 0.821875 0.0484375 0.05
0 0.525 0.8875 0.1125 0.11875
0 0.41875 0.91171875 0.0625 0.0578125
0 0.365625 0.96328125 0.059375 0.0578125
0 0.45859375 0.98046875 0.0578125 0.0390625
0 0.5625 0.97578125 0.0375 0.0453125
0 0.63359375 0.97578125 0.0546875 0.0453125
0 0.71640625 0.96640625 0.0578125 0.0578125
0 0.68515625 0.90234375 0.0484375 0.0546875
0 0.7671875 0.89765625 0.05 0.0703125
0 0.815625 0.96796875 0.053125 0.0609375
0 0.8609375 0.89375 0.04375 0.053125
0 0.8234375 0.83203125 0.04375 0.0546875
0 0.90234375 0.82421875 0.0453125 0.0546875
0 0.9859375 0.82109375 0.028125 0.0546875
0 0.946875 0.9046875 0.04375 0.065625
0 0.9 0.9640625 0.05 0.053125
0 0.98203125 0.96796875 0.0359375 0.0546875
0 0.69921875 0.37890625 0.0390625 0.0546875
0 0.73359375 0.46171875 0.0359375 0.0484375
0 0.6640625 0.53046875 0.0375 0.0515625
0 0.746875 0.5578125 0.03125 0.04375
0 0.81171875 0.48984375 0.0359375 0.0484375
0 0.82421875 0.2515625 0.0453125 0.05
0 0.8015625 0.16328125 0.040625 0.053125
0 0.7875 0.07734375 0.028125 0.0390625
0 0.8703125 0.10078125 0.0375 0.0546875
0 0.85 0.01328125 0.028125 0.0265625
0 0.9328125 0.0359375 0.0375 0.05625
0 0.9546875 0.13046875 0.034375 0.0484375
0 0.8984375 0.18359375 0.046875 0.0546875
0 0.9203125 0.27265625 0.028125 0.0546875
0 0.97734375 0.2109375 0.0390625 0.046875
0 0.80546875 0.38046875 0.0328125 0.0796875
0 0.87578125 0.41875 0.0390625 0.05625
0 0.853125 0.3328125 0.025 0.0390625
0 0.9453125 0.675 0.109375 0.125
0 0.9125 0.5859375 0.028125 0.03125
0 0.98359375 0.52890625 0.0296875 0.03125
0 0.896875 0.5015625 0.034375 0.0390625
0 0.83046875 0.56953125 0.0359375 0.0515625
0 0.975 0.4125 0.034375 0.04375
0 0.97421875 0.33359375 0.0515625 0.1046875