0 0.61015625 0.371875 0.15390625 0.134375
0 0.4625 0.29296875 0.0890625 0.1
0 0.39453125 0.38671875 0.103125 0.13671875
0 0.3359375 0.1984375 0.09765625 0.11015625
0 0.39453125 0.09765625 0.09609375 0.11875
0 0.55234375 0.17578125 0.11171875 0.1171875
0 0.6203125 0.615625 0.11328125 0.13984375
0 0.71484375 0.728125 0.13671875 0.13125
0 0.815625 0.4953125 0.1625 0.1625
0 0.95390625 0.66171875 0.0921875 0.1390625
0 0.92578125 0.96796875 0.1484375 0.0640625
0 0.48515625 0.975 0.0828125 0.05
0 0.490625 0.79140625 0.103125 0.12265625
0 0.41953125 0.60390625 0.12265625 0.15234375
0 0.2953125 0.875 0.1015625 0.134375
0 0.2296875 0.6703125 0.11015625 0.12734375
0 0.03359375 0.671875 0.06640625 0.10703125
0 0.01171875 0.48203125 0.02265625 0.1
0 0.12421875 0.28984375 0.09453125 0.11875
0 0.2328125 0.0828125 0.18203125 0.134375
0 0.921875 0.09375 0.12421875 0.1796875
0 0.91953125 0.259375 0.13671875 0.13828125
0 0.51171875 0.04921875 0.08203125 0.090625
0 0.7296875 0.05 0.12421875 0.1
0 0.08359375 0.865625 0.1046875 0.13125
0 0.0796875 0.0421875 0.103125 0.08359375
0 0.96015625 0.80546875 0.0796875 0.1234375