0 0.83203125 0.065625 0.1171875 0.12109375
0 0.896875 0.23515625 0.0984375 0.11328125
0 0.934375 0.4171875 0.109375 0.14296875
0 0.9515625 0.67265625 0.096875 0.13359375
0 0.8125 0.71484375 0.0890625 0.0984375
0 0.8859375 0.83671875 0.06484375 0.0703125
0 0.97734375 0.8421875 0.04453125 0.11171875
0 0.96171875 0.9578125 0.0765625 0.08359375
0 0.9546875 0.01875 0.090625 0.0375
0 0.65625 0.05078125 0.115625 0.1015625
0 0.61328125 0.19296875 0.0890625 0.115625
0 0.73828125 0.3546875 0.1265625 0.12265625
0 0.721875 0.48125 0.10234375 0.1078125
0 0.7828125 0.5734375 0.07421875 0.10625
0 0.5828125 0.60703125 0.09453125 0.10625
0 0.6265625 0.76640625 0.08203125 0.1078125
0 0.71640625 0.815625 0.06171875 0.059375
0 0.6359375 0.9375 0.13046875 0.12421875
0 0.77578125 0.93515625 0.12421875 0.11875
0 0.3640625 0.9546875 0.11171875 0.0765625
0 0.03203125 0.89609375 0.0640625 0.0921875
0 0.26015625 0.89296875 0.16328125 0.1765625
0 0.38828125 0.48203125 0.0375 0.04296875
0 0.4640625 0.74140625 0.1171875 0.14140625
0 0.50390625 0.4328125 0.09296875 0.11875
0 0.44921875 0.33671875 0.07265625 0.12265625
0 0.35234375 0.19453125 0.109375 0.1171875
0 0.34765625 0.575 0.0984375 0.1171875
0 0.2859375 0.678125 0.09296875 0.0984375
0 0.23515625 0.76328125 0.06484375 0.08359375
0 0.15703125 0.7515625 0.09140625 0.1171875
0 0.165625 0.578125 0.11875 0.10390625
0 0.2859375 0.35390625 0.11171875 0.12109375
0 0.22109375 0.4546875 0.11875 0.1171875
0 0.165625 0.359375 0.09296875 0.10390625
0 0.0484375 0.40078125 0.096875 0.12109375
0 0.04765625 0.51875 0.09453125 0.1078125
0 0.015625 0.684375 0.03125 0.09296875
0 0.2578125 0.04375 0.09453125 0.0875
0 0.3875 0.01171875 0.121875 0.0234375
0 0.4859375 0.071875 0.109375 0.12109375
0 0.0546875 0.0140625 0.109375 0.028125
0 0.09921875 0.08515625 0.10234375 0.09296875
0 0.06953125 0.1953125 0.0796875 0.0890625
0 0.18203125 0.18046875 0.12265625 0.17109375