0 0.44765625 0.16171875 0.1078125 0.14453125
0 0.33203125 0.27109375 0.10078125 0.14296875
0 0.165625 0.29375 0.096875 0.1078125
0 0.209375 0.4765625 0.12421875 0.13515625
0 0.4484375 0.51953125 0.09921875 0.10078125
0 0.80859375 0.5328125 0.10078125 0.128125
0 0.87265625 0.65546875 0.11875 0.14296875
0 0.946875 0.7765625 0.10625 0.1390625
0 0.79765625 0.92421875 0.12265625 0.12265625
0 0.67734375 0.89296875 0.1171875 0.15234375
0 0.5265625 0.93984375 0.053125 0.0734375
0 0.43515625 0.95546875 0.1109375 0.0890625
0 0.60625 0.65 0.0953125 0.10625
0 0.615625 0.7703125 0.084375 0.1265625
0 0.71484375 0.49453125 0.06796875 0.09921875
0 0.64765625 0.5296875 0.06796875 0.128125
0 0.675 0.33828125 0.0859375 0.1046875
0 0.6078125 0.39921875 0.10234375 0.13515625
0 0.62890625 0.2078125 0.06796875 0.08203125
0 0.58671875 0.29921875 0.07890625 0.10078125
0 0.2015625 0.1078125 0.1171875 0.10234375
0 0.1421875 0.0546875 0.165625 0.109375
0 0.0203125 0.13203125 0.040625 0.11328125
0 0.021875 0.3296875 0.04375 0.12421875
0 0.07578125 0.55234375 0.1296875 0.1375
0 0.10625 0.66953125 0.10625 0.10625
0 0.16171875 0.74609375 0.11015625 0.1046875
0 0.0203125 0.853125 0.040625 0.128125
0 0.9890625 0.04609375 0.021875 0.08046875
0 0.9640625 0.0109375 0.07109375 0.021875
0 0.87578125 0.0515625 0.09921875 0.10234375
0 0.71875 0.0578125 0.08984375 0.10078125
0 0.7890625 0.096875 0.08828125 0.09140625
0 0.503125 0.775 0.10078125 0.171875
0 0.38203125 0.815625 0.18828125 0.18828125
0 0.259375 0.80859375 0.10078125 0.1046875
0 0.209375 0.88828125 0.15546875 0.13203125
0 0.08828125 0.95390625 0.12421875 0.09140625
0 0.93671875 0.3125 0.1265625 0.13359375
0 0.93203125 0.190625 0.084375 0.084375
0 0.84609375 0.2828125 0.084375 0.12265625
0 0.975 0.10546875 0.04921875 0.08984375