0 0.5578125 0.26484375 0.0984375 0.0796875
0 0.36796875 0.23828125 0.11328125 0.1203125
0 0.37890625 0.075 0.1046875 0.1265625
0 0.1546875 0.0515625 0.096875 0.103125
0 0.128125 0.16484375 0.11640625 0.0984375
0 0.0578125 0.31796875 0.11484375 0.1203125
0 0.17890625 0.396875 0.1046875 0.08671875
0 0.29296875 0.4671875 0.11015625 0.11796875
0 0.28984375 0.33515625 0.08359375 0.103125
0 0.44453125 0.5453125 0.075 0.11640625
0 0.46953125 0.3484375 0.06796875 0.0796875
0 0.5890625 0.465625 0.06796875 0.075
0 0.61796875 0.3578125 0.0765625 0.075
0 0.67890625 0.26015625 0.121875 0.11328125
0 0.80703125 0.0921875 0.1 0.0953125
0 0.75234375 0.171875 0.06796875 0.053125
0 0.9359375 0.16953125 0.1015625 0.1046875
0 0.975 0.3546875 0.05 0.08671875
0 0.91484375 0.65390625 0.0765625 0.1015625
0 0.73203125 0.546875 0.09296875 0.096875
0 0.76953125 0.39921875 0.075 0.075
0 0.70390625 0.75703125 0.08203125 0.1
0 0.61953125 0.59921875 0.06796875 0.09140625
0 0.24609375 0.58984375 0.0546875 0.0796875
0 0.2765625 0.746875 0.11015625 0.125
0 0.44453125 0.7109375 0.13515625 0.1046875
0 0.62265625 0.9078125 0.1015625 0.10859375
0 0.76796875 0.9765625 0.0796875 0.046875
0 0.0515625 0.51796875 0.103125 0.096875
0 0.01015625 0.66640625 0.0203125 0.08359375
0 0.1078125 0.75234375 0.05859375 0.08828125
0 0.1265625 0.91328125 0.0765625 0.08671875
0 0.2484375 0.90546875 0.0765625 0.08828125
0 0.34296875 0.90234375 0.053125 0.075
0 0.275 0.99453125 0.075 0.0109375
0 0.396875 0.990625 0.0796875 0.01796875
0 0.54921875 0.9703125 0.0765625 0.059375
0 0.678125 0.97421875 0.05 0.0515625
0 0.92734375 0.91484375 0.09140625 0.0796875
0 0.80390625 0.80390625 0.071875 0.10859375
0 0.97734375 0.79296875 0.0453125 0.103125
0 0.0515625 0.990625 0.103125 0.01796875
0 0.02734375 0.91796875 0.025 0.0296875
0 0.01015625 0.79921875 0.0203125 0.04140625
0 0.5328125 0.17734375 0.0984375 0.0984375
0 0.634375 0.05546875 0.08828125 0.08828125
0 0.334375 0.0109375 0.0984375 0.021875
0 0.50234375 0.81640625 0.08515625 0.09296875
0 0.97734375 0.0171875 0.0453125 0.034375
0 0.8765625 0.47890625 0.06015625 0.05859375
0 0.48828125 0.44140625 0.046875 0.05