0 0.75 0.84609375 0.09765625 0.109375
0 0.8328125 0.9390625 0.071875 0.109375
0 0.73828125 0.96015625 0.0953125 0.0796875
0 0.64375 0.91640625 0.0890625 0.09765625
0 0.51015625 0.95 0.0890625 0.1
0 0.40234375 0.9921875 0.06015625 0.01484375
0 0.4875 0.84453125 0.0921875 0.10546875
0 0.628125 0.77265625 0.06875 0.08359375
0 0.63671875 0.65234375 0.0859375 0.1171875
0 0.6625 0.53125 0.06015625 0.0921875
0 0.7078125 0.4171875 0.09375 0.12265625
0 0.57734375 0.3671875 0.09765625 0.13125
0 0.675 0.25078125 0.07578125 0.1109375
0 0.775 0.16953125 0.09765625 0.10390625
0 0.89296875 0.1484375 0.07734375 0.0890625
0 0.8515625 0.034375 0.14609375 0.06875
0 0.98046875 0.0984375 0.03828125 0.0953125
0 0.890625 0.4484375 0.10703125 0.109375
0 0.97421875 0.63203125 0.0515625 0.1171875
0 0.90390625 0.8140625 0.08203125 0.12734375
0 0.990625 0.9296875 0.01875 0.0671875
0 0.9453125 0.98359375 0.084375 0.0328125
0 0.8484375 0.575 0.12578125 0.14609375
0 0.509375 0.50078125 0.0890625 0.090625
0 0.39453125 0.365625 0.09375 0.14453125
0 0.53828125 0.671875 0.05703125 0.07890625
0 0.40546875 0.7 0.05546875 0.08359375
0 0.3625 0.8328125 0.090625 0.12265625
0 0.1859375 0.95 0.109375 0.1
0 0.24765625 0.815625 0.0921875 0.12109375
0 0.2140625 0.68828125 0.07578125 0.09375
0 0.1625 0.59296875 0.08046875 0.10546875
0 0.29765625 0.58359375 0.06875 0.0875
0 0.34765625 0.47421875 0.09375 0.1359375
0 0.45546875 0.23671875 0.05546875 0.0703125
0 0.3609375 0.12421875 0.06015625 0.0640625
0 0.23203125 0.2375 0.071875 0.109375
0 0.1859375 0.146875 0.090625 0.10234375
0 0.14609375 0.2546875 0.06015625 0.10078125
0 0.2203125 0.33671875 0.05546875 0.07890625
0 0.075 0.453125 0.07890625 0.1109375
0 0.31328125 0.328125 0.071875 0.10078125
0 0.52421875 0.1140625 0.10234375 0.12109375
0 0.5671875 0.0390625 0.103125 0.078125
0 0.646875 0.11015625 0.0921875 0.0953125
0 0.13671875 0.02109375 0.07890625 0.0421875
0 0.05234375 0.0515625 0.08046875 0.0953125
0 0.046875 0.178125 0.09375 0.10390625
0 0.028125 0.59140625 0.05625 0.1140625
0 0.03203125 0.73671875 0.0640625 0.08046875
0 0.12890625 0.80390625 0.08046875 0.09765625
0 0.04609375 0.91015625 0.0921875 0.11875
0 0.0234375 0.97578125 0.046875 0.0484375
0 0.22109375 0.46796875 0.09765625 0.08359375
0 0.35859375 0.00859375 0.071875 0.01640625
0 0.24921875 0.0359375 0.03828125 0.05546875
0 0.128125 0.340625 0.071875 0.07734375
0 0.45703125 0.0296875 0.03515625 0.05234375
0 0.959375 0.34140625 0.08046875 0.0953125
0 0.77890625 0.7171875 0.08046875 0.0921875
0 0.82265625 0.2828125 0.05859375 0.07890625
0 0.31484375 0.9359375 0.0921875 0.1109375
0 0.56875 0.23359375 0.046875 0.046875
0 0.9265625 0.69140625 0.0875 0.08359375
0 0.46875 0.5875 0.07890625 0.08359375