0 0.45 0.44765625 0.0875 0.1046875
0 0.37890625 0.3703125 0.0703125 0.09375
0 0.24375 0.428125 0.103125 0.1125
0 0.184375 0.51171875 0.1125 0.1078125
0 0.075 0.4390625 0.0625 0.0875
0 0.02734375 0.5140625 0.0546875 0.1125
0 0.0515625 0.60546875 0.078125 0.1015625
0 0.19375 0.85390625 0.075 0.0734375
0 0.13125 0.94140625 0.10625 0.1171875
0 0.31953125 0.96484375 0.1140625 0.0703125
0 0.49140625 0.9859375 0.0671875 0.028125
0 0.6390625 0.98046875 0.075 0.0390625
0 0.59921875 0.746875 0.0953125 0.103125
0 0.70625 0.871875 0.1 0.18125
0 0.7828125 0.69453125 0.05625 0.0671875
0 0.86640625 0.77265625 0.0609375 0.0671875
0 0.85546875 0.6140625 0.0703125 0.071875
0 0.6078125 0.34375 0.075 0.084375
0 0.53671875 0.371875 0.0734375 0.0875
0 0.60078125 0.47890625 0.0828125 0.0984375
0 0.75234375 0.44296875 0.0578125 0.0796875
0 0.828125 0.42265625 0.0828125 0.0859375
0 0.75703125 0.55390625 0.0828125 0.0984375
0 0.36640625 0.5625 0.0828125 0.0828125
0 0.42734375 0.64140625 0.0734375 0.0796875
0 0.47109375 0.253125 0.0671875 0.075
0 0.40234375 0.26875 0.0703125 0.084375
0 0.31796875 0.21796875 0.0640625 0.0703125
0 0.2234375 0.31171875 0.078125 0.0921875
0 0.06875 0.27578125 0.1125 0.1203125
0 0.10859375 0.17421875 0.0828125 0.0921875
0 0.221875 0.1421875 0.084375 0.103125
0 0.29765625 0.12578125 0.0796875 0.0953125
0 0.3296875 0.03359375 0.08125 0.0671875
0 0.52578125 0.02265625 0.084375 0.0453125
0 0.4875 0.14921875 0.075 0.0734375
0 0.5859375 0.11171875 0.0828125 0.0921875
0 0.72734375 0.08828125 0.1015625 0.0984375
0 0.840625 0.03984375 0.0875 0.0796875
0 0.9015625 0.11953125 0.109375 0.1296875
0 0.7796875 0.27578125 0.090625 0.0921875
0 0.94296875 0.36796875 0.0734375 0.0890625
0 0.9765625 0.265625 0.046875 0.0625
0 0.92265625 0.51796875 0.0546875 0.0671875
0 0.97890625 0.50546875 0.0421875 0.0734375
0 0.07890625 0.70234375 0.0734375 0.0765625
0 0.01640625 0.9484375 0.0328125 0.1