0 0.5875 0.27265625 0.1 0.08125
0 0.39453125 0.24609375 0.115625 0.121875
0 0.40625 0.0796875 0.10703125 0.12890625
0 0.17890625 0.05390625 0.0984375 0.1078125
0 0.15078125 0.17109375 0.11875 0.1
0 0.00390625 0.10859375 0.0078125 0.1109375
0 0.078125 0.32734375 0.11875 0.121875
0 0.20234375 0.40703125 0.10703125 0.08828125
0 0.31875 0.47890625 0.11171875 0.1203125
0 0.315625 0.34375 0.084375 0.10546875
0 0.471875 0.5578125 0.0765625 0.11875
0 0.49765625 0.3578125 0.06953125 0.08125
0 0.61953125 0.47734375 0.06953125 0.0765625
0 0.64921875 0.3671875 0.078125 0.0765625
0 0.7109375 0.26796875 0.1234375 0.115625
0 0.840625 0.09765625 0.1015625 0.096875
0 0.7859375 0.178125 0.06953125 0.05390625
0 0.96015625 0.17578125 0.0796875 0.10703125
0 0.95078125 0.66875 0.078125 0.103125
0 0.7640625 0.559375 0.09453125 0.0984375
0 0.80234375 0.409375 0.0765625 0.0765625
0 0.73671875 0.77265625 0.0828125 0.1015625
0 0.65 0.6125 0.06953125 0.09296875
0 0.2703125 0.603125 0.05625 0.08125
0 0.3015625 0.7625 0.11171875 0.12734375
0 0.471875 0.7265625 0.1375 0.10703125
0 0.653125 0.9265625 0.103125 0.11015625
0 0.8015625 0.9859375 0.08125 0.028125
0 0.07109375 0.53046875 0.10859375 0.0984375
0 0.0203125 0.68125 0.040625 0.084375
0 0.1296875 0.76875 0.059375 0.08984375
0 0.14921875 0.93203125 0.078125 0.08828125
0 0.27265625 0.92421875 0.078125 0.08984375
0 0.36953125 0.92109375 0.05390625 0.0765625
0 0.578125 0.98046875 0.078125 0.0390625
0 0.71015625 0.98359375 0.05078125 0.03203125
0 0.95859375 0.93359375 0.0828125 0.08125
0 0.83828125 0.82109375 0.07265625 0.11015625
0 0.0484375 0.9375 0.02578125 0.03046875
0 0.02109375 0.81640625 0.0390625 0.0421875
0 0.56171875 0.18359375 0.1 0.1
0 0.665625 0.06015625 0.08984375 0.08984375
0 0.3609375 0.0125 0.1 0.025
0 0.53125 0.83359375 0.08671875 0.09453125
0 0.00625 0.59375 0.01171875 0.07265625
0 0.91171875 0.490625 0.0609375 0.059375
0 0.5171875 0.45234375 0.04765625 0.05078125