0 0.753125 0.215625 0.08203125 0.1
0 0.6875 0.1390625 0.08515625 0.1234375
0 0.859375 0.078125 0.1171875 0.13046875
0 0.96640625 0.14375 0.0671875 0.1171875
0 0.83984375 0.3046875 0.1015625 0.1078125
0 0.9578125 0.35078125 0.08359375 0.09609375
0 0.79296875 0.9546875 0.0640625 0.08984375
0 0.88359375 0.5609375 0.06875 0.1
0 0.77890625 0.4703125 0.08515625 0.1015625
0 0.62109375 0.58671875 0.0984375 0.12578125
0 0.52734375 0.53046875 0.08671875 0.109375
0 0.4359375 0.590625 0.07421875 0.1015625
0 0.4265625 0.6828125 0.07890625 0.08515625
0 0.47734375 0.78671875 0.07734375 0.165625
0 0.71484375 0.771875 0.09140625 0.11875
0 0.3765625 0.8625 0.121875 0.14453125
0 0.3234375 0.775 0.0640625 0.07734375
0 0.253125 0.83125 0.09453125 0.09296875
0 0.2546875 0.92109375 0.07265625 0.08046875
0 0.14140625 0.940625 0.07109375 0.09296875
0 0.046875 0.92265625 0.09296875 0.1546875
0 0.11953125 0.775 0.06875 0.1
0 0.2046875 0.69765625 0.1109375 0.115625
0 0.09453125 0.6453125 0.07734375 0.08046875
0 0.0125 0.57578125 0.025 0.1140625
0 0.065625 0.5015625 0.07421875 0.1
0 0.01484375 0.3453125 0.02890625 0.109375
0 0.1109375 0.3453125 0.07734375 0.109375
0 0.07734375 0.2125 0.0546875 0.0671875
0 0.1015625 0.0859375 0.08671875 0.1046875
0 0.1421875 0.24453125 0.03359375 0.0453125
0 0.2015625 0.1359375 0.03984375 0.053125
0 0.74140625 0.015625 0.0640625 0.03046875
0 0.98046875 0.64609375 0.03828125 0.09296875
0 0.84765625 0.7609375 0.1 0.0984375
0 0.98046875 0.8375 0.03828125 0.14453125
0 0.97890625 0.94453125 0.0421875 0.05625
0 0.8421875 0.86015625 0.07421875 0.08046875
0 0.71953125 0.90234375 0.06875 0.08203125
0 0.63359375 0.72109375 0.07734375 0.08828125
0 0.57890625 0.803125 0.08671875 0.15625
0 0.56640625 0.98828125 0.0640625 0.0234375
0 0.6296875 0.93359375 0.0484375 0.07265625
0 0.42734375 0.9671875 0.13828125 0.065625
0 0.3328125 0.61953125 0.08359375 0.14296875
0 0.33515625 0.365625 0.08828125 0.08828125
0 0.4484375 0.409375 0.09296875 0.08515625
0 0.21328125 0.553125 0.06875 0.1
0 0.28671875 0.490625 0.065625 0.08671875
0 0.2390625 0.21953125 0.08828125 0.1015625
0 0.22578125 0.4296875 0.08828125 0.1171875
0 0.23984375 0.321875 0.1 0.09296875
0 0.53359375 0.2171875 0.09296875 0.09296875
0 0.59453125 0.20546875 0.08671875 0.1765625
0 0.54921875 0.39921875 0.065625 0.0984375
0 0.646875 0.44765625 0.1171875 0.1625
0 0.95625 0.446875 0.07734375 0.09609375
0 0.34765625 0.16953125 0.08828125 0.1140625
0 0.42578125 0.23046875 0.07734375 0.08203125