0 0.75078125 0.2125 0.0796875 0.096875
0 0.68671875 0.13828125 0.0828125 0.1203125
0 0.85390625 0.07890625 0.1140625 0.1265625
0 0.9625 0.14296875 0.075 0.1140625
0 0.83515625 0.29921875 0.0984375 0.1046875
0 0.9546875 0.34375 0.090625 0.09375
0 0.7890625 0.9328125 0.0625 0.090625
0 0.87734375 0.5484375 0.0671875 0.096875
0 0.77578125 0.46015625 0.0828125 0.0984375
0 0.62265625 0.5734375 0.0953125 0.121875
0 0.53125 0.51875 0.084375 0.10625
0 0.4421875 0.57734375 0.071875 0.0984375
0 0.43359375 0.66640625 0.0765625 0.0828125
0 0.4828125 0.76796875 0.075 0.1609375
0 0.71328125 0.753125 0.0890625 0.115625
0 0.384375 0.84140625 0.11875 0.140625
0 0.3328125 0.75625 0.0625 0.075
0 0.26484375 0.8109375 0.0921875 0.090625
0 0.26640625 0.8984375 0.0703125 0.078125
0 0.15625 0.9171875 0.06875 0.090625
0 0.05625 0.9078125 0.10625 0.165625
0 0.13515625 0.75625 0.0671875 0.096875
0 0.21796875 0.68125 0.1078125 0.1125
0 0.1109375 0.63046875 0.075 0.078125
0 0.021875 0.56328125 0.04375 0.1109375
0 0.0828125 0.490625 0.071875 0.096875
0 0.0234375 0.3390625 0.046875 0.10625
0 0.1265625 0.3390625 0.075 0.10625
0 0.09375 0.209375 0.053125 0.065625
0 0.1171875 0.08671875 0.084375 0.1015625
0 0.15703125 0.240625 0.0328125 0.04375
0 0.21484375 0.13515625 0.0390625 0.0515625
0 0.73984375 0.01640625 0.0625 0.0328125
0 0.9765625 0.63125 0.046875 0.090625
0 0.8421875 0.74296875 0.096875 0.0953125
0 0.9765625 0.8171875 0.046875 0.140625
0 0.97421875 0.92109375 0.0484375 0.0546875
0 0.8375 0.8390625 0.071875 0.078125
0 0.71796875 0.88046875 0.0671875 0.0796875
0 0.634375 0.70390625 0.075 0.0859375
0 0.58125 0.78359375 0.084375 0.1515625
0 0.5703125 0.9765625 0.0625 0.046875
0 0.63046875 0.91015625 0.046875 0.0703125
0 0.434375 0.95546875 0.134375 0.0890625
0 0.3421875 0.60546875 0.08125 0.1390625
0 0.34453125 0.35859375 0.0859375 0.0859375
0 0.4546875 0.40078125 0.090625 0.0828125
0 0.22578125 0.540625 0.0671875 0.096875
0 0.29765625 0.4796875 0.0640625 0.084375
0 0.25078125 0.21640625 0.0859375 0.0984375
0 0.23828125 0.42109375 0.0859375 0.1140625
0 0.2515625 0.315625 0.096875 0.090625
0 0.5375 0.2140625 0.090625 0.090625
0 0.596875 0.203125 0.084375 0.171875
0 0.55234375 0.39140625 0.0640625 0.0953125
0 0.64765625 0.43828125 0.1140625 0.1578125
0 0.9484375 0.4375 0.075 0.09375
0 0.35625 0.16796875 0.0859375 0.1109375
0 0.4328125 0.22734375 0.075 0.0796875