0 0.7078125 0.15390625 0.078125 0.1046875
0 0.6671875 0.034375 0.09375 0.06875
0 0.58828125 0.1359375 0.0828125 0.1
0 0.4546875 0.07265625 0.075 0.0984375
0 0.33359375 0.0921875 0.1265625 0.1125
0 0.22578125 0.196875 0.1453125 0.175
0 0.15703125 0.09140625 0.0703125 0.0953125
0 0.06640625 0.06875 0.0859375 0.096875
0 0.06640625 0.2890625 0.0609375 0.0796875
0 0.1765625 0.42890625 0.071875 0.0828125
0 0.08125 0.4125 0.06875 0.090625
0 0.034375 0.50078125 0.06875 0.0953125
0 0.17578125 0.6578125 0.0453125 0.08125
0 0.103125 0.76328125 0.071875 0.09375
0 0.0328125 0.8265625 0.059375 0.08125
0 0.1015625 0.9296875 0.09375 0.125
0 0.24921875 0.84921875 0.1390625 0.171875
0 0.3390625 0.77578125 0.084375 0.1140625
0 0.3875 0.67578125 0.0625 0.0859375
0 0.2734375 0.67265625 0.053125 0.0796875
0 0.3390625 0.4671875 0.04375 0.065625
0 0.35625 0.37265625 0.05625 0.0640625
0 0.29609375 0.2984375 0.0453125 0.0703125
0 0.76640625 0.05390625 0.0703125 0.0828125
0 0.85859375 0.11953125 0.0921875 0.1046875
0 0.85625 0.259375 0.0875 0.096875
0 0.934375 0.25234375 0.071875 0.0984375
0 0.9625 0.38359375 0.075 0.1015625
0 0.87421875 0.371875 0.0765625 0.078125
0 0.94375 0.48203125 0.075 0.0796875
0 0.871875 0.6234375 0.09375 0.096875
0 0.9546875 0.82578125 0.090625 0.1203125
0 0.984375 0.69765625 0.03125 0.0734375
0 0.80078125 0.784375 0.1078125 0.109375
0 0.728125 0.896875 0.121875 0.10625
0 0.8171875 0.95703125 0.09375 0.0859375
0 0.61171875 0.9609375 0.0984375 0.078125
0 0.49140625 0.82890625 0.1296875 0.1421875
0 0.57734375 0.65390625 0.0921875 0.109375
0 0.54765625 0.53671875 0.0796875 0.09375
0 0.48984375 0.553125 0.0640625 0.090625
0 0.96875 0.21484375 0.0625 0.0703125
0 0.5625 0.39375 0.09375 0.090625
0 0.46796875 0.3078125 0.0984375 0.090625
0 0.5171875 0.20546875 0.071875 0.0890625
0 0.425 0.43359375 0.084375 0.1640625
0 0.03203125 0.65234375 0.0390625 0.0546875
0 0.66328125 0.25625 0.0921875 0.10625
0 0.725 0.3609375 0.090625 0.11875
0 0.1140625 0.5015625 0.065625 0.065625
0 0.21484375 0.54609375 0.0765625 0.0828125
0 0.1796875 0.296875 0.078125 0.084375
0 0.5640625 0.05390625 0.11875 0.1078125
0 0.12421875 0.5515625 0.0546875 0.05625