0 0.0453125 0.6578125 0.090625 0.14375
0 0.09765625 0.975 0.06953125 0.05
0 0.50546875 0.12890625 0.0859375 0.125
0 0.54921875 0.0171875 0.09140625 0.03359375
0 0.68984375 0.1171875 0.10546875 0.11953125
0 0.70390625 0.25234375 0.06796875 0.1125
0 0.66015625 0.41640625 0.10546875 0.1
0 0.72890625 0.5890625 0.1 0.11796875
0 0.55078125 0.625 0.0765625 0.1
0 0.46875 0.4671875 0.09140625 0.0984375
0 0.39296875 0.31640625 0.07109375 0.07109375
0 0.61875 0.8125 0.06953125 0.08203125
0 0.78671875 0.7484375 0.0734375 0.0890625
0 0.6875 0.96328125 0.125 0.0734375
0 0.96171875 0.95 0.0765625 0.0890625
0 0.9703125 0.77890625 0.05859375 0.14609375
0 0.965625 0.31015625 0.06875 0.0859375
0 0.8421875 0.40703125 0.06953125 0.08203125
0 0.8921875 0.15703125 0.11640625 0.11796875
0 0.8796875 0.55703125 0.0625 0.0890625
0 0.81484375 0.025 0.09453125 0.05
0 0.56171875 0.27734375 0.0875 0.10703125
0 0.46953125 0.74921875 0.04609375 0.05
0 0.50625 0.83203125 0.0484375 0.0390625
0 0.54609375 0.90859375 0.0390625 0.0359375
0 0.41875 0.87109375 0.04453125 0.0390625
0 0.3828125 0.7875 0.03359375 0.0390625
0 0.30703125 0.81953125 0.0359375 0.0359375
0 0.26328125 0.75390625 0.04453125 0.04296875
0 0.22734375 0.66796875 0.0359375 0.0359375
0 0.2375 0.4609375 0.0390625 0.02890625
0 0.31796875 0.41796875 0.02890625 0.0359375
0 0.1296875 0.8921875 0.0375 0.03359375
0 0.05234375 0.9359375 0.0375 0.0359375
0 0.25703125 0.94921875 0.0359375 0.04140625
0 0.36015625 0.5125 0.03359375 0.04296875
0 0.2859375 0.3484375 0.0375 0.04609375
0 0.1578125 0.30234375 0.03046875 0.0359375
0 0.42734375 0.675 0.0375 0.0390625
0 0.11796875 0.2078125 0.0390625 0.03359375
0 0.03515625 0.24453125 0.03359375 0.0375
0 0.46796875 0.9546875 0.0359375 0.03359375
0 0.0875 0.81875 0.03359375 0.03046875