0 0.103125 0.628125 0.103125 0.125
0 0.16015625 0.921875 0.0609375 0.078125
0 0.5171875 0.1640625 0.075 0.109375
0 0.55546875 0.040625 0.0796875 0.08125
0 0.67890625 0.15390625 0.0921875 0.1046875
0 0.690625 0.27265625 0.059375 0.0984375
0 0.65234375 0.415625 0.0921875 0.0875
0 0.7125 0.5671875 0.0875 0.103125
0 0.55703125 0.5984375 0.0671875 0.0875
0 0.48515625 0.46015625 0.0796875 0.0859375
0 0.41875 0.328125 0.0625 0.0625
0 0.61640625 0.7625 0.0609375 0.071875
0 0.76328125 0.70625 0.0640625 0.078125
0 0.6765625 0.909375 0.109375 0.09375
0 0.921875 0.8828125 0.078125 0.078125
0 0.94140625 0.7328125 0.0859375 0.128125
0 0.97265625 0.46875 0.0546875 0.09375
0 0.921875 0.3234375 0.0625 0.075
0 0.81171875 0.4078125 0.0609375 0.071875
0 0.85546875 0.1890625 0.1015625 0.103125
0 0.84453125 0.5390625 0.0546875 0.078125
0 0.78828125 0.05 0.0828125 0.090625
0 0.95234375 0.0421875 0.0859375 0.084375
0 0.56640625 0.29453125 0.0765625 0.09375
0 0.4859375 0.70703125 0.040625 0.04375
0 0.51796875 0.7796875 0.0421875 0.034375
0 0.553125 0.846875 0.034375 0.03125
0 0.44140625 0.8140625 0.0390625 0.034375
0 0.41015625 0.740625 0.0296875 0.034375
0 0.34375 0.76875 0.03125 0.03125
0 0.30546875 0.7109375 0.0390625 0.0375
0 0.27421875 0.6359375 0.03125 0.03125
0 0.2828125 0.4546875 0.034375 0.025
0 0.353125 0.4171875 0.025 0.03125
0 0.18828125 0.83203125 0.0328125 0.0296875
0 0.12109375 0.8703125 0.0328125 0.03125
0 0.04296875 0.9 0.0328125 0.034375
0 0.0796875 0.9734375 0.034375 0.040625
0 0.2578125 0.978125 0.0375 0.034375
0 0.33203125 0.946875 0.03125 0.034375
0 0.3 0.88203125 0.03125 0.0359375
0 0.44375 0.9859375 0.028125 0.028125
0 0.38984375 0.5 0.0296875 0.0375
0 0.325 0.35625 0.0328125 0.040625
0 0.21328125 0.31640625 0.0265625 0.03125
0 0.44921875 0.6421875 0.0328125 0.034375
0 0.178125 0.23359375 0.034375 0.0296875
0 0.10546875 0.265625 0.0296875 0.0328125
0 0.484375 0.88671875 0.03125 0.0296875
0 0.615625 0.98671875 0.028125 0.0265625
0 0.040625 0.734375 0.034375 0.03125
0 0.1515625 0.76796875 0.0296875 0.0265625