0 0.65703125 0.6796875 0.11640625 0.128125
0 0.7953125 0.5296875 0.0921875 0.1078125
0 0.9078125 0.41484375 0.184375 0.13671875
0 0.96953125 0.22265625 0.0609375 0.1015625
0 0.84375 0.0296875 0.1140625 0.059375
0 0.7203125 0.040625 0.11875 0.08125
0 0.61640625 0.3078125 0.16015625 0.21015625
0 0.78828125 0.2484375 0.08203125 0.09375
0 0.52734375 0.47890625 0.0921875 0.1109375
0 0.43125 0.64296875 0.12109375 0.13984375
0 0.5953125 0.5921875 0.1265625 0.128125
0 0.584375 0.7421875 0.0703125 0.09921875
0 0.51171875 0.828125 0.08203125 0.1078125
0 0.409375 0.80234375 0.11640625 0.12265625
0 0.3203125 0.90234375 0.12109375 0.1296875
0 0.67578125 0.86015625 0.08515625 0.1296875
0 0.8140625 0.9671875 0.10234375 0.06484375
0 0.921875 0.93828125 0.1125 0.12265625
0 0.8625 0.84921875 0.0703125 0.090625
0 0.8390625 0.6734375 0.1078125 0.1140625
0 0.3359375 0.3515625 0.09921875 0.11953125
0 0.20546875 0.37890625 0.12109375 0.13984375
0 0.3625 0.52890625 0.08671875 0.10546875
0 0.209375 0.740625 0.10390625 0.0953125
0 0.140625 0.61484375 0.06328125 0.090625
0 0.025 0.3046875 0.04921875 0.128125
0 0.05546875 0.065625 0.08046875 0.08359375
0 0.36171875 0.12265625 0.08203125 0.10546875
0 0.44453125 0.0609375 0.10390625 0.12109375
0 0.61953125 0.10546875 0.06171875 0.078125
0 0.4265625 0.18828125 0.078125 0.0765625
0 0.0796875 0.8359375 0.090625 0.1328125
0 0.2109375 0.9703125 0.128125 0.059375
0 0.44609375 0.959375 0.1078125 0.08125
0 0.1234375 0.1421875 0.12109375 0.1109375
0 0.271875 0.1625 0.090625 0.0890625
0 0.290625 0.059375 0.059375 0.06484375
0 0.98671875 0.88046875 0.0265625 0.2046875
0 0.93203125 0.7390625 0.1359375 0.23125
0 0.01796875 0.709375 0.0359375 0.090625
0 0.83203125 0.10546875 0.1140625 0.09921875
0 0.571875 0.90859375 0.10546875 0.12421875
0 0.63828125 0.9484375 0.11640625 0.10234375
0 0.17734375 0.27734375 0.11640625 0.090625
0 0.10078125 0.3328125 0.075 0.0890625