0 0.72890625 0.12421875 0.08984375 0.10234375
0 0.89375 0.18984375 0.11328125 0.11484375
0 0.82734375 0.321875 0.0671875 0.08125
0 0.7609375 0.4765625 0.09140625 0.09453125
0 0.59921875 0.4421875 0.10234375 0.12109375
0 0.5015625 0.40234375 0.04140625 0.04140625
0 0.6734375 0.2765625 0.03203125 0.03828125
0 0.54765625 0.240625 0.10859375 0.11640625
0 0.5734375 0.1078125 0.09609375 0.10078125
0 0.40546875 0.1328125 0.10546875 0.11015625
0 0.390625 0.3140625 0.071875 0.0875
0 0.23046875 0.30859375 0.12421875 0.10859375
0 0.2046875 0.45 0.11484375 0.1296875
0 0.28984375 0.60078125 0.10390625 0.11171875
0 0.4890625 0.7375 0.0875 0.09140625
0 0.6203125 0.80078125 0.08125 0.08125
0 0.6625 0.94140625 0.10390625 0.11640625
0 0.81640625 0.9078125 0.09296875 0.11015625
0 0.809375 0.74140625 0.09140625 0.13125
0 0.696875 0.64375 0.12109375 0.134375
0 0.97890625 0.72265625 0.04140625 0.11640625
0 0.9078125 0.54375 0.0640625 0.084375
0 0.93828125 0.4203125 0.078125 0.0859375
0 0.95859375 0.06171875 0.0828125 0.12265625
0 0.809375 0.040625 0.10390625 0.08125
0 0.1640625 0.12578125 0.11015625 0.1359375
0 0.12734375 0.2859375 0.0875 0.14375
0 0.06015625 0.175 0.03671875 0.04921875
0 0.02421875 0.2453125 0.04765625 0.1359375
0 0.03984375 0.33203125 0.04453125 0.04453125
0 0.09296875 0.421875 0.03515625 0.04765625
0 0.04609375 0.5015625 0.0921875 0.121875
0 0.1515625 0.59296875 0.10234375 0.134375
0 0.22578125 0.7625 0.0875 0.12265625
0 0.3328125 0.92421875 0.075 0.10390625
0 0.44765625 0.98203125 0.0609375 0.0359375
0 0.1546875 0.95 0.103125 0.1
0 0.0390625 0.8859375 0.078125 0.09765625
0 0.0140625 0.065625 0.028125 0.0875
0 0.49765625 0.571875 0.11953125 0.134375
0 0.359375 0.4921875 0.03828125 0.03828125
0 0.353125 0.7046875 0.03515625 0.03828125
0 0.01796875 0.9640625 0.0359375 0.071875