0 0.43359375 0.2765625 0.0921875 0.075
0 0.6109375 0.2515625 0.10625 0.1125
0 0.60078125 0.0984375 0.0984375 0.11875
0 0.8109375 0.07265625 0.090625 0.1046875
0 0.8359375 0.1828125 0.109375 0.0921875
0 0.953125 0.01484375 0.0625 0.0296875
0 0.984375 0.12578125 0.03125 0.1015625
0 0.903125 0.3265625 0.109375 0.1125
0 0.78828125 0.4 0.0984375 0.08125
0 0.68125 0.46640625 0.103125 0.1109375
0 0.684375 0.3421875 0.078125 0.096875
0 0.53984375 0.5390625 0.0703125 0.109375
0 0.51640625 0.3546875 0.0640625 0.075
0 0.40390625 0.46484375 0.0640625 0.0703125
0 0.3765625 0.36328125 0.071875 0.0703125
0 0.31953125 0.271875 0.1140625 0.10625
0 0.2 0.11484375 0.09375 0.0890625
0 0.25078125 0.1890625 0.0640625 0.05
0 0.07890625 0.18671875 0.0953125 0.0984375
0 0.0328125 0.3609375 0.065625 0.08125
0 0.0984375 0.64140625 0.071875 0.0953125
0 0.2703125 0.540625 0.0875 0.090625
0 0.23515625 0.40234375 0.0703125 0.0703125
0 0.29609375 0.7375 0.0765625 0.09375
0 0.37578125 0.58984375 0.0640625 0.0859375
0 0.72578125 0.58125 0.0515625 0.075
0 0.696875 0.728125 0.103125 0.1171875
0 0.53984375 0.69453125 0.1265625 0.0984375
0 0.37265625 0.87890625 0.0953125 0.1015625
0 0.2359375 0.9609375 0.075 0.078125
0 0.909375 0.5140625 0.1 0.090625
0 0.96875 0.653125 0.0625 0.078125
0 0.85546875 0.73359375 0.0546875 0.0828125
0 0.8375 0.884375 0.071875 0.08125
0 0.7234375 0.87734375 0.071875 0.0828125
0 0.634375 0.87421875 0.05 0.0703125
0 0.69921875 0.978125 0.0703125 0.04375
0 0.584375 0.97421875 0.075 0.0515625
0 0.4421875 0.94375 0.071875 0.065625
0 0.3203125 0.94453125 0.046875 0.0546875
0 0.08671875 0.8859375 0.0859375 0.075
0 0.20234375 0.78203125 0.0671875 0.1015625
0 0.03046875 0.771875 0.0609375 0.096875
0 0.9140625 0.97421875 0.109375 0.0515625
0 0.9859375 0.903125 0.028125 0.09375
0 0.93046875 0.8890625 0.0234375 0.028125
0 0.95546875 0.77734375 0.0359375 0.0390625
0 0.45703125 0.19453125 0.0921875 0.0921875
0 0.36171875 0.08046875 0.0828125 0.0828125
0 0.64296875 0.02421875 0.0921875 0.0484375
0 0.48515625 0.79375 0.0796875 0.0875
0 0.03046875 0.0328125 0.0609375 0.05625
0 0.98203125 0.5734375 0.0359375 0.0671875
0 0.134375 0.47734375 0.05625 0.0546875
0 0.4984375 0.4421875 0.04375 0.046875