0 0.4046875 0.05625 0.10625 0.1125
0 0.34296875 0.1453125 0.0671875 0.071875
0 0.26875 0.2875 0.084375 0.10625
0 0.1453125 0.1625 0.071875 0.10625
0 0.0953125 0.06953125 0.103125 0.0984375
0 0.02734375 0.2234375 0.0546875 0.09375
0 0.08515625 0.3421875 0.0828125 0.10625
0 0.1421875 0.45625 0.0875 0.10625
0 0.18671875 0.6 0.0984375 0.10625
0 0.096875 0.63125 0.06875 0.090625
0 0.02734375 0.58203125 0.0546875 0.1796875
0 0.1953125 0.73984375 0.078125 0.078125
0 0.26875 0.8734375 0.1 0.10625
0 0.3875 0.7984375 0.09375 0.1125
0 0.44453125 0.93515625 0.1140625 0.1109375
0 0.35 0.66484375 0.075 0.1109375
0 0.06171875 0.82265625 0.0921875 0.1046875
0 0.08828125 0.9359375 0.1140625 0.096875
0 0.4609375 0.6 0.09375 0.090625
0 0.3671875 0.4671875 0.1015625 0.08125
0 0.35625 0.37109375 0.103125 0.1078125
0 0.4984375 0.36953125 0.090625 0.1046875
0 0.59453125 0.415625 0.0953125 0.103125
0 0.57734375 0.51875 0.0828125 0.090625
0 0.69453125 0.6265625 0.0921875 0.1171875
0 0.57578125 0.69921875 0.1109375 0.1171875
0 0.8078125 0.7359375 0.06875 0.0859375
0 0.8640625 0.834375 0.0875 0.10625
0 0.7 0.9140625 0.09375 0.109375
0 0.7125 0.7953125 0.075 0.065625
0 0.7828125 0.3546875 0.071875 0.059375
0 0.89921875 0.23984375 0.1015625 0.1265625
0 0.7640625 0.1828125 0.121875 0.1078125
0 0.665625 0.26796875 0.153125 0.1140625
0 0.60703125 0.165625 0.1265625 0.1125
0 0.6578125 0.06015625 0.121875 0.1203125
0 0.953125 0.1265625 0.09375 0.10625
0 0.9234375 0.01640625 0.090625 0.0328125
0 0.875 0.428125 0.084375 0.121875
0 0.825 0.5375 0.109375 0.1125
0 0.9015625 0.671875 0.06875 0.09375
0 0.8484375 0.73203125 0.040625 0.0734375
0 0.84375 0.95859375 0.053125 0.0640625
0 0.61875 0.98828125 0.075 0.0234375
0 0.91015625 0.9859375 0.0390625 0.028125
0 0.96875 0.88515625 0.0375 0.0515625
0 0.978125 0.9609375 0.04375 0.078125
0 0.3125 0.98203125 0.05625 0.0359375
0 0.54609375 0.80390625 0.0515625 0.0671875
0 0.74609375 0.4234375 0.0765625 0.096875
0 0.4859375 0.153125 0.065625 0.071875
0 0.28125 0.0703125 0.09375 0.109375
0 0.46640625 0.465625 0.0484375 0.046875
0 0.6125 0.8453125 0.053125 0.05625
0 0.53046875 0.88671875 0.0359375 0.0453125
0 0.81171875 0.03203125 0.0984375 0.0640625
0 0.978125 0.34296875 0.04375 0.0515625