0 0.67421875 0.4 0.07890625 0.08984375
0 0.53984375 0.51015625 0.08984375 0.1109375
0 0.69765625 0.5890625 0.07265625 0.07578125
0 0.7125 0.74765625 0.09296875 0.11875
0 0.5703125 0.690625 0.09453125 0.1078125
0 0.6421875 0.8625 0.07265625 0.07578125
0 0.4984375 0.83203125 0.1 0.1015625
0 0.34609375 0.8421875 0.0484375 0.0515625
0 0.41875 0.69296875 0.09140625 0.115625
0 0.26796875 0.690625 0.09453125 0.1078125
0 0.21640625 0.5515625 0.09453125 0.103125
0 0.05703125 0.5546875 0.1078125 0.1125
0 0.0953125 0.6953125 0.09453125 0.1015625
0 0.1265625 0.84140625 0.1046875 0.1140625
0 0.02578125 0.82421875 0.0515625 0.09453125
0 0.0515625 0.9484375 0.103125 0.103125
0 0.309375 0.96015625 0.109375 0.0796875
0 0.48125 0.95859375 0.08125 0.0828125
0 0.62890625 0.98046875 0.0640625 0.03828125
0 0.91796875 0.0328125 0.08046875 0.065625
0 0.975 0.0703125 0.05 0.08203125
0 0.99140625 0.16171875 0.0171875 0.0953125
0 0.91171875 0.18203125 0.103125 0.13515625
0 0.959375 0.3234375 0.08125 0.13125
0 0.98125 0.42890625 0.03671875 0.115625
0 0.9828125 0.565625 0.03359375 0.12578125
0 0.9640625 0.703125 0.071875 0.128125
0 0.97890625 0.8515625 0.0421875 0.1015625
0 0.91484375 0.9765625 0.08046875 0.046875
0 0.86484375 0.32109375 0.08359375 0.08515625
0 0.8453125 0.42265625 0.0640625 0.0546875
0 0.91953125 0.46875 0.07109375 0.07578125
0 0.86171875 0.52578125 0.0421875 0.0453125
0 0.78515625 0.5234375 0.1140625 0.159375
0 0.8703125 0.65546875 0.07890625 0.09453125
0 0.89765625 0.5734375 0.05625 0.059375
0 0.859375 0.73203125 0.0546875 0.0453125
0 0.85859375 0.79921875 0.06875 0.08359375
0 0.8546875 0.8984375 0.08828125 0.10625
0 0.77421875 0.89921875 0.0625 0.06875
0 0.50625 0.07578125 0.15078125 0.15078125
0 0.66015625 0.04375 0.09140625 0.08671875
0 0.81796875 0.09453125 0.03828125 0.0515625
0 0.746875 0.1265625 0.1109375 0.1203125
0 0.72421875 0.04609375 0.07578125 0.07578125
0 0.3953125 0.21796875 0.09609375 0.07890625
0 0.38203125 0.29453125 0.06875 0.07109375
0 0.32265625 0.3359375 0.07578125 0.08359375
0 0.390625 0.415625 0.1 0.13046875
0 0.36875 0.54453125 0.109375 0.1046875
0 0.19453125 0.04453125 0.121875 0.08828125
0 0.26640625 0.15 0.1234375 0.1140625
0 0.17109375 0.2140625 0.09453125 0.09609375
0 0.20625 0.303125 0.08828125 0.08984375
0 0.23828125 0.4015625 0.08828125 0.11875
0 0.10078125 0.38671875 0.09453125 0.08828125
0 0.0453125 0.06484375 0.0875 0.1296875
0 0.01015625 0.2875 0.0203125 0.084375
0 0.5109375 0.3421875 0.1640625 0.12890625