0 0.728125 0.5921875 0.11875 0.121875
0 0.68828125 0.721875 0.1109375 0.125
0 0.62578125 0.59296875 0.0640625 0.0859375
0 0.56484375 0.8140625 0.0828125 0.096875
0 0.49765625 0.925 0.0953125 0.10625
0 0.3359375 0.940625 0.1 0.115625
0 0.253125 0.80703125 0.084375 0.1046875
0 0.16796875 0.7296875 0.1015625 0.109375
0 0.18125 0.928125 0.103125 0.128125
0 0.30390625 0.69453125 0.0828125 0.0984375
0 0.48515625 0.55703125 0.1171875 0.1140625
0 0.528125 0.29921875 0.078125 0.0984375
0 0.61796875 0.13515625 0.0703125 0.0734375
0 0.821875 0.028125 0.059375 0.05625
0 0.58671875 0.03046875 0.0734375 0.0609375
0 0.440625 0.10234375 0.06875 0.1109375
0 0.4 0.1921875 0.0875 0.0875
0 0.2046875 0.140625 0.090625 0.109375
0 0.221875 0.33984375 0.084375 0.0921875
0 0.11015625 0.31015625 0.0796875 0.09375
0 0.0296875 0.053125 0.059375 0.10625
0 0.12734375 0.04375 0.0734375 0.0875
0 0.0359375 0.5421875 0.071875 0.109375
0 0.12734375 0.6 0.0828125 0.075
0 0.128125 0.45078125 0.06875 0.1046875
0 0.040625 0.39609375 0.05625 0.0734375
0 0.8875 0.06796875 0.05625 0.0484375
0 0.8484375 0.21875 0.103125 0.084375
0 0.86484375 0.1484375 0.0484375 0.046875
0 0.97265625 0.5203125 0.0546875 0.125
0 0.95703125 0.61015625 0.0703125 0.0640625
0 0.978125 0.709375 0.04375 0.075
0 0.89921875 0.81328125 0.1015625 0.0953125
0 0.78203125 0.85 0.0796875 0.096875
0 0.85859375 0.9328125 0.0828125 0.090625
0 0.65546875 0.91328125 0.0828125 0.1015625
0 0.73125 0.978125 0.078125 0.04375
0 0.9203125 0.98828125 0.059375 0.0234375
0 0.40703125 0.31484375 0.0796875 0.0890625
0 0.25703125 0.2390625 0.1078125 0.1125
0 0.31640625 0.1109375 0.0609375 0.103125
0 0.384375 0.02265625 0.08125 0.0453125
0 0.62421875 0.2484375 0.0765625 0.1125
0 0.52734375 0.17109375 0.0609375 0.084375
0 0.728125 0.25234375 0.05625 0.0671875
0 0.94140625 0.17890625 0.1171875 0.1453125
0 0.31484375 0.4 0.0671875 0.08125
0 0.3828125 0.62890625 0.078125 0.0859375
0 0.2078125 0.49921875 0.078125 0.1015625
0 0.28203125 0.5734375 0.1171875 0.140625
0 0.3875 0.80703125 0.09375 0.1140625
0 0.715625 0.0984375 0.071875 0.103125
0 0.06953125 0.1921875 0.1078125 0.128125
0 0.01484375 0.29921875 0.0296875 0.0984375
0 0.51953125 0.384375 0.0453125 0.05625
0 0.60546875 0.328125 0.0765625 0.1
0 0.84765625 0.31640625 0.1109375 0.1390625
0 0.471875 0.73046875 0.059375 0.0609375
0 0.9796875 0.81875 0.0375 0.10625
0 0.98671875 0.91875 0.0265625 0.071875
0 0.4421875 0.4390625 0.134375 0.134375