0 0.27265625 0.115625 0.1015625 0.1078125
0 0.45234375 0.1796875 0.1109375 0.1140625
0 0.3234375 0.25859375 0.06015625 0.0984375
0 0.15546875 0.32265625 0.1109375 0.115625
0 0.04375 0.39609375 0.0875 0.08125
0 0.08828125 0.1796875 0.1125 0.0984375
0 0.06171875 0.0640625 0.0921875 0.10625
0 0.203125 0.009375 0.07265625 0.01875
0 0.39375 0.04765625 0.0953125 0.0953125
0 0.55234375 0.046875 0.05703125 0.06484375
0 0.61953125 0.08359375 0.03359375 0.04296875
0 0.7109375 0.15546875 0.0953125 0.1078125
0 0.7234375 0.0359375 0.0765625 0.06484375
0 0.62890625 0.25859375 0.07265625 0.0765625
0 0.46953125 0.3546875 0.0921875 0.1
0 0.3359375 0.45625 0.084375 0.096875
0 0.16328125 0.50859375 0.1109375 0.084375
0 0.2546875 0.615625 0.12890625 0.15546875
0 0.3875 0.603125 0.06015625 0.05078125
0 0.878125 0.07578125 0.0890625 0.10625
0 0.8484375 0.01015625 0.1 0.0203125
0 0.98203125 0.12734375 0.0359375 0.0515625
0 0.8578125 0.20234375 0.05546875 0.06484375
0 0.890625 0.33515625 0.0765625 0.1078125
0 0.77109375 0.3328125 0.0765625 0.1109375
0 0.634375 0.43984375 0.09375 0.1046875
0 0.84765625 0.48984375 0.0765625 0.1
0 0.97734375 0.5390625 0.0453125 0.096875
0 0.9796875 0.4203125 0.040625 0.115625
0 0.87421875 0.63125 0.0765625 0.0796875
0 0.89765625 0.75859375 0.06484375 0.0984375
0 0.9640625 0.68359375 0.07109375 0.115625
0 0.92265625 0.234375 0.03671875 0.04765625
0 0.98828125 0.3125 0.0234375 0.0796875
0 0.98515625 0.21171875 0.0296875 0.0953125
0 0.9921875 0.80859375 0.015625 0.08125
0 0.91953125 0.91875 0.06796875 0.0953125
0 0.81875 0.9125 0.1078125 0.16796875
0 0.7109375 0.97265625 0.0796875 0.05390625
0 0.6109375 0.95546875 0.0796875 0.0890625
0 0.7421875 0.6921875 0.09375 0.1078125
0 0.59921875 0.721875 0.078125 0.0828125
0 0.49609375 0.72421875 0.103125 0.11875
0 0.5390625 0.62734375 0.078125 0.0828125
0 0.5203125 0.5171875 0.1046875 0.1078125
0 0.4453125 0.89609375 0.08125 0.096875
0 0.2765625 0.90859375 0.1078125 0.121875
0 0.165625 0.97734375 0.109375 0.0453125
0 0.0859375 0.89140625 0.0765625 0.0875
0 0.10703125 0.73828125 0.05546875 0.0875
0 0.20859375 0.778125 0.03671875 0.03515625
0 0.3375 0.7875 0.06171875 0.0953125
0 0.99609375 0.9 0.0078125 0.07265625
0 0.5546875 0.85078125 0.03046875 0.04765625
0 0.1859375 0.89375 0.021875 0.02890625
0 0.69296875 0.75859375 0.109375 0.0921875
0 0.7296875 0.5546875 0.14140625 0.14453125
0 0.54453125 0.13046875 0.03515625 0.04765625