0 0.709375 0.8671875 0.09609375 0.10703125
0 0.7921875 0.9515625 0.071875 0.096875
0 0.696875 0.9703125 0.09375 0.059375
0 0.6046875 0.9359375 0.0875 0.09609375
0 0.47265625 0.96015625 0.0875 0.07890625
0 0.4515625 0.865625 0.090625 0.10390625
0 0.58984375 0.79453125 0.06796875 0.0828125
0 0.5984375 0.6765625 0.084375 0.115625
0 0.6234375 0.55703125 0.059375 0.090625
0 0.66796875 0.44453125 0.0921875 0.1203125
0 0.53984375 0.39609375 0.09609375 0.12890625
0 0.6359375 0.28125 0.07421875 0.10859375
0 0.734375 0.2015625 0.09609375 0.10234375
0 0.85 0.18046875 0.07578125 0.0875
0 0.809375 0.05078125 0.14375 0.1015625
0 0.95859375 0.13125 0.0828125 0.09375
0 0.97109375 0.2421875 0.0578125 0.06953125
0 0.97578125 0.49921875 0.04765625 0.1203125
0 0.8484375 0.47578125 0.10546875 0.10703125
0 0.95078125 0.65703125 0.0921875 0.115625
0 0.8609375 0.83515625 0.08046875 0.12578125
0 0.97734375 0.76796875 0.04453125 0.0578125
0 0.96171875 0.94921875 0.04921875 0.065625
0 0.90078125 0.99296875 0.0828125 0.0140625
0 0.80625 0.6 0.1234375 0.14375
0 0.47265625 0.52734375 0.0875 0.0890625
0 0.359375 0.39453125 0.0921875 0.1421875
0 0.5015625 0.6953125 0.05625 0.07734375
0 0.3703125 0.72265625 0.0546875 0.0828125
0 0.328125 0.85390625 0.0890625 0.1203125
0 0.15390625 0.96015625 0.10703125 0.07890625
0 0.215625 0.83671875 0.090625 0.11875
0 0.18203125 0.7109375 0.07421875 0.0921875
0 0.13203125 0.61796875 0.07890625 0.10390625
0 0.26484375 0.60859375 0.06796875 0.0859375
0 0.31328125 0.50078125 0.0921875 0.13359375
0 0.4203125 0.2671875 0.0546875 0.06953125
0 0.3265625 0.15703125 0.059375 0.0625
0 0.20078125 0.26796875 0.07109375 0.10703125
0 0.15546875 0.17890625 0.0890625 0.10078125
0 0.115625 0.28515625 0.059375 0.09921875
0 0.1890625 0.365625 0.0546875 0.07734375
0 0.0453125 0.48046875 0.07734375 0.10859375
0 0.2796875 0.35703125 0.07109375 0.09921875
0 0.4875 0.146875 0.10078125 0.11875
0 0.52890625 0.0609375 0.10078125 0.10234375
0 0.6078125 0.14296875 0.090625 0.09375
0 0.10625 0.03828125 0.07734375 0.07578125
0 0.03125 0.08515625 0.0625 0.09375
0 0.03203125 0.209375 0.0640625 0.10234375
0 0.01328125 0.6171875 0.0265625 0.1125
0 0.0171875 0.759375 0.034375 0.07890625
0 0.09921875 0.825 0.07890625 0.09609375
0 0.03125 0.9296875 0.0625 0.1171875
0 0.18984375 0.4953125 0.09609375 0.0828125
0 0.32421875 0.02578125 0.07109375 0.05078125
0 0.2046875 0.02109375 0.10625 0.0421875
0 0.2171875 0.0703125 0.03828125 0.0546875
0 0.0984375 0.36953125 0.07109375 0.07578125
0 0.421875 0.06328125 0.034375 0.05078125
0 0.921875 0.3703125 0.090625 0.09375
0 0.7375 0.73984375 0.07890625 0.090625
0 0.78125 0.3125 0.0578125 0.07734375
0 0.9828125 0.02265625 0.034375 0.04453125
0 0.28125 0.95 0.090625 0.1
0 0.53125 0.2640625 0.04609375 0.04609375
0 0.8828125 0.71484375 0.0859375 0.0828125
0 0.4328125 0.6125 0.07734375 0.0828125