0 0.9609375 0.01796875 0.078125 0.0359375
0 0.9859375 0.1578125 0.028125 0.11328125
0 0.94375 0.096875 0.05546875 0.065625
0 0.83359375 0.06953125 0.10625 0.1
0 0.86015625 0.16640625 0.09375 0.096875
0 0.91015625 0.26015625 0.08515625 0.096875
0 0.81640625 0.2953125 0.0984375 0.07578125
0 0.69921875 0.2125 0.103125 0.11015625
0 0.671875 0.34609375 0.0921875 0.0953125
0 0.75078125 0.41484375 0.0984375 0.11171875
0 0.709375 0.51953125 0.09375 0.1078125
0 0.8671875 0.47578125 0.103125 0.11796875
0 0.9921875 0.48046875 0.015625 0.1046875
0 0.92109375 0.56875 0.11171875 0.13125
0 0.9640625 0.67265625 0.071875 0.11328125
0 0.7953125 0.6171875 0.0921875 0.0953125
0 0.57890625 0.5890625 0.07578125 0.08984375
0 0.65078125 0.665625 0.071875 0.08828125
0 0.6875 0.73984375 0.1265625 0.10625
0 0.809375 0.7890625 0.08984375 0.0953125
0 0.8578125 0.85 0.0734375 0.11328125
0 0.9390625 0.8328125 0.07578125 0.1046875
0 0.628125 0.83046875 0.08203125 0.08984375
0 0.559375 0.69453125 0.0984375 0.08671875
0 0.521875 0.771875 0.08046875 0.071875
0 0.5328125 0.8484375 0.08515625 0.08359375
0 0.4578125 0.8953125 0.0703125 0.071875
0 0.4984375 0.94921875 0.08828125 0.08203125
0 0.6078125 0.9484375 0.14765625 0.103125
0 0.715625 0.85703125 0.08046875 0.08515625
0 0.7953125 0.96640625 0.07578125 0.0671875
0 0.90234375 0.94296875 0.08984375 0.08515625
0 0.953125 0.9578125 0.08671875 0.08359375
0 0.6703125 0.0703125 0.07890625 0.1015625
0 0.60078125 0.1015625 0.08046875 0.0921875
0 0.54609375 0.21875 0.1078125 0.103125
0 0.53671875 0.29765625 0.0703125 0.0734375
0 0.49375 0.37109375 0.0984375 0.065625
0 0.57109375 0.44609375 0.096875 0.0984375
0 0.46796875 0.51328125 0.1 0.1046875
0 0.35078125 0.446875 0.08828125 0.07734375
0 0.36015625 0.5390625 0.0640625 0.071875
0 0.3671875 0.01640625 0.07890625 0.0328125
0 0.28046875 0.06640625 0.08828125 0.09375
0 0.14609375 0.0203125 0.128125 0.040625
0 0.065625 0.05078125 0.0921875 0.0953125
0 0.16953125 0.1078125 0.08046875 0.128125
0 0.165625 0.1890625 0.08828125 0.09375
0 0.05234375 0.215625 0.1046875 0.10625
0 0.028125 0.11484375 0.05546875 0.0953125
0 0.06640625 0.31640625 0.1 0.0953125
0 0.17109375 0.28984375 0.0703125 0.07578125
0 0.24609375 0.25078125 0.07578125 0.0953125
0 0.321875 0.1859375 0.10625 0.11328125
0 0.43125 0.14765625 0.11484375 0.11171875
0 0.5203125 0.046875 0.14296875 0.09375
0 0.3765625 0.30703125 0.0640625 0.07734375
0 0.209375 0.37734375 0.11015625 0.11171875
0 0.17734375 0.48359375 0.08203125 0.08515625
0 0.25703125 0.53828125 0.1015625 0.103125
0 0.40234375 0.62734375 0.0734375 0.07734375
0 0.39296875 0.7265625 0.103125 0.1015625
0 0.36328125 0.82265625 0.11328125 0.0921875
0 0.34609375 0.8796875 0.071875 0.0734375
0 0.37109375 0.96640625 0.08671875 0.0671875
0 0.27734375 0.96796875 0.08203125 0.0640625
0 0.190625 0.94609375 0.103125 0.1078125
0 0.06796875 0.94296875 0.1140625 0.1140625
0 0.08203125 0.81015625 0.1015625 0.1078125
0 0.09296875 0.728125 0.08046875 0.071875
0 0.0359375 0.64765625 0.071875 0.07890625
0 0.1125 0.628125 0.08046875 0.0953125
0 0.17578125 0.63671875 0.0953125 0.08671875
0 0.2421875 0.7421875 0.08359375 0.0984375
0 0.2796875 0.63203125 0.1390625 0.11953125
0 0.04609375 0.43515625 0.0921875 0.08671875
0 0.10625 0.5265625 0.08515625 0.08828125
0 0.01953125 0.53984375 0.0390625 0.11015625
0 0.28203125 0.82109375 0.1046875 0.1046875
0 0.9921875 0.34375 0.015625 0.04375
0 0.9140625 0.365625 0.0609375 0.05546875
0 0.82578125 0.38203125 0.03125 0.0359375