0 0.05859375 0.14375 0.1171875 0.1046875
0 0.12578125 0.09296875 0.09375 0.09140625
0 0.2453125 0.06953125 0.09921875 0.1171875
0 0.3390625 0.01796875 0.1171875 0.0359375
0 0.48125 0.0125 0.07734375 0.025
0 0.58828125 0.03515625 0.12265625 0.0703125
0 0.5203125 0.10078125 0.1078125 0.12578125
0 0.4109375 0.1109375 0.09921875 0.09921875
0 0.34453125 0.22421875 0.109375 0.1203125
0 0.4421875 0.35703125 0.08984375 0.10625
0 0.3453125 0.4203125 0.10078125 0.10625
0 0.4765625 0.52421875 0.11484375 0.109375
0 0.6203125 0.5359375 0.1046875 0.11328125
0 0.6328125 0.4234375 0.11171875 0.12421875
0 0.71953125 0.30546875 0.1046875 0.11171875
0 0.68984375 0.20703125 0.08828125 0.12265625
0 0.609375 0.15 0.0828125 0.08828125
0 0.55 0.2296875 0.096875 0.12421875
0 0.45859375 0.20859375 0.05 0.0609375
0 0.25234375 0.234375 0.0703125 0.0703125
0 0.1421875 0.2125 0.0828125 0.07890625
0 0.15859375 0.32734375 0.15078125 0.14765625
0 0.21015625 0.47109375 0.10078125 0.10078125
0 0.2078125 0.55 0.08828125 0.059375
0 0.1890625 0.66171875 0.09375 0.1046875
0 0.10078125 0.559375 0.0609375 0.071875
0 0.015625 0.50390625 0.03046875 0.1046875
0 0.03671875 0.3859375 0.0734375 0.109375
0 0.7703125 0.0875 0.12421875 0.1171875
0 0.77578125 0.19765625 0.05546875 0.06796875
0 0.8140625 0.28046875 0.059375 0.05390625
0 0.90390625 0.2015625 0.0953125 0.12265625
0 0.975 0.22421875 0.05 0.09140625
0 0.99375 0.33671875 0.0125 0.046875
0 0.95 0.40625 0.1 0.134375
0 0.91796875 0.30390625 0.04140625 0.06484375
0 0.87890625 0.02265625 0.08125 0.0453125
0 0.95625 0.084375 0.0875 0.125
0 0.9796875 0.01796875 0.040625 0.0359375
0 0.784375 0.4484375 0.12578125 0.12734375
0 0.89921875 0.54765625 0.12265625 0.12734375
0 0.83515625 0.63125 0.084375 0.1078125
0 0.990625 0.59375 0.01796875 0.12265625
0 0.8640625 0.821875 0.10625 0.11171875
0 0.959375 0.84453125 0.08125 0.109375
0 0.9859375 0.76015625 0.028125 0.0953125
0 0.72265625 0.88203125 0.09375 0.11328125
0 0.64765625 0.63671875 0.11484375 0.1078125
0 0.7203125 0.7328125 0.1421875 0.13828125
0 0.5890625 0.7625 0.12421875 0.12578125
0 0.5375 0.64921875 0.1078125 0.1078125
0 0.4109375 0.66484375 0.10625 0.12734375
0 0.33359375 0.74609375 0.12421875 0.11484375
0 0.22578125 0.825 0.11328125 0.12421875
0 0.28359375 0.934375 0.0953125 0.10234375
0 0.0578125 0.91015625 0.11484375 0.1078125
0 0.08671875 0.771875 0.07890625 0.11875
0 0.459375 0.94609375 0.11328125 0.1078125
0 0.56015625 0.9046875 0.0734375 0.096875
0 0.575 0.975 0.07734375 0.05
0 0.65859375 0.97109375 0.07890625 0.0578125
0 0.74609375 0.97734375 0.05 0.0453125
0 0.8578125 0.9546875 0.12265625 0.08984375
0 0.94140625 0.9484375 0.1171875 0.10234375