0 0.54375 0.0703125 0.1140625 0.1171875
0 0.79921875 0.02421875 0.0953125 0.0484375
0 0.690625 0.01875 0.06171875 0.03671875
0 0.73984375 0.04296875 0.05 0.0453125
0 0.78359375 0.09921875 0.09765625 0.090625
0 0.70234375 0.11328125 0.0921875 0.10078125
0 0.68984375 0.19140625 0.0703125 0.0671875
0 0.74140625 0.22734375 0.10390625 0.115625
0 0.83671875 0.18984375 0.0859375 0.10390625
0 0.92265625 0.14921875 0.09765625 0.090625
0 0.9765625 0.13515625 0.046875 0.0953125
0 0.96953125 0.04296875 0.06015625 0.0859375
0 0.87265625 0.06484375 0.0734375 0.10546875
0 0.353125 0.0578125 0.07578125 0.06875
0 0.353125 0.0046875 0.059375 0.009375
0 0.4484375 0.1390625 0.109375 0.10703125
0 0.51796875 0.20859375 0.05234375 0.05859375
0 0.33671875 0.17265625 0.0921875 0.10390625
0 0.23046875 0.11328125 0.0890625 0.1359375
0 0.13515625 0.20859375 0.09921875 0.12578125
0 0.23828125 0.25625 0.10390625 0.10078125
0 0.04140625 0.2390625 0.0453125 0.05234375
0 0.10234375 0.3609375 0.09375 0.0875
0 0.209375 0.38984375 0.0734375 0.0859375
0 0.10390625 0.45703125 0.10703125 0.0953125
0 0.02890625 0.40390625 0.05703125 0.1390625
0 0.0109375 0.103125 0.021875 0.10234375
0 0.0796875 0.0359375 0.0890625 0.071875
0 0.1859375 0.02578125 0.121875 0.0515625
0 0.25078125 0.5328125 0.12890625 0.11875
0 0.3046875 0.4546875 0.0953125 0.090625
0 0.3828125 0.3296875 0.0734375 0.0921875
0 0.465625 0.29921875 0.109375 0.109375
0 0.55546875 0.27890625 0.10078125 0.12421875
0 0.63125 0.32890625 0.10078125 0.10703125
0 0.55390625 0.425 0.10546875 0.115625
0 0.534375 0.49921875 0.10234375 0.10234375
0 0.47734375 0.53828125 0.05546875 0.0671875
0 0.43515625 0.45234375 0.07890625 0.11875
0 0.62734375 0.48671875 0.0875 0.1140625
0 0.678125 0.57109375 0.09375 0.0890625
0 0.6796875 0.640625 0.090625 0.08359375
0 0.590625 0.615625 0.05390625 0.06015625
0 0.65546875 0.7234375 0.05859375 0.05546875
0 0.7234375 0.77734375 0.08359375 0.115625
0 0.7234375 0.88125 0.07734375 0.07734375
0 0.771875 0.95234375 0.090625 0.0953125
0 0.65546875 0.95234375 0.109375 0.0953125
0 0.56640625 0.921875 0.115625 0.11875
0 0.54921875 0.73203125 0.109375 0.09765625
0 0.5078125 0.65 0.08203125 0.10078125
0 0.62421875 0.77734375 0.10390625 0.10546875
0 0.41953125 0.77578125 0.10703125 0.11875
0 0.3375 0.66015625 0.08359375 0.09765625
0 0.38203125 0.609375 0.09921875 0.10703125
0 0.35625 0.52421875 0.05546875 0.05234375
0 0.31015625 0.76328125 0.08046875 0.0875
0 0.33359375 0.84375 0.0703125 0.0734375
0 0.41640625 0.88828125 0.08359375 0.0859375
0 0.42890625 0.95859375 0.08203125 0.08203125
0 0.30625 0.90390625 0.0890625 0.08203125
0 0.34921875 0.97578125 0.0734375 0.0484375
0 0.27578125 0.97265625 0.0734375 0.0546875
0 0.21484375 0.97734375 0.05 0.0453125
0 0.13203125 0.9921875 0.0859375 0.01484375
0 0.0375 0.98515625 0.05625 0.0296875
0 0.0453125 0.91640625 0.0734375 0.0734375
0 0.1109375 0.8203125 0.0953125 0.10078125
0 0.15 0.909375 0.07890625 0.09375
0 0.03515625 0.559375 0.0703125 0.115625
0 0.115625 0.61875 0.09375 0.10078125
0 0.2015625 0.6609375 0.09765625 0.1109375
0 0.175 0.5828125 0.06171875 0.06171875
0 0.14765625 0.73359375 0.0734375 0.10078125
0 0.0640625 0.7578125 0.0671875 0.07578125
0 0.00859375 0.70078125 0.01640625 0.0859375
0 0.0125 0.815625 0.025 0.1171875
0 0.93984375 0.2890625 0.08046875 0.0953125
0 0.96953125 0.3625 0.06015625 0.0734375
0 0.8875 0.38828125 0.0875 0.09921875
0 0.74296875 0.42109375 0.090625 0.10703125
0 0.7484375 0.53671875 0.05 0.05390625
0 0.77734375 0.628125 0.0921875 0.1125
0 0.81171875 0.7140625 0.04375 0.03828125
0 0.8953125 0.63359375 0.10234375 0.10078125
0 0.853125 0.50390625 0.0921875 0.0953125
0 0.92265625 0.45703125 0.09765625 0.0859375
0 0.94921875 0.553125 0.1015625 0.103125
0 0.9890625 0.63515625 0.021875 0.0484375
0 0.99453125 0.41484375 0.0109375 0.1390625
0 0.99296875 0.27109375 0.01328125 0.0921875
0 0.98671875 0.728125 0.0265625 0.12421875
0 0.88203125 0.7984375 0.07578125 0.12421875
0 0.8984375 0.8890625 0.109375 0.09375
0 0.85546875 0.978125 0.046875 0.03671875
0 0.93828125 0.98984375 0.1234375 0.0203125
0 0.240625 0.7515625 0.03515625 0.05390625
0 0.2421875 0.8484375 0.1125 0.0890625