0 0.24921875 0.04765625 0.09921875 0.0953125
0 0.253125 0.2 0.10625 0.11796875
0 0.403125 0.18984375 0.0953125 0.10625
0 0.3984375 0.04375 0.09296875 0.0875
0 0.6703125 0.04765625 0.078125 0.071875
0 0.6546875 0.16953125 0.09296875 0.0953125
0 0.8171875 0.03515625 0.06875 0.0703125
0 0.8390625 0.12578125 0.09296875 0.10234375
0 0.9203125 0.02578125 0.08359375 0.0515625
0 0.9484375 0.16328125 0.09140625 0.10234375
0 0.83203125 0.26328125 0.05859375 0.07421875
0 0.94609375 0.25546875 0.05859375 0.05859375
0 0.08828125 0.03671875 0.0953125 0.0734375
0 0.0859375 0.1875 0.0953125 0.10078125
0 0.090625 0.35078125 0.096875 0.1046875
0 0.15234375 0.415625 0.0875 0.09296875
0 0.2640625 0.36796875 0.10234375 0.11953125
0 0.4390625 0.37265625 0.13671875 0.140625
0 0.5703125 0.64453125 0.0953125 0.12578125
0 0.4484375 0.659375 0.08359375 0.0953125
0 0.34140625 0.6765625 0.09296875 0.11015625
0 0.2265625 0.6796875 0.08359375 0.10859375
0 0.08203125 0.5859375 0.071875 0.09140625
0 0.0734375 0.7109375 0.0890625 0.0953125
0 0.14375 0.80859375 0.10859375 0.11953125
0 0.04765625 0.86484375 0.0953125 0.10625
0 0.03046875 0.4109375 0.0609375 0.08359375
0 0.040625 0.97734375 0.08125 0.0453125
0 0.11015625 0.96015625 0.0875 0.0796875
0 0.20078125 0.95703125 0.096875 0.0859375
0 0.33046875 0.9484375 0.09140625 0.10234375
0 0.35625 0.828125 0.0859375 0.11953125
0 0.46328125 0.828125 0.10078125 0.13125
0 0.55703125 0.79453125 0.10625 0.11796875
0 0.56484375 0.95546875 0.08359375 0.0890625
0 0.45 0.95546875 0.10078125 0.0890625