0 0.090625 0.046875 0.10546875 0.09375
0 0.19609375 0.06328125 0.10859375 0.1171875
0 0.25390625 0.028125 0.0828125 0.05625
0 0.3875 0.01015625 0.05625 0.01953125
0 0.64375 0.0578125 0.10234375 0.115625
0 0.7265625 0.05625 0.08046875 0.1125
0 0.9390625 0.03359375 0.11875 0.0671875
0 0.9671875 0.1421875 0.065625 0.09921875
0 0.92265625 0.21875 0.10859375 0.13046875
0 0.8171875 0.365625 0.10234375 0.10078125
0 0.9140625 0.38359375 0.09921875 0.10703125
0 0.9546875 0.47734375 0.090625 0.13671875
0 0.90234375 0.59921875 0.0921875 0.10859375
0 0.14375 0.32421875 0.07578125 0.084375
0 0.12109375 0.19765625 0.09609375 0.10546875
0 0.0328125 0.12578125 0.065625 0.115625
0 0.3484375 0.34453125 0.0890625 0.13515625
0 0.4328125 0.4234375 0.10390625 0.13359375
0 0.5 0.440625 0.09609375 0.10546875
0 0.5609375 0.3859375 0.10546875 0.1421875
0 0.64609375 0.29609375 0.10078125 0.1140625
0 0.69375 0.384375 0.10390625 0.10703125
0 0.5828125 0.153125 0.121875 0.13203125
0 0.459375 0.22734375 0.1140625 0.13203125
0 0.3578125 0.13828125 0.11875 0.1453125
0 0.63203125 0.471875 0.07890625 0.0921875
0 0.7140625 0.5296875 0.10390625 0.10859375
0 0.75859375 0.59765625 0.07109375 0.07265625
0 0.628125 0.6265625 0.09609375 0.1140625
0 0.7015625 0.65 0.09609375 0.1515625
0 0.5375 0.6125 0.1140625 0.1421875
0 0.31171875 0.51328125 0.06796875 0.12578125
0 0.39609375 0.5796875 0.1125 0.1171875
0 0.40703125 0.6875 0.084375 0.1109375
0 0.38359375 0.75 0.1203125 0.12734375
0 0.43515625 0.8359375 0.0578125 0.07734375
0 0.3203125 0.62265625 0.0828125 0.0875
0 0.2234375 0.58984375 0.10390625 0.13046875
0 0.26796875 0.83828125 0.07734375 0.0890625
0 0.31015625 0.95625 0.10546875 0.0875
0 0.5234375 0.93125 0.07265625 0.13671875
0 0.6265625 0.9640625 0.078125 0.071875
0 0.63125 0.86484375 0.0875 0.10234375
0 0.53203125 0.77265625 0.07109375 0.0890625
0 0.6140625 0.7625 0.0859375 0.10234375
0 0.7015625 0.7703125 0.0859375 0.09609375
0 0.74375 0.85859375 0.08046875 0.10703125
0 0.8171875 0.9171875 0.07890625 0.10859375
0 0.8609375 0.82890625 0.090625 0.1203125
0 0.91484375 0.7875 0.1109375 0.1125
0 0.9640625 0.67265625 0.071875 0.1328125
0 0.9515625 0.91796875 0.090625 0.084375
0 0.9421875 0.97265625 0.0828125 0.0546875
0 0.9953125 0.82109375 0.009375 0.1203125
0 0.025 0.46015625 0.04921875 0.15859375
0 0.0453125 0.384375 0.07109375 0.07265625
0 0.10390625 0.4296875 0.07265625 0.10703125
0 0.17578125 0.43125 0.10078125 0.1109375
0 0.09375 0.5734375 0.0859375 0.13671875
0 0.12890625 0.63828125 0.07265625 0.07890625
0 0.1421875 0.715625 0.0828125 0.090625
0 0.0078125 0.628125 0.01484375 0.13046875
0 0.04453125 0.8109375 0.07578125 0.09375
0 0.05234375 0.915625 0.090625 0.12890625
0 0.0421875 0.9640625 0.084375 0.071875