0 0.58359375 0.1 0.11796875 0.14296875
0 0.41796875 0.18125 0.13359375 0.1390625
0 0.25390625 0.228125 0.121875 0.13515625
0 0.13359375 0.31640625 0.1234375 0.11171875
0 0.08984375 0.4375 0.121875 0.13359375
0 0.0125 0.3578125 0.025 0.14453125
0 0.0890625 0.07265625 0.11171875 0.09453125
0 0.0328125 0.11328125 0.065625 0.16796875
0 0.0890625 0.6859375 0.0734375 0.07890625
0 0.15859375 0.7453125 0.07890625 0.0890625
0 0.27421875 0.67890625 0.10390625 0.121875
0 0.26484375 0.47578125 0.12578125 0.121875
0 0.45 0.425 0.146875 0.1625
0 0.57890625 0.5609375 0.12734375 0.1296875
0 0.7578125 0.57109375 0.14453125 0.18515625
0 0.87265625 0.015625 0.14296875 0.03125
0 0.9890625 0.0703125 0.02109375 0.140625
0 0.828125 0.134375 0.11171875 0.13359375
0 0.70234375 0.26953125 0.121875 0.13359375
0 0.84296875 0.365625 0.15234375 0.16015625
0 0.94609375 0.51953125 0.1078125 0.13125
0 0.975 0.34375 0.05 0.2125
0 0.9484375 0.7640625 0.103125 0.11875
0 0.94296875 0.94375 0.1140625 0.11171875
0 0.77109375 0.7921875 0.13359375 0.1640625
0 0.609375 0.7390625 0.1484375 0.1546875
0 0.55859375 0.89453125 0.12578125 0.13671875
0 0.61328125 0.97734375 0.0671875 0.0453125
0 0.434375 0.7265625 0.1078125 0.16015625
0 0.384375 0.89453125 0.11171875 0.115625
0 0.0671875 0.93515625 0.134375 0.1265625
0 0.2125 0.878125 0.12578125 0.1546875