0 0.10703125 0.0625 0.0671875 0.06875
0 0.02421875 0.07109375 0.0484375 0.0859375
0 0.04296875 0.1625 0.0703125 0.08125
0 0.1234375 0.1734375 0.075 0.065625
0 0.0328125 0.27265625 0.05 0.0609375
0 0.12265625 0.25390625 0.0484375 0.0640625
0 0.26328125 0.046875 0.0671875 0.084375
0 0.346875 0.1015625 0.084375 0.09375
0 0.4265625 0.1546875 0.0875 0.08125
0 0.453125 0.053125 0.103125 0.096875
0 0.55390625 0.12578125 0.0828125 0.0859375
0 0.61484375 0.17265625 0.0578125 0.0484375
0 0.66875 0.07265625 0.103125 0.1078125
0 0.790625 0.14453125 0.096875 0.1078125
0 0.86875 0.0484375 0.0875 0.096875
0 0.9546875 0.11796875 0.090625 0.1109375
0 0.88125 0.21796875 0.08125 0.1140625
0 0.865625 0.396875 0.096875 0.1125
0 0.7578125 0.37265625 0.0515625 0.0578125
0 0.725 0.25703125 0.090625 0.1078125
0 0.6421875 0.3234375 0.059375 0.075
0 0.4296875 0.3125 0.084375 0.084375
0 0.34453125 0.2328125 0.0625 0.06875
0 0.5359375 0.25546875 0.109375 0.09375
0 0.56484375 0.4046875 0.0515625 0.06875
0 0.465625 0.425 0.0875 0.084375
0 0.35078125 0.4078125 0.0984375 0.11875
0 0.3109375 0.53515625 0.090625 0.0859375
0 0.2890625 0.63359375 0.115625 0.1046875
0 0.2734375 0.75 0.09375 0.115625
0 0.27265625 0.86328125 0.0984375 0.1015625
0 0.278125 0.9375 0.0875 0.078125
0 0.21484375 0.98671875 0.0453125 0.0265625
0 0.10703125 0.97421875 0.0671875 0.0515625
0 0.021875 0.96875 0.04375 0.0625
0 0.43828125 0.571875 0.0703125 0.071875
0 0.4125 0.81640625 0.10625 0.1078125
0 0.446875 0.9359375 0.0875 0.096875
0 0.56796875 0.56953125 0.09375 0.1015625
0 0.54765625 0.671875 0.0953125 0.084375
0 0.5421875 0.79921875 0.075 0.0984375
0 0.4265625 0.69609375 0.103125 0.1109375
0 0.584375 0.915625 0.090625 0.096875
0 0.70078125 0.83984375 0.1046875 0.1546875
0 0.65234375 0.6734375 0.1015625 0.11875
0 0.68359375 0.578125 0.0765625 0.103125
0 0.71015625 0.453125 0.10625 0.140625
0 0.79140625 0.61484375 0.0890625 0.1203125
0 0.81796875 0.7234375 0.09375 0.109375
0 0.934375 0.6296875 0.0875 0.109375
0 0.9359375 0.75234375 0.090625 0.1140625
0 0.97890625 0.865625 0.0421875 0.090625
0 0.5859375 0.984375 0.078125 0.03125
0 0.7015625 0.9921875 0.075 0.015625
0 0.79296875 0.98984375 0.0390625 0.0203125
0 0.8671875 0.98828125 0.046875 0.0234375
0 0.9125 0.9109375 0.05 0.040625
0 0.97109375 0.9765625 0.0515625 0.046875
0 0.3375 0.9734375 0.1125 0.05