0 0.7359375 0.075 0.11875 0.14765625
0 0.625 0.01796875 0.1171875 0.0359375
0 0.63125 0.1609375 0.06796875 0.09140625
0 0.61953125 0.28671875 0.1421875 0.1671875
0 0.59296875 0.43203125 0.071875 0.08671875
0 0.45625 0.34296875 0.109375 0.11328125
0 0.296875 0.35078125 0.1046875 0.11171875
0 0.353125 0.21328125 0.09140625 0.09921875
0 0.471875 0.15234375 0.08828125 0.10234375
0 0.5515625 0.1 0.09921875 0.1046875
0 0.4859375 0.0484375 0.07890625 0.0828125
0 0.26171875 0.01640625 0.13125 0.03203125
0 0.27265625 0.0953125 0.0734375 0.096875
0 0.18046875 0.12578125 0.10234375 0.1296875
0 0.1046875 0.20390625 0.08671875 0.08125
0 0.14453125 0.26328125 0.11328125 0.09921875
0 0.0421875 0.31171875 0.084375 0.1171875
0 0.12265625 0.02265625 0.09375 0.0453125
0 0.02421875 0.08984375 0.0484375 0.11484375
0 0.02421875 0.41484375 0.0484375 0.12421875
0 0.12421875 0.41875 0.07578125 0.08671875
0 0.06484375 0.5375 0.09375 0.12578125
0 0.03984375 0.66875 0.07890625 0.14765625
0 0.1390625 0.73359375 0.11328125 0.1046875
0 0.1390625 0.54921875 0.13125 0.1171875
0 0.23828125 0.5015625 0.0953125 0.12578125
0 0.2984375 0.603125 0.11171875 0.1421875
0 0.446875 0.559375 0.1203125 0.1328125
0 0.4921875 0.6671875 0.09140625 0.1078125
0 0.39375 0.709375 0.08984375 0.1078125
0 0.315625 0.7640625 0.0953125 0.09375
0 0.24609375 0.86171875 0.08984375 0.10078125
0 0.2015625 0.94296875 0.08984375 0.10234375
0 0.11484375 0.97734375 0.08984375 0.0453125
0 0.0125 0.94296875 0.025 0.11328125
0 0.328125 0.90703125 0.11328125 0.10234375
0 0.2796875 0.98203125 0.084375 0.0359375
0 0.440625 0.96640625 0.1046875 0.06640625
0 0.46328125 0.84453125 0.0953125 0.084375
0 0.3875 0.803125 0.10234375 0.09921875
0 0.5515625 0.92265625 0.1203125 0.15078125
0 0.65546875 0.83828125 0.12421875 0.14375
0 0.7359375 0.959375 0.08984375 0.08125
0 0.81796875 0.93359375 0.07890625 0.1078125
0 0.88125 0.9703125 0.08671875 0.059375
0 0.79765625 0.7859375 0.10234375 0.11171875
0 0.884375 0.73828125 0.08125 0.1046875
0 0.95390625 0.7203125 0.084375 0.1046875
0 0.971875 0.86328125 0.05546875 0.1046875
0 0.97265625 0.9578125 0.05390625 0.084375
0 0.78359375 0.565625 0.0703125 0.10234375
0 0.6890625 0.534375 0.08671875 0.10078125
0 0.60625 0.5578125 0.08984375 0.11171875
0 0.6921875 0.71484375 0.08671875 0.084375
0 0.89765625 0.56015625 0.07578125 0.08125
0 0.96875 0.61796875 0.0625 0.1171875
0 0.9640625 0.07109375 0.071875 0.11328125
0 0.915625 0.01640625 0.0828125 0.03203125
0 0.8171875 0.0171875 0.1203125 0.034375
0 0.8828125 0.1828125 0.14765625 0.16328125
0 0.9484375 0.32578125 0.10234375 0.1078125
0 0.85859375 0.31640625 0.1421875 0.14375
0 0.80390625 0.38125 0.05390625 0.0828125
0 0.9265625 0.44609375 0.11484375 0.1046875