0 0.1546875 0.1 0.090625 0.096875
0 0.159375 0.209375 0.06875 0.096875
0 0.13984375 0.31875 0.0828125 0.096875
0 0.0265625 0.09296875 0.053125 0.1140625
0 0.0171875 0.2078125 0.034375 0.103125
0 0.0125 0.32734375 0.025 0.0765625
0 0.02578125 0.7671875 0.0515625 0.10625
0 0.26328125 0.0828125 0.09375 0.109375
0 0.2796875 0.19765625 0.1125 0.1078125
0 0.27578125 0.32265625 0.0734375 0.0828125
0 0.14453125 0.48125 0.0640625 0.065625
0 0.409375 0.06875 0.084375 0.090625
0 0.40546875 0.19609375 0.0828125 0.1171875
0 0.38671875 0.31171875 0.0765625 0.1015625
0 0.553125 0.07265625 0.090625 0.1140625
0 0.56875 0.2265625 0.1125 0.146875
0 0.50859375 0.31796875 0.0859375 0.1046875
0 0.67265625 0.078125 0.0859375 0.103125
0 0.65546875 0.19453125 0.0765625 0.0921875
0 0.64375 0.3265625 0.06875 0.090625
0 0.79453125 0.084375 0.0796875 0.10625
0 0.77265625 0.209375 0.0828125 0.1
0 0.76875 0.325 0.06875 0.078125
0 0.92578125 0.07109375 0.0859375 0.1046875
0 0.925 0.2015625 0.084375 0.10625
0 0.91875 0.3234375 0.071875 0.084375
0 0.86796875 0.37578125 0.0546875 0.0484375
0 0.96484375 0.3890625 0.0703125 0.090625
0 0.9078125 0.515625 0.05 0.06875
0 0.7828125 0.48828125 0.065625 0.0765625
0 0.66640625 0.47265625 0.0609375 0.0765625
0 0.5203125 0.47265625 0.05625 0.0640625
0 0.525 0.603125 0.065625 0.0875
0 0.515625 0.71640625 0.053125 0.0796875
0 0.51171875 0.85390625 0.0703125 0.0890625
0 0.65078125 0.85546875 0.0890625 0.0703125
0 0.64375 0.73984375 0.075 0.09375
0 0.659375 0.6109375 0.084375 0.1125
0 0.78515625 0.625 0.0859375 0.109375
0 0.7671875 0.753125 0.08125 0.115625
0 0.7671875 0.87578125 0.0546875 0.0859375
0 0.9046875 0.63828125 0.06875 0.0796875
0 0.96328125 0.715625 0.0609375 0.078125
0 0.89140625 0.7515625 0.0859375 0.08125
0 0.9453125 0.8515625 0.06875 0.084375
0 0.8796875 0.89140625 0.071875 0.1046875
0 0.921875 0.978125 0.0625 0.04375
0 0.62109375 0.978125 0.0703125 0.04375
0 0.9921875 0.8484375 0.015625 0.09375
0 0.97890625 0.95234375 0.0421875 0.0828125