0 0.95625 0.009375 0.075 0.01875
0 0.93671875 0.1046875 0.08359375 0.0734375
0 0.93828125 0.1953125 0.05390625 0.071875
0 0.68671875 0.03828125 0.09453125 0.0765625
0 0.59765625 0.08359375 0.09765625 0.090625
0 0.56796875 0.0125 0.115625 0.02421875
0 0.45546875 0.0515625 0.09296875 0.09609375
0 0.3875 0.10390625 0.06484375 0.05390625
0 0.3265625 0.0265625 0.115625 0.05234375
0 0.190625 0.07265625 0.10859375 0.1203125
0 0.02890625 0.05234375 0.0578125 0.1046875
0 0.0890625 0.1546875 0.090625 0.12734375
0 0.10703125 0.3546875 0.10859375 0.12578125
0 0.22734375 0.328125 0.0578125 0.06484375
0 0.2640625 0.1984375 0.1015625 0.1203125
0 0.35703125 0.27265625 0.06640625 0.08359375
0 0.59453125 0.26015625 0.09453125 0.09453125
0 0.68984375 0.17109375 0.0703125 0.0765625
0 0.47578125 0.196875 0.12265625 0.1046875
0 0.44296875 0.36328125 0.0578125 0.0765625
0 0.55390625 0.38671875 0.09765625 0.09453125
0 0.6828125 0.3671875 0.11015625 0.1328125
0 0.72734375 0.509375 0.1015625 0.09609375
0 0.7515625 0.61953125 0.1296875 0.1171875
0 0.76953125 0.75 0.1046875 0.1296875
0 0.7703125 0.8765625 0.11015625 0.11328125
0 0.7640625 0.9578125 0.09765625 0.08359375
0 0.95546875 0.9859375 0.075 0.028125
0 0.58515625 0.55078125 0.07890625 0.08046875
0 0.61328125 0.82421875 0.11875 0.1203125
0 0.575 0.9515625 0.09765625 0.09609375
0 0.43984375 0.5484375 0.1046875 0.11328125
0 0.4625 0.6625 0.10703125 0.09453125
0 0.46875 0.8046875 0.08359375 0.11015625
0 0.59765625 0.68984375 0.115625 0.12421875
0 0.42109375 0.93515625 0.1015625 0.10859375
0 0.29140625 0.85078125 0.1171875 0.1734375
0 0.3453125 0.6640625 0.11328125 0.1328125
0 0.31015625 0.5578125 0.0859375 0.115625
0 0.28046875 0.41796875 0.11875 0.15703125
0 0.18984375 0.5984375 0.1 0.134375
0 0.16015625 0.7203125 0.1046875 0.12265625
0 0.03984375 0.61484375 0.0796875 0.1234375
0 0.03984375 0.7515625 0.0796875 0.128125
0 0.05390625 0.9296875 0.05625 0.0453125
0 0.69765625 0.9859375 0.12578125 0.028125