0 0.1125 0.10546875 0.1 0.10703125
0 0.11796875 0.2265625 0.07578125 0.10703125
0 0.09609375 0.34765625 0.09140625 0.10703125
0 0.2328125 0.08671875 0.10390625 0.12109375
0 0.25078125 0.21328125 0.12421875 0.11953125
0 0.246875 0.35234375 0.08125 0.09140625
0 0.1015625 0.52734375 0.07109375 0.07265625
0 0.39453125 0.07109375 0.09375 0.1
0 0.38984375 0.21171875 0.09140625 0.1296875
0 0.36953125 0.33984375 0.08515625 0.1125
0 0.55390625 0.075 0.1 0.1265625
0 0.57109375 0.2453125 0.12421875 0.1625
0 0.5046875 0.346875 0.0953125 0.115625
0 0.6859375 0.08125 0.0953125 0.1140625
0 0.6671875 0.21015625 0.08515625 0.10234375
0 0.65390625 0.35625 0.07578125 0.1
0 0.82109375 0.08828125 0.08828125 0.11796875
0 0.796875 0.2265625 0.09140625 0.1109375
0 0.7921875 0.3546875 0.07578125 0.08671875
0 0.959375 0.0734375 0.08125 0.115625
0 0.959375 0.21796875 0.08125 0.11796875
0 0.95859375 0.353125 0.0796875 0.09375
0 0.90234375 0.4109375 0.0609375 0.05390625
0 0.98515625 0.42578125 0.0296875 0.1
0 0.94609375 0.565625 0.05546875 0.07578125
0 0.8078125 0.53515625 0.07265625 0.08515625
0 0.67890625 0.51796875 0.0671875 0.08515625
0 0.5171875 0.51796875 0.0625 0.07109375
0 0.52265625 0.6625 0.07265625 0.096875
0 0.5125 0.78828125 0.05859375 0.08828125
0 0.5078125 0.940625 0.078125 0.0984375
0 0.66171875 0.9421875 0.0984375 0.078125
0 0.65390625 0.8140625 0.0828125 0.10390625
0 0.67109375 0.67109375 0.09375 0.12421875
0 0.8109375 0.68671875 0.0953125 0.12109375
0 0.790625 0.82890625 0.08984375 0.128125
0 0.78984375 0.95859375 0.0609375 0.0828125
0 0.94296875 0.7015625 0.07578125 0.08828125
0 0.98671875 0.7875 0.02578125 0.08671875
0 0.928125 0.82734375 0.0953125 0.08984375
0 0.975 0.9375 0.05 0.09375
0 0.91484375 0.96171875 0.0796875 0.07578125