0 0.1109375 0.028125 0.0859375 0.05625
0 0.20859375 0.03046875 0.0890625 0.0609375
0 0.0234375 0.06796875 0.046875 0.0734375
0 0.02109375 0.17109375 0.0328125 0.1140625
0 0.12109375 0.221875 0.0921875 0.09375
0 0.09296875 0.128125 0.0359375 0.04375
0 0.0859375 0.32109375 0.084375 0.09375
0 0.06328125 0.43984375 0.1109375 0.1296875
0 0.1890625 0.4203125 0.0875 0.10625
0 0.25703125 0.33046875 0.0921875 0.0984375
0 0.30859375 0.22265625 0.0921875 0.1015625
0 0.38125 0.37421875 0.121875 0.13125
0 0.28203125 0.45859375 0.0796875 0.0953125
0 0.2390625 0.5484375 0.0875 0.1015625
0 0.1171875 0.57890625 0.084375 0.0953125
0 0.028125 0.6109375 0.05625 0.096875
0 0.028125 0.7375 0.05625 0.078125
0 0.0875 0.8421875 0.071875 0.090625
0 0.18359375 0.7328125 0.0859375 0.096875
0 0.37109375 0.5515625 0.0921875 0.103125
0 0.5125 0.61171875 0.103125 0.1203125
0 0.58125 0.56328125 0.1 0.1265625
0 0.81171875 0.27734375 0.0921875 0.1015625
0 0.6890625 0.1984375 0.0875 0.0921875
0 0.6890625 0.04453125 0.0859375 0.0890625
0 0.5078125 0.021875 0.078125 0.04375
0 0.36875 0.03671875 0.1125 0.0734375
0 0.496875 0.12734375 0.078125 0.0890625
0 0.4625 0.22421875 0.10625 0.1359375
0 0.57734375 0.13125 0.0859375 0.1125
0 0.5171875 0.346875 0.090625 0.1390625
0 0.59765625 0.2921875 0.1015625 0.090625
0 0.67578125 0.36484375 0.0921875 0.0953125
0 0.68671875 0.44765625 0.0984375 0.0828125
0 0.696875 0.54296875 0.0875 0.1015625
0 0.80625 0.6203125 0.10625 0.10625
0 0.66484375 0.709375 0.1484375 0.153125
0 0.8171875 0.740625 0.078125 0.10625
0 0.81171875 0.88203125 0.1234375 0.1015625
0 0.67109375 0.9203125 0.0828125 0.121875
0 0.82109375 0.96640625 0.0828125 0.0671875
0 0.95703125 0.928125 0.0859375 0.121875
0 0.9625 0.78125 0.075 0.109375
0 0.96640625 0.53203125 0.0671875 0.1203125
0 0.95078125 0.32421875 0.0984375 0.1328125
0 0.90546875 0.17890625 0.0828125 0.084375
0 0.81484375 0.03359375 0.0984375 0.0671875
0 0.8046875 0.16953125 0.078125 0.1109375
0 0.93359375 0.03203125 0.0765625 0.0640625
0 0.46484375 0.49453125 0.0859375 0.0984375
0 0.159375 0.96640625 0.109375 0.0671875
0 0.48359375 0.709375 0.0515625 0.075
0 0.37890625 0.73671875 0.0859375 0.0984375
0 0.840625 0.43125 0.078125 0.103125
0 0.7265625 0.28046875 0.0828125 0.1015625
0 0.35390625 0.94609375 0.0734375 0.0640625
0 0.18671875 0.14296875 0.0984375 0.1140625