0 0.13671875 0.70546875 0.0796875 0.1140625
0 0.10859375 0.49765625 0.0921875 0.1109375
0 0.20625 0.36640625 0.084375 0.1171875
0 0.3421875 0.45859375 0.090625 0.1109375
0 0.2984375 0.5953125 0.0875 0.1171875
0 0.4671875 0.53359375 0.075 0.0890625
0 0.4890625 0.64375 0.09375 0.10625
0 0.5328125 0.7640625 0.071875 0.10625
0 0.66796875 0.77578125 0.1015625 0.1203125
0 0.63984375 0.96484375 0.0828125 0.0703125
0 0.74921875 0.90390625 0.0921875 0.1046875
0 0.8671875 0.946875 0.09375 0.103125
0 0.95546875 0.984375 0.0671875 0.03125
0 0.953125 0.884375 0.09375 0.103125
0 0.9421875 0.60390625 0.0875 0.0890625
0 0.884375 0.503125 0.0875 0.090625
0 0.7859375 0.4828125 0.078125 0.096875
0 0.81953125 0.59296875 0.0921875 0.1140625
0 0.6640625 0.6078125 0.0625 0.065625
0 0.70390625 0.48984375 0.0703125 0.0796875
0 0.6140625 0.4359375 0.05625 0.059375
0 0.6109375 0.228125 0.0875 0.1125
0 0.5984375 0.04921875 0.09375 0.0984375
0 0.5 0.09296875 0.078125 0.1015625
0 0.36640625 0.06015625 0.0984375 0.1046875
0 0.425 0.17421875 0.084375 0.0890625
0 0.32421875 0.2875 0.1484375 0.153125
0 0.1796875 0.10859375 0.125 0.1171875
0 0.05859375 0.034375 0.0703125 0.06875
0 0.0421875 0.22734375 0.084375 0.0953125
0 0.85234375 0.096875 0.0953125 0.121875
0 0.94453125 0.16875 0.1078125 0.11875
0 0.978125 0.0375 0.04375 0.075
0 0.87109375 0.275 0.0921875 0.134375
0 0.175 0.85 0.075 0.090625
0 0.74609375 0.040625 0.0859375 0.08125
0 0.696875 0.3890625 0.096875 0.10625
0 0.5453125 0.37421875 0.065625 0.0671875
0 0.3375 0.81640625 0.096875 0.10625
0 0.24296875 0.8296875 0.0703125 0.0859375
0 0.1484375 0.94140625 0.078125 0.1171875
0 0.54375 0.9515625 0.09375 0.084375
0 0.41484375 0.9828125 0.0703125 0.034375
0 0.9703125 0.3890625 0.059375 0.090625
0 0.0171875 0.3140625 0.034375 0.096875
0 0.728125 0.15546875 0.059375 0.0671875
0 0.025 0.46484375 0.05 0.0796875
0 0.58515625 0.32421875 0.0765625 0.0765625
0 0.38671875 0.73359375 0.0765625 0.0828125
0 0.28515625 0.7375 0.0765625 0.075
0 0.52890625 0.8765625 0.0953125 0.103125
0 0.93671875 0.78359375 0.0765625 0.0828125
0 0.49921875 0.30859375 0.0671875 0.0921875
0 0.96640625 0.50390625 0.0671875 0.1015625
0 0.20234375 0.6921875 0.0765625 0.0875
0 0.01953125 0.7484375 0.0390625 0.065625
0 0.8921875 0.39140625 0.1125 0.1171875