0 0.5234375 0.38046875 0.13828125 0.1328125
0 0.6625 0.51953125 0.09765625 0.134375
0 0.68046875 0.67578125 0.09609375 0.11015625
0 0.49921875 0.61171875 0.08671875 0.1421875
0 0.49375 0.78203125 0.09765625 0.11015625
0 0.56796875 0.9125 0.090625 0.115625
0 0.49453125 0.96953125 0.08828125 0.06015625
0 0.79609375 0.94296875 0.09609375 0.11328125
0 0.8078125 0.78671875 0.090625 0.13671875
0 0.88359375 0.63984375 0.09765625 0.11015625
0 0.8625 0.50390625 0.1046875 0.1203125
0 0.95546875 0.2953125 0.08828125 0.1296875
0 0.9125 0.1125 0.11171875 0.14375
0 0.26953125 0.36796875 0.14921875 0.1703125
0 0.396875 0.21875 0.11328125 0.12578125
0 0.67734375 0.11328125 0.20234375 0.19140625
0 0.1203125 0.56953125 0.0671875 0.07421875
0 0.2171875 0.59609375 0.0765625 0.09765625
0 0.28046875 0.64921875 0.08125 0.0796875
0 0.375 0.52890625 0.06953125 0.090625
0 0.23125 0.9515625 0.090625 0.096875
0 0.23828125 0.84453125 0.08671875 0.11875
0 0.06953125 0.85078125 0.10625 0.12421875
0 0.41171875 0.91875 0.06015625 0.08125
0 0.34921875 0.84609375 0.078125 0.10625
0 0.0859375 0.3078125 0.115625 0.12421875
0 0.17578125 0.2015625 0.07109375 0.1078125
0 0.365625 0.059375 0.134375 0.11875
0 0.4859375 0.1 0.14921875 0.1578125
0 0.115625 0.03828125 0.05 0.05859375
0 0.97890625 0.840625 0.0421875 0.184375
0 0.75 0.3859375 0.08515625 0.09765625
0 0.834375 0.28125 0.1078125 0.14375
0 0.9484375 0.56015625 0.05 0.05703125
0 0.9875 0.4796875 0.025 0.08359375
0 0.271875 0.153125 0.115625 0.1046875
0 0.0421875 0.18828125 0.084375 0.1171875