0 0.79140625 0.875 0.1 0.1453125
0 1 0.7486451046875 0.9643793703125001 0.7272727265625 0.9315996500000001 0.73164335625 0.8977272734374999 0.78736888125 0.9173951046875001 0.828889859375 0.9709353140625 0.8103146859375 1 0.7551920062499999 1 0.7486451046875
0 0.9015625 0.97109375 0.09609375 0.0578125
0 0.63515625 0.9015625 0.13125 0.18359375
0 0.765625 0.72109375 0.08046875 0.11015625
0 0.91484375 0.60859375 0.103125 0.13671875
0 0.94765625 0.3015625 0.08359375 0.09296875
0 0.953125 0.17421875 0.06640625 0.08203125
0 0.8265625 0.13828125 0.0703125 0.08046875
0 0.72109375 0.09140625 0.05390625 0.075
0 0.6953125 0.2046875 0.10703125 0.10859375
0 0.5640625 0.13046875 0.071875 0.071875
0 0.63125 0.06640625 0.059375 0.06640625
0 0.45703125 0.04140625 0.09296875 0.08203125
0 0.3671875 0.10546875 0.1015625 0.11015625
0 0.35703125 0.22890625 0.09453125 0.10703125
0 0.37265625 0.33125 0.0875 0.1
0 0.3984375 0.409375 0.0703125 0.09765625
0 0.50078125 0.46796875 0.12734375 0.134375
0 0.721875 0.396875 0.09765625 0.10859375
0 0.77421875 0.5046875 0.1046875 0.13125
0 0.65390625 0.61171875 0.11171875 0.1640625
0 0.5234375 0.6484375 0.1453125 0.12265625
0 0.3734375 0.65 0.07890625 0.090625
0 0.33203125 0.52421875 0.09765625 0.10859375
0 0.2109375 0.5015625 0.159375 0.20078125
0 0.09296875 0.49921875 0.0875 0.09609375
0 0.11875 0.321875 0.09765625 0.1046875
0 0.2328125 0.38203125 0.08046875 0.07890625
0 0.22890625 0.18515625 0.11171875 0.12265625
0 0.09296875 0.15703125 0.09765625 0.12578125
0 0.01171875 0.12734375 0.02265625 0.1015625
0 0.1078125 0.01484375 0.09296875 0.0296875
0 0.23359375 0.028125 0.103125 0.05625
0 0.02265625 0.275 0.0453125 0.09296875
0 0.09140625 0.71484375 0.071875 0.08046875
0 0.16875 0.83828125 0.1203125 0.15234375
0 0.28203125 0.953125 0.1046875 0.09375
0 0.30859375 0.79609375 0.1625 0.1625
0 0.45390625 0.91328125 0.11015625 0.1171875
0 0.09609375 0.98125 0.1015625 0.0375
0 0.0359375 0.9625 0.071875 0.075
0 0.0140625 0.76484375 0.028125 0.3203125
0 0.94921875 0.45 0.1015625 0.18671875
0 0.84296875 0.2703125 0.06640625 0.1
0 0.646875 0.31484375 0.13671875 0.11875
0 0.50625 0.27109375 0.11015625 0.17109375
0 0.9140625 0.05625 0.03515625 0.04375
0 0.9828125 0.01015625 0.021875 0.0203125
0 0.421875 0.853125 0.09296875 0.09453125