0 0.37890625 0.634375 0.0859375 0.1328125
0 0.434375 0.4796875 0.0875 0.10625
0 0.203125 0.4078125 0.084375 0.1125
0 0.0734375 0.49375 0.115625 0.103125
0 0.18046875 0.6265625 0.0796875 0.1015625
0 0.1796875 0.765625 0.078125 0.078125
0 0.6890625 0.52578125 0.090625 0.1203125
0 0.5859375 0.44296875 0.13125 0.1515625
0 0.65703125 0.32578125 0.0859375 0.1046875
0 0.56953125 0.2203125 0.0828125 0.1125
0 0.44609375 0.33125 0.0859375 0.121875
0 0.21015625 0.26015625 0.0828125 0.1078125
0 0.2625 0.1109375 0.103125 0.096875
0 0.44921875 0.053125 0.1234375 0.10625
0 0.42109375 0.20234375 0.0984375 0.1140625
0 0.7 0.04765625 0.15 0.0953125
0 0.84375 0.02265625 0.084375 0.0453125
0 0.96640625 0.08203125 0.0671875 0.1328125
0 0.88203125 0.18671875 0.0828125 0.084375
0 0.79609375 0.271875 0.0765625 0.090625
0 0.73125 0.1734375 0.05625 0.071875
0 0.94921875 0.26796875 0.1015625 0.1296875
0 0.95546875 0.46640625 0.0828125 0.1109375
0 0.8875 0.4 0.078125 0.0875
0 0.86640625 0.50078125 0.1296875 0.1578125
0 0.97265625 0.66328125 0.0546875 0.0984375
0 0.809375 0.78671875 0.078125 0.0890625
0 0.69453125 0.89609375 0.1078125 0.1671875
0 0.7890625 0.96484375 0.078125 0.0703125
0 0.8265625 0.66171875 0.075 0.109375
0 0.9296875 0.85859375 0.125 0.1171875
0 0.6328125 0.65703125 0.09375 0.1109375
0 0.52890625 0.7375 0.15625 0.10625
0 0.52734375 0.8671875 0.1484375 0.109375
0 0.31796875 0.94765625 0.1578125 0.1046875
0 0.37109375 0.79375 0.1078125 0.103125
0 0.0359375 0.784375 0.046875 0.0625
0 0.0640625 0.73671875 0.040625 0.0515625
0 0.01953125 0.671875 0.0390625 0.09375
0 0.2859375 0.50234375 0.0953125 0.0984375
0 0.3953125 0.8859375 0.09375 0.090625
0 0.53515625 0.96484375 0.0703125 0.0703125
0 0.61171875 0.94296875 0.0671875 0.1109375
0 0.91953125 0.34921875 0.0953125 0.1109375
0 0.046875 0.9765625 0.078125 0.046875
0 0.2859375 0.2765625 0.078125 0.10625
0 0.06015625 0.02421875 0.0890625 0.0484375
0 0.58125 0.03046875 0.0671875 0.0609375