0 0.84375 0.19375 0.10859375 0.13359375
0 0.9796875 0.22578125 0.040625 0.0921875
0 0.99140625 0.08515625 0.0171875 0.1078125
0 0.83984375 0.37734375 0.10859375 0.11953125
0 0.72109375 0.40390625 0.09609375 0.11796875
0 0.98046875 0.45859375 0.0390625 0.12109375
0 0.72109375 0.03359375 0.1046875 0.0671875
0 0.55078125 0.0515625 0.0984375 0.103125
0 0.36875 0.03515625 0.09453125 0.06953125
0 0.41640625 0.17109375 0.1 0.125
0 0.3609375 0.30234375 0.10390625 0.1015625
0 0.59375 0.31796875 0.1984375 0.15
0 0.3796875 0.4671875 0.14453125 0.11953125
0 0.46015625 0.57421875 0.0734375 0.07109375
0 0.58828125 0.53125 0.08359375 0.0984375
0 0.58046875 0.65 0.0859375 0.11640625
0 0.74375 0.67265625 0.16640625 0.11953125
0 0.7296875 0.55 0.04453125 0.05390625
0 0.8984375 0.66015625 0.08203125 0.1015625
0 0.75703125 0.85234375 0.13203125 0.25859375
0 0.86875 0.90234375 0.1125 0.13359375
0 0.96171875 0.8875 0.0765625 0.1640625
0 0.03515625 0.2796875 0.06953125 0.14453125
0 0.86796875 0.98671875 0.0890625 0.0265625
0 0.7125 0.990625 0.115625 0.01875
0 0.59375 0.91953125 0.0734375 0.1140625
0 0.38515625 0.91640625 0.09140625 0.10703125
0 0.5203125 0.90859375 0.08046875 0.09296875
0 0.40390625 0.7109375 0.09609375 0.125
0 0.31796875 0.7734375 0.07109375 0.0890625
0 0.11640625 0.71875 0.12109375 0.25859375
0 0.0234375 0.8015625 0.04609375 0.14609375
0 0.10234375 0.17421875 0.09140625 0.13359375
0 0.25859375 0.17890625 0.08203125 0.10390625
0 0.253125 0.0328125 0.06875 0.065625
0 0.1484375 0.325 0.1 0.12109375
0 0.1234375 0.47578125 0.09609375 0.09140625
0 0.2734375 0.44140625 0.05390625 0.075
0 0.03203125 0.44296875 0.0640625 0.13203125
0 0.27734375 0.93203125 0.08046875 0.1109375
0 0.18203125 0.86328125 0.06796875 0.0984375
0 0.2375 0.73671875 0.1 0.16953125
0 0.06875 0.92890625 0.0984375 0.12109375
0 0.43125 0.990625 0.096875 0.01875
0 0.66640625 0.78828125 0.07109375 0.1015625
0 0.44375 0.85390625 0.06953125 0.08203125
0 0.1203125 0.02265625 0.1015625 0.04453125