0 0.0859375 0.0296875 0.103125 0.059375
0 0.2046875 0.0328125 0.10703125 0.065625
0 0.00546875 0.07421875 0.0109375 0.08828125
0 0.1 0.25859375 0.11015625 0.1125
0 0.06640625 0.14609375 0.04296875 0.05234375
0 0.0578125 0.37734375 0.10078125 0.1125
0 0.0484375 0.51875 0.096875 0.15625
0 0.18203125 0.49609375 0.1046875 0.12734375
0 0.26328125 0.38828125 0.11015625 0.11796875
0 0.325 0.259375 0.11015625 0.121875
0 0.41171875 0.440625 0.14609375 0.15703125
0 0.29296875 0.5421875 0.0953125 0.1140625
0 0.24140625 0.65 0.1046875 0.121875
0 0.0953125 0.68671875 0.10078125 0.1140625
0 0.0109375 0.72421875 0.021875 0.1171875
0 0.0109375 0.8765625 0.021875 0.09375
0 0.06015625 0.9734375 0.0859375 0.05234375
0 0.175 0.87109375 0.103125 0.11640625
0 0.4 0.65390625 0.11015625 0.1234375
0 0.56953125 0.72578125 0.1234375 0.14453125
0 0.6515625 0.66796875 0.11953125 0.1515625
0 0.928125 0.325 0.11015625 0.121875
0 0.78125 0.23046875 0.1046875 0.11015625
0 0.7796875 0.05 0.103125 0.09921875
0 0.56328125 0.02265625 0.09375 0.0453125
0 0.396875 0.040625 0.13515625 0.08046875
0 0.55078125 0.1453125 0.09375 0.10703125
0 0.509375 0.2609375 0.12734375 0.16328125
0 0.646875 0.15 0.103125 0.13515625
0 0.575 0.40859375 0.10859375 0.16640625
0 0.67109375 0.34296875 0.121875 0.10859375
0 0.76484375 0.4296875 0.11015625 0.1140625
0 0.778125 0.52890625 0.11796875 0.09921875
0 0.790625 0.64296875 0.1046875 0.121875
0 0.92109375 0.7359375 0.12734375 0.12734375
0 0.7515625 0.84296875 0.178125 0.18359375
0 0.934375 0.88046875 0.09375 0.12734375
0 0.93203125 0.03671875 0.11796875 0.07265625
0 0.91953125 0.1953125 0.09375 0.1328125
0 0.5125 0.58515625 0.103125 0.11796875
0 0.534375 0.84296875 0.06171875 0.08984375
0 0.409375 0.87578125 0.103125 0.11796875
0 0.9578125 0.509375 0.084375 0.1234375
0 0.82578125 0.32890625 0.09921875 0.121875
0 0.17890625 0.1640625 0.11796875 0.13671875