0 0.2390625 0.53046875 0.109375 0.1140625
0 0.20859375 0.32265625 0.1109375 0.1296875
0 0.090625 0.43125 0.078125 0.103125
0 0.053125 0.27578125 0.10625 0.0984375
0 0.0546875 0.1671875 0.078125 0.1078125
0 0.06484375 0.03359375 0.0984375 0.0671875
0 0.18359375 0.03203125 0.0765625 0.0640625
0 0.278125 0.1296875 0.09375 0.18125
0 0.15546875 0.17890625 0.0828125 0.084375
0 0.44375 0.20546875 0.1375 0.1515625
0 0.40703125 0.0421875 0.1046875 0.084375
0 0.6625 0.16953125 0.090625 0.1359375
0 0.7734375 0.2140625 0.109375 0.10625
0 0.7484375 0.04140625 0.075 0.0828125
0 0.8328125 0.61484375 0.103125 0.125
0 0.7046875 0.6390625 0.090625 0.10625
0 0.715625 0.46171875 0.05625 0.0703125
0 0.83671875 0.4859375 0.0484375 0.065625
0 0.825 0.3421875 0.0625 0.075
0 0.91875 0.7234375 0.140625 0.18125
0 0.7625 0.77109375 0.0875 0.125
0 0.68203125 0.9390625 0.0890625 0.096875
0 0.56640625 0.95859375 0.1171875 0.0828125
0 0.4609375 0.9203125 0.109375 0.1125
0 0.503125 0.81875 0.084375 0.096875
0 0.4203125 0.7796875 0.090625 0.096875
0 0.3546875 0.77578125 0.1 0.1671875
0 0.3296875 0.9546875 0.090625 0.090625
0 0.2171875 0.9265625 0.10625 0.11875
0 0.22265625 0.7828125 0.0921875 0.1125
0 0.05859375 0.878125 0.1078125 0.1
0 0.0671875 0.73984375 0.078125 0.1046875
0 0.05234375 0.6203125 0.0953125 0.10625
0 0.93125 0.96875 0.059375 0.0625
0 0.90078125 0.884375 0.0515625 0.071875
0 0.8125 0.9171875 0.078125 0.10625
0 0.33125 0.6109375 0.115625 0.1015625
0 0.40625 0.434375 0.078125 0.0875
0 0.31171875 0.4 0.0609375 0.065625
0 0.35546875 0.3171875 0.0703125 0.078125
0 0.91015625 0.13203125 0.0453125 0.0515625
0 0.84921875 0.025 0.0796875 0.05
0 0.9359375 0.44765625 0.059375 0.0515625
0 0.7890625 0.44765625 0.046875 0.0671875
0 0.921875 0.2796875 0.03125 0.028125
0 0.97421875 0.07265625 0.0484375 0.0421875
0 0.6796875 0.840625 0.1 0.0875
0 0.71484375 0.40078125 0.0609375 0.0515625
0 0.07265625 0.9625 0.0828125 0.075