0 0.23203125 0.08203125 0.0953125 0.1328125
0 0.0921875 0.02265625 0.084375 0.0453125
0 0.3703125 0.10859375 0.115625 0.1625
0 0.53515625 0.11953125 0.1015625 0.1046875
0 0.6875 0.178125 0.09375 0.121875
0 0.78984375 0.06015625 0.1015625 0.1203125
0 0.665625 0.0421875 0.1375 0.084375
0 0.85546875 0.21796875 0.0921875 0.1140625
0 0.95703125 0.0640625 0.0859375 0.128125
0 0.76953125 0.55703125 0.0859375 0.0984375
0 0.70625 0.5078125 0.078125 0.078125
0 0.64609375 0.3296875 0.1265625 0.128125
0 0.56953125 0.4 0.1140625 0.134375
0 0.46640625 0.41328125 0.0796875 0.0984375
0 0.390625 0.3515625 0.084375 0.09375
0 0.44140625 0.2890625 0.0765625 0.09375
0 0.30390625 0.2734375 0.1140625 0.1109375
0 0.13359375 0.18125 0.0859375 0.0875
0 0.05078125 0.271875 0.0859375 0.090625
0 0.11640625 0.5015625 0.1296875 0.159375
0 0.2046875 0.4625 0.090625 0.10625
0 0.078125 0.66484375 0.078125 0.1109375
0 0.06015625 0.78828125 0.0796875 0.0859375
0 0.2421875 0.6671875 0.09375 0.109375
0 0.3671875 0.81015625 0.1 0.1046875
0 0.384375 0.67734375 0.103125 0.09375
0 0.34609375 0.52109375 0.0671875 0.09375
0 0.57421875 0.65234375 0.0921875 0.1015625
0 0.64140625 0.7234375 0.0796875 0.103125
0 0.5 0.84296875 0.078125 0.1015625
0 0.42421875 0.91171875 0.0828125 0.0796875
0 0.75234375 0.68515625 0.0984375 0.0890625
0 0.85234375 0.846875 0.0953125 0.121875
0 0.94453125 0.91875 0.1078125 0.11875
0 0.94921875 0.6546875 0.1015625 0.175
0 0.86875 0.59609375 0.05625 0.0828125
0 0.57421875 0.9580078125 0.56640625 0.9990234375 0.65234375 0.9990234375 0.642578125 0.9501953125 0.6083984375 0.921875 0.57421875 0.9580078125
0 0.31484375 0.98046875 0.1296875 0.0390625
0 0.0390625 0.96484375 0.078125 0.0703125
0 0.1328125 0.3953125 0.078125 0.0875
0 0.7140625 0.4125 0.084375 0.090625
0 0.80390625 0.39765625 0.0828125 0.1171875
0 0.884375 0.45390625 0.090625 0.1265625
0 0.96484375 0.2875 0.0703125 0.121875
0 0.91328125 0.17109375 0.0828125 0.0828125
0 0.59375 0.565625 0.06875 0.078125
0 0.5078125 0.5296875 0.0625 0.075
0 0.42578125 0.54296875 0.0609375 0.0703125
0 0.74609375 0.78671875 0.0859375 0.0890625
0 0.728125 0.9046875 0.059375 0.065625
0 0.38203125 0.44375 0.0828125 0.090625
0 0.978125 0.78828125 0.04375 0.0828125
0 0.17734375 0.2375 0.0640625 0.06875
0 0.878125 0.9765625 0.053125 0.046875
0 0.971875 0.1875 0.053125 0.078125
0 0.59921875 0.80078125 0.0953125 0.1015625
0 0.17890625 0.85859375 0.1234375 0.1140625