0 0.428125 0.33515625 0.121875 0.1171875
0 0.30546875 0.4578125 0.0859375 0.11875
0 0.2890625 0.5953125 0.084375 0.096875
0 0.44921875 0.5390625 0.0765625 0.125
0 0.45390625 0.6890625 0.0859375 0.096875
0 0.38828125 0.80390625 0.0796875 0.1015625
0 0.453125 0.87265625 0.078125 0.0890625
0 0.33984375 0.9990234375 0.3271484375 0.9375 0.267578125 0.9365234375 0.2607421875 1 0.33984375 0.9990234375
0 0.1875 0.84453125 0.084375 0.1265625
0 0.17734375 0.69296875 0.0796875 0.1203125
0 0.11015625 0.5640625 0.0859375 0.096875
0 0.12890625 0.44375 0.0921875 0.10625
0 0.04296875 0.26015625 0.0859375 0.1140625
0 0.08515625 0.09921875 0.0984375 0.1265625
0 0.6515625 0.32421875 0.13125 0.15
0 0.5390625 0.19296875 0.1 0.1109375
0 0.2921875 0.1 0.178125 0.16875
0 0.7828125 0.5015625 0.059375 0.065625
0 0.69765625 0.525 0.0671875 0.0859375
0 0.6421875 0.571875 0.071875 0.0703125
0 0.55859375 0.46640625 0.0609375 0.0796875
0 0.68515625 0.840625 0.0796875 0.0875
0 0.67890625 0.74453125 0.0765625 0.1046875
0 0.828125 0.75 0.09375 0.109375
0 0.946875 0.75546875 0.0875 0.1203125
0 0.88203125 0.92734375 0.0921875 0.1109375
0 0.69140625 0.96484375 0.0609375 0.0703125
0 0.60859375 0.9375 0.0765625 0.09375
0 0.5265625 0.809375 0.053125 0.071875
0 0.58125 0.7453125 0.06875 0.09375
0 0.92265625 0.55078125 0.0796875 0.1640625
0 0.9234375 0.39296875 0.090625 0.1203125
0 0.81328125 0.27109375 0.1015625 0.109375
0 0.9296875 0.20546875 0.084375 0.1671875
0 0.734375 0.17734375 0.0625 0.0953125
0 0.5671875 0.05234375 0.11875 0.1046875
0 0.4609375 0.08828125 0.13125 0.1390625
0 0.92734375 0.0203125 0.0796875 0.040625
0 0.98203125 0.50390625 0.0359375 0.0640625
0 0.7875 0.03359375 0.04375 0.0515625
0 0.98046875 0.87734375 0.0390625 0.1359375
0 0.04765625 0.9703125 0.0703125 0.059375
0 0.02265625 0.740625 0.0453125 0.1625
0 0.228125 0.33984375 0.075 0.0859375
0 0.15390625 0.24765625 0.0953125 0.1265625
0 0.053125 0.49375 0.04375 0.05
0 0.01484375 0.42265625 0.0296875 0.0734375
0 0.64921875 0.13515625 0.1015625 0.0921875
0 0.86171875 0.165625 0.0921875 0.103125