0 0.02421875 0.05703125 0.0484375 0.0984375
0 0.16015625 0.178125 0.0765625 0.096875
0 0.1578125 0.065625 0.05625 0.109375
0 0.03515625 0.18203125 0.0703125 0.0828125
0 0.08046875 0.30546875 0.0984375 0.09375
0 0.06796875 0.45546875 0.0890625 0.1203125
0 0.18046875 0.43828125 0.1015625 0.1109375
0 0.3203125 0.30625 0.084375 0.1015625
0 0.28046875 0.16796875 0.0765625 0.0859375
0 0.18359375 0.31484375 0.0703125 0.0828125
0 0.40390625 0.1859375 0.0796875 0.10625
0 0.4390625 0.296875 0.10625 0.1109375
0 0.4578125 0.43515625 0.09375 0.1265625
0 0.321875 0.43984375 0.0875 0.0890625
0 0.21015625 0.56328125 0.0984375 0.1109375
0 0.07265625 0.7046875 0.1140625 0.1484375
0 0.0953125 0.91171875 0.071875 0.0640625
0 0.2296875 0.97265625 0.0625 0.0546875
0 0.24296875 0.88125 0.0859375 0.096875
0 0.1109375 0.98671875 0.04375 0.0265625
0 0.37421875 0.7015625 0.1140625 0.175
0 0.4890625 0.67265625 0.103125 0.0953125
0 0.471875 0.565625 0.084375 0.1
0 0.61640625 0.646875 0.0984375 0.1125
0 0.60078125 0.553125 0.0296875 0.034375
0 0.5875 0.43203125 0.0875 0.0984375
0 0.57734375 0.28671875 0.0828125 0.09375
0 0.5328125 0.1453125 0.059375 0.071875
0 0.5203125 0.0375 0.05625 0.075
0 0.3921875 0.04296875 0.04375 0.0546875
0 0.2828125 0.03828125 0.075 0.0765625
0 0.65546875 0.034375 0.0921875 0.06875
0 0.6796875 0.14296875 0.06875 0.0671875
0 0.7109375 0.26640625 0.109375 0.1328125
0 0.80234375 0.13203125 0.0796875 0.1
0 0.85625 0.2796875 0.05625 0.090625
0 0.82578125 0.23359375 0.0734375 0.0609375
0 0.8453125 0.38984375 0.075 0.0859375
0 0.8625 0.51953125 0.109375 0.1015625
0 0.71640625 0.409375 0.0953125 0.09375
0 0.73203125 0.5453125 0.0953125 0.1375
0 0.7734375 0.68984375 0.115625 0.1515625
0 0.67421875 0.90234375 0.0890625 0.0859375
0 0.78515625 0.96875 0.0703125 0.0625
0 0.7828125 0.803125 0.05625 0.075
0 0.52265625 0.9546875 0.0984375 0.090625
0 0.515625 0.83515625 0.1 0.0984375
0 0.9234375 0.9546875 0.075 0.090625
0 0.91328125 0.846875 0.0765625 0.090625
0 0.984375 0.76015625 0.03125 0.0671875
0 0.975 0.52578125 0.05 0.1
0 0.9625 0.3921875 0.075 0.0875
0 0.94453125 0.26875 0.0765625 0.09375
0 0.93203125 0.14375 0.0828125 0.0921875
0 0.9171875 0.02578125 0.053125 0.0515625
0 0.78828125 0.02578125 0.0984375 0.0515625
0 0.39296875 0.93125 0.1140625 0.1375
0 0.39140625 0.82890625 0.0640625 0.0640625
0 0.33359375 0.54609375 0.0953125 0.1015625
0 0.66015625 0.9703125 0.0859375 0.059375
0 0.090625 0.56484375 0.09375 0.0984375
0 0.22734375 0.66328125 0.0890625 0.0765625
0 0.23828125 0.74921875 0.0765625 0.0828125
0 0.878125 0.65703125 0.10625 0.1578125
0 0.9671875 0.62578125 0.065625 0.1015625
0 0.521875 0.73984375 0.075 0.0734375
0 0.778125 0.88828125 0.071875 0.0578125
0 0.665625 0.80625 0.1125 0.096875
0 0.09375 0.8328125 0.078125 0.09375