0 0.8015625 0.05 0.071875 0.078125
0 0.9625 0.11875 0.075 0.1125
0 0.85859375 0.13515625 0.0546875 0.0578125
0 0.8984375 0.3046875 0.109375 0.109375
0 0.80078125 0.43515625 0.0921875 0.1046875
0 0.7671875 0.315625 0.08125 0.090625
0 0.74921875 0.18515625 0.0765625 0.0890625
0 0.953125 0.5046875 0.084375 0.09375
0 0.88203125 0.5625 0.0671875 0.09375
0 0.96484375 0.6125 0.0609375 0.090625
0 0.9171875 0.696875 0.075 0.090625
0 0.934375 0.98828125 0.0625 0.0234375
0 0.96953125 0.90078125 0.0328125 0.0421875
0 0.82109375 0.9171875 0.0703125 0.09375
0 0.81171875 0.80703125 0.0765625 0.1046875
0 0.278125 0.590625 0.0625 0.05625
0 0.146875 0.496875 0.08125 0.103125
0 0.15234375 0.625 0.0703125 0.078125
0 0.15703125 0.75546875 0.0640625 0.09375
0 0.040625 0.75625 0.08125 0.090625
0 0.01953125 0.63515625 0.0390625 0.0828125
0 0.01484375 0.50234375 0.0296875 0.0359375
0 0.01328125 0.37734375 0.0265625 0.1046875
0 0.01015625 0.24453125 0.0203125 0.0734375
0 0.10546875 0.21953125 0.0703125 0.0953125
0 0.16953125 0.12578125 0.0640625 0.1109375
0 0.29921875 0.98046875 0.0515625 0.0390625
0 0.1921875 0.98828125 0.0625 0.0234375
0 0.18359375 0.89375 0.0859375 0.090625
0 0.05234375 0.884375 0.0796875 0.103125
0 0.08671875 0.9765625 0.0859375 0.046875
0 0.125 0.371875 0.06875 0.0546875
0 0.240625 0.34453125 0.04375 0.0625
0 0.22578125 0.2421875 0.0390625 0.046875
0 0.94921875 0.23125 0.0390625 0.040625
0 0.98828125 0.303125 0.0234375 0.04375
0 0.89296875 0.01484375 0.0453125 0.0296875
0 0.965625 0.0171875 0.03125 0.034375
0 0.3484375 0.87265625 0.103125 0.1046875
0 0.2578125 0.48671875 0.0625 0.0828125
0 0.9265625 0.79375 0.0875 0.09375
0 0.2953125 0.74140625 0.065625 0.0609375