0 0.98984375 0.0671875 0.01953125 0.11640625
0 0.98125 0.23828125 0.0375 0.11953125
0 0.98828125 0.40859375 0.0234375 0.075
0 0.92890625 0.46640625 0.05390625 0.0625
0 0.85703125 0.3828125 0.07109375 0.09453125
0 0.84609375 0.24453125 0.0859375 0.0890625
0 0.8609375 0.13046875 0.08203125 0.10703125
0 0.87890625 0.0265625 0.0859375 0.053125
0 0.70546875 0.0328125 0.0890625 0.065625
0 0.71875 0.12265625 0.11640625 0.1015625
0 0.70546875 0.2296875 0.10703125 0.1015625
0 0.7078125 0.36171875 0.0765625 0.08046875
0 0.78046875 0.4390625 0.10390625 0.12890625
0 0.7734375 0.59609375 0.07890625 0.12109375
0 0.92734375 0.59765625 0.07109375 0.0984375
0 0.93203125 0.7609375 0.12109375 0.09296875
0 0.91484375 0.90546875 0.08046875 0.10390625
0 0.77109375 0.88984375 0.08203125 0.10859375
0 0.7671875 0.73515625 0.0375 0.0484375
0 0.70703125 0.67578125 0.04296875 0.0484375
0 0.63046875 0.7390625 0.04296875 0.05703125
0 0.63203125 0.575 0.06796875 0.0859375
0 0.6421875 0.4359375 0.05546875 0.075
0 0.48203125 0.43203125 0.07109375 0.07109375
0 0.4171875 0.32578125 0.09453125 0.0984375
0 0.26015625 0.32421875 0.0984375 0.11953125
0 0.41953125 0.1828125 0.1 0.11796875
0 0.41484375 0.04296875 0.11640625 0.0859375
0 0.55625 0.0328125 0.1125 0.065625
0 0.24609375 0.02890625 0.0890625 0.05703125
0 0.2578125 0.09140625 0.09140625 0.1
0 0.0890625 0.04765625 0.08203125 0.0765625
0 0.0796875 0.17734375 0.10859375 0.11640625
0 0.0796875 0.29375 0.09140625 0.06953125
0 0.25 0.21484375 0.10703125 0.10703125
0 0.17890625 0.53359375 0.10703125 0.12109375
0 0.31640625 0.55234375 0.1 0.13046875
0 0.49453125 0.5734375 0.0640625 0.09296875
0 0.46484375 0.72109375 0.10546875 0.12890625
0 0.33203125 0.69453125 0.09609375 0.10390625
0 0.31875 0.86171875 0.0765625 0.0984375
0 0.46484375 0.8703125 0.06953125 0.0875
0 0.6078125 0.88203125 0.0984375 0.12109375
0 0.46328125 0.98671875 0.0734375 0.0265625
0 0.3109375 0.97265625 0.09375 0.0546875
0 0.1515625 0.96875 0.10703125 0.0625
0 0.1609375 0.84453125 0.11796875 0.11796875
0 0.02265625 0.825 0.04453125 0.0859375
0 0.02734375 0.96328125 0.0546875 0.0703125
0 0.040625 0.6765625 0.08125 0.115625
0 0.1671875 0.6734375 0.0765625 0.07109375
0 0.1203125 0.6109375 0.0375 0.05
0 0.040625 0.51328125 0.08125 0.1171875
0 0.24296875 0.62109375 0.025 0.04609375
0 0.3984375 0.63046875 0.0359375 0.04609375
0 0.57265625 0.2484375 0.10546875 0.09296875
0 0.60234375 0.99375 0.0625 0.0125
0 0.55859375 0.1546875 0.07890625 0.06640625
0 0.56171875 0.34375 0.08359375 0.0875
0 0.35859375 0.42578125 0.0859375 0.08359375
0 0.04765625 0.37734375 0.09453125 0.09453125