0 0.0484375 0.09375 0.096875 0.078125
0 0.20625 0.18203125 0.090625 0.0984375
0 0.1078125 0.20625 0.075 0.090625
0 0.11015625 0.3046875 0.0859375 0.084375
0 0.02421875 0.24765625 0.0484375 0.1734375
0 0.03984375 0.415625 0.0640625 0.090625
0 0.16484375 0.390625 0.0546875 0.0625
0 0.19609375 0.52890625 0.0796875 0.078125
0 0.11640625 0.57109375 0.0828125 0.1109375
0 0.03125 0.5953125 0.0625 0.1640625
0 0.04296875 0.76875 0.0765625 0.121875
0 0.1578125 0.66328125 0.090625 0.1015625
0 0.2421875 0.6484375 0.06875 0.09375
0 0.32109375 0.74609375 0.0859375 0.1015625
0 0.36875 0.659375 0.071875 0.090625
0 0.3828125 0.565625 0.084375 0.0625
0 0.3296875 0.46796875 0.090625 0.0765625
0 0.3078125 0.36875 0.06875 0.08125
0 0.2546875 0.26953125 0.071875 0.0875
0 0.3765625 0.2265625 0.075 0.09375
0 0.415625 0.31875 0.090625 0.090625
0 0.47890625 0.175 0.0828125 0.075
0 0.54453125 0.290625 0.0640625 0.1015625
0 0.5640625 0.4 0.071875 0.08125
0 0.4625 0.44375 0.071875 0.075
0 0.49921875 0.61875 0.0921875 0.103125
0 0.6375 0.68125 0.078125 0.08125
0 0.6109375 0.57890625 0.090625 0.0953125
0 0.640625 0.47265625 0.053125 0.0859375
0 0.70078125 0.35703125 0.0484375 0.0625
0 0.6421875 0.24296875 0.0875 0.0859375
0 0.60546875 0.146875 0.0703125 0.075
0 0.5453125 0.021875 0.075 0.04375
0 0.43828125 0.053125 0.0703125 0.08125
0 0.30625 0.10625 0.071875 0.103125
0 0.27734375 0.0203125 0.071875 0.040625
0 0.1609375 0.05390625 0.05625 0.0671875
0 0.2578125 0.9140625 0.125 0.171875
0 0.14453125 0.946875 0.0859375 0.08125
0 0.06015625 0.88984375 0.0796875 0.0984375
0 0.04453125 0.95859375 0.0734375 0.0828125
0 0.32734375 0.88046875 0.0609375 0.0890625
0 0.47265625 0.7140625 0.0765625 0.078125
0 0.49609375 0.8734375 0.0921875 0.10625
0 0.66015625 0.78828125 0.0765625 0.0859375
0 0.67109375 0.9375 0.0765625 0.103125
0 0.80625 0.88046875 0.071875 0.0796875
0 0.778125 0.74609375 0.078125 0.1015625
0 0.8203125 0.68359375 0.078125 0.1015625
0 0.7484375 0.57578125 0.075 0.15625
0 0.75546875 0.4328125 0.0640625 0.078125
0 0.82265625 0.3109375 0.0828125 0.075
0 0.89765625 0.40234375 0.0671875 0.0859375
0 0.928125 0.5578125 0.065625 0.059375
0 0.95 0.696875 0.0875 0.1125
0 0.984375 0.45859375 0.03125 0.0578125
0 0.9078125 0.946875 0.075 0.096875
0 0.98828125 0.84375 0.0234375 0.109375
0 0.81953125 0.98671875 0.0765625 0.0265625
0 0.7171875 0.0890625 0.059375 0.075
0 0.778125 0.17890625 0.071875 0.084375
0 0.86953125 0.1484375 0.0671875 0.09375
0 0.8671875 0.04140625 0.053125 0.0734375
0 0.9359375 0.0171875 0.065625 0.034375
0 0.95078125 0.23359375 0.0796875 0.0828125
0 0.984375 0.1046875 0.03125 0.046875
0 0.70546875 0.01328125 0.0671875 0.0265625
0 0.8015625 0.03203125 0.05625 0.0640625
0 0.7328125 0.896875 0.059375 0.1125
0 0.51796875 0.53046875 0.0828125 0.0765625
0 0.88671875 0.48828125 0.0859375 0.0703125
0 0.08671875 0.45625 0.0484375 0.059375