0 0.2953125 0.05859375 0.1125 0.1171875
0 0.2875 0.1515625 0.059375 0.059375
0 0.35 0.16171875 0.065625 0.0796875
0 0.40234375 0.16171875 0.0546875 0.0515625
0 0.40625 0.09140625 0.046875 0.0734375
0 0.4109375 0.04375 0.05 0.0625
0 0.06640625 0.11484375 0.1109375 0.2296875
0 0.159375 0.09140625 0.075 0.0640625
0 0.1453125 0.14140625 0.05 0.05
0 0.2 0.17578125 0.0328125 0.0390625
0 0.1921875 0.23125 0.046875 0.05625
0 0.1609375 0.278125 0.040625 0.0484375
0 0.2078125 0.30703125 0.046875 0.0421875
0 0.14921875 0.3453125 0.0484375 0.05625
0 0.20546875 0.3546875 0.0421875 0.053125
0 0.159375 0.4203125 0.059375 0.059375
0 0.2078125 0.4296875 0.0484375 0.053125
0 0.14765625 0.484375 0.06875 0.0625
0 0.21875 0.48125 0.0625 0.05625
0 0.2625 0.48515625 0.040625 0.0484375
0 0.28125 0.38515625 0.046875 0.0578125
0 0.31015625 0.4296875 0.046875 0.053125
0 0.28125 0.296875 0.09375 0.1
0 0.284375 0.1984375 0.053125 0.053125
0 0.40625 0.29140625 0.078125 0.0828125
0 0.40078125 0.21953125 0.0515625 0.0546875
0 0.53515625 0.125 0.1109375 0.1
0 0.53671875 0.2046875 0.0734375 0.08125
0 0.5328125 0.30546875 0.08125 0.0796875
0 0.50390625 0.39296875 0.0609375 0.0734375
0 0.50625 0.46953125 0.10625 0.1109375
0 0.40390625 0.38984375 0.0796875 0.0984375
0 0.39453125 0.478125 0.0859375 0.08125
0 0.13828125 0.57578125 0.0484375 0.0578125
0 0.20390625 0.5734375 0.0390625 0.0375
0 0.2609375 0.58125 0.04375 0.0375
0 0.31796875 0.578125 0.0421875 0.0375
0 0.38125 0.5734375 0.028125 0.0375
0 0.4453125 0.57421875 0.0375 0.028125
0 0.50234375 0.66328125 0.0984375 0.0984375
0 0.515625 0.78671875 0.125 0.1203125
0 0.515625 0.8359375 0.053125 0.0625
0 0.459375 0.8765625 0.04375 0.05
0 0.46328125 0.9234375 0.0421875 0.040625
0 0.38203125 0.88203125 0.0296875 0.0296875
0 0.38125 0.9265625 0.053125 0.040625
0 0.39140625 0.7609375 0.0328125 0.0375
0 0.3875 0.70234375 0.034375 0.0359375
0 0.39296875 0.64140625 0.0359375 0.0390625
0 0.3203125 0.6453125 0.0375 0.046875
0 0.25546875 0.6390625 0.0265625 0.034375
0 0.18828125 0.64296875 0.0328125 0.0421875
0 0.1515625 0.6390625 0.04375 0.04375
0 0.14453125 0.7078125 0.0390625 0.046875
0 0.140625 0.7515625 0.03125 0.034375
0 0.0828125 0.75859375 0.034375 0.0328125
0 0.0875 0.821875 0.025 0.034375
0 0.11328125 0.878125 0.0234375 0.03125
0 0.1421875 0.81484375 0.040625 0.0359375
0 0.2046875 0.7640625 0.034375 0.04375
0 0.26875 0.76015625 0.0375 0.0421875
0 0.26953125 0.69453125 0.0390625 0.028125
0 0.32421875 0.70625 0.03125 0.03125
0 0.328125 0.75625 0.03125 0.034375
0 0.26875 0.815625 0.03125 0.0375
0 0.6375 0.025 0.08125 0.05
0 0.65390625 0.1453125 0.0890625 0.15625
0 0.6359375 0.29609375 0.0671875 0.0828125
0 0.63203125 0.39921875 0.0609375 0.0953125
0 0.615625 0.478125 0.08125 0.05625
0 0.63984375 0.5359375 0.0359375 0.040625
0 0.60078125 0.58125 0.0984375 0.1
0 0.603125 0.66875 0.065625 0.09375
0 0.62421875 0.828125 0.0828125 0.115625
0 0.65078125 0.934375 0.0515625 0.05625
0 0.69453125 0.671875 0.090625 0.071875
0 0.71171875 0.76328125 0.0859375 0.0953125
0 0.721875 0.86953125 0.0515625 0.0734375
0 0.73203125 0.93671875 0.046875 0.0609375
0 0.78671875 0.94921875 0.0421875 0.0546875
0 0.7921875 0.67890625 0.084375 0.090625
0 0.79921875 0.76640625 0.0828125 0.0890625
0 0.89140625 0.7640625 0.0859375 0.08125
0 0.8703125 0.68515625 0.06875 0.0953125
0 0.74921875 0.48203125 0.0984375 0.1046875
0 0.79375 0.57890625 0.071875 0.0953125
0 0.70078125 0.58671875 0.0734375 0.1015625
0 0.74375 0.28359375 0.065625 0.0671875
0 0.75703125 0.38203125 0.0703125 0.0921875
0 0.83515625 0.39453125 0.0765625 0.0921875
0 0.84609375 0.49921875 0.0828125 0.0984375
0 0.87109375 0.57890625 0.1015625 0.1015625
0 0.934375 0.490625 0.0875 0.090625
0 0.96171875 0.57734375 0.0734375 0.1140625
0 0.740625 0.0828125 0.090625 0.0875
0 0.74375 0.18359375 0.090625 0.1078125
0 0.8546875 0.20078125 0.109375 0.0953125
0 0.85078125 0.1140625 0.0703125 0.0625
0 0.940625 0.0875 0.075 0.0875
0 0.9375 0.02890625 0.06875 0.0578125
0 0.84609375 0.0109375 0.0421875 0.021875
0 0.93046875 0.196875 0.0859375 0.1125
0 0.9375 0.27265625 0.078125 0.0765625
0 0.84140625 0.28828125 0.0953125 0.1078125
0 0.92265625 0.38125 0.0953125 0.096875
0 0.96640625 0.74609375 0.0671875 0.1171875
0 0.959375 0.86796875 0.08125 0.0953125
0 0.9125 0.9359375 0.096875 0.1125
0 0.2015625 0.82109375 0.034375 0.0390625
0 0.253125 0.87578125 0.03125 0.0390625
0 0.30234375 0.8859375 0.0421875 0.04375
0 0.328125 0.8171875 0.0375 0.046875
0 0.55078125 0.9265625 0.04375 0.05