0 0.95078125 0.06953125 0.08125 0.09765625
0 0.80625 0.05625 0.05546875 0.0796875
0 0.778125 0.2015625 0.07265625 0.09296875
0 0.91953125 0.22578125 0.07578125 0.09609375
0 0.9234375 0.3453125 0.059375 0.0828125
0 0.89453125 0.49296875 0.11015625 0.1015625
0 0.87734375 0.64296875 0.11640625 0.13515625
0 0.98515625 0.65078125 0.0296875 0.0953125
0 0.9109375 0.91015625 0.0828125 0.084375
0 0.8984375 0.82421875 0.05078125 0.07578125
0 0.88125 0.7375 0.09296875 0.07578125
0 0.72890625 0.7328125 0.1265625 0.1078125
0 0.7625 0.4984375 0.09296875 0.09453125
0 0.7390625 0.63515625 0.1 0.09765625
0 0.61328125 0.46953125 0.08125 0.1046875
0 0.596875 0.61484375 0.103125 0.11796875
0 0.6578125 0.05 0.07578125 0.1
0 0.653125 0.1875 0.07578125 0.121875
0 0.521875 0.03203125 0.05078125 0.0640625
0 0.50703125 0.16875 0.09140625 0.09453125
0 0.63125 0.32421875 0.06953125 0.084375
0 0.37578125 0.15859375 0.0828125 0.08125
0 0.3734375 0.03203125 0.0609375 0.0640625
0 0.25703125 0.03828125 0.09140625 0.07578125
0 0.09453125 0.04765625 0.0640625 0.09453125
0 0.090625 0.15234375 0.0859375 0.11171875
0 0.23203125 0.1578125 0.0828125 0.08984375
0 0.178125 0.290625 0.10625 0.1015625
0 0.0703125 0.4359375 0.11015625 0.121875
0 0.19453125 0.4546875 0.09140625 0.13515625
0 0.34453125 0.4484375 0.1015625 0.09609375
0 0.46875 0.46640625 0.08984375 0.11484375
0 0.29765625 0.58125 0.09765625 0.09765625
0 0.04140625 0.56640625 0.0828125 0.11328125
0 0.18828125 0.7234375 0.1265625 0.1640625
0 0.32265625 0.69375 0.13203125 0.1015625
0 0.45859375 0.71640625 0.11015625 0.11484375
0 0.565625 0.72578125 0.07421875 0.07578125
0 0.61328125 0.80078125 0.08125 0.11484375
0 0.31640625 0.90234375 0.0828125 0.09765625
0 0.3265625 0.96875 0.0859375 0.0625
0 0.47578125 0.9265625 0.11015625 0.10625
0 0.6078125 0.91953125 0.1078125 0.11015625
0 0.76015625 0.9828125 0.1015625 0.03359375
0 0.61796875 0.98125 0.0640625 0.0375
0 0.16640625 0.95 0.05234375 0.06953125
0 0.16328125 0.865625 0.06953125 0.103125
0 0.02578125 0.9109375 0.0515625 0.103125
0 0.02578125 0.99140625 0.0515625 0.0171875
0 0.74609375 0.9140625 0.09296875 0.0875
0 0.75859375 0.34140625 0.03359375 0.05078125
0 0.76171875 0.81875 0.09765625 0.09296875
0 0.46796875 0.7921875 0.05078125 0.05078125
0 0.45390625 0.596875 0.103125 0.11328125
0 0.065625 0.30546875 0.07734375 0.09765625
0 0.17265625 0.56953125 0.1078125 0.11796875
0 0.31875 0.7953125 0.103125 0.09765625
0 0.0359375 0.67734375 0.071875 0.0890625