0 0.03984375 0.10546875 0.0796875 0.1015625
0 0.03984375 0.23984375 0.0796875 0.1046875
0 0.17578125 0.22578125 0.0921875 0.1015625
0 0.1578125 0.0890625 0.05625 0.078125
0 0.17421875 0.4390625 0.0828125 0.0875
0 0.03125 0.35390625 0.0625 0.0828125
0 0.0421875 0.4484375 0.084375 0.1
0 0.0359375 0.6390625 0.071875 0.10625
0 0.15234375 0.6 0.0859375 0.1375
0 0.0421875 0.86875 0.084375 0.1125
0 0.046875 0.75703125 0.06875 0.0859375
0 0.275 0.81953125 0.090625 0.0984375
0 0.265625 0.71015625 0.084375 0.1015625
0 0.296875 0.6203125 0.053125 0.078125
0 0.2578125 0.58828125 0.0625 0.0671875
0 0.26953125 0.509375 0.0765625 0.096875
0 0.30703125 0.4203125 0.0890625 0.1
0 0.30859375 0.21953125 0.0859375 0.1109375
0 0.290625 0.08046875 0.059375 0.0828125
0 0.42265625 0.084375 0.0546875 0.04375
0 0.42265625 0.20390625 0.1015625 0.1171875
0 0.42578125 0.37265625 0.0921875 0.1671875
0 0.39375 0.50390625 0.084375 0.1015625
0 0.38671875 0.59453125 0.1015625 0.1015625
0 0.40078125 0.703125 0.0671875 0.078125
0 0.38984375 0.7875 0.0921875 0.096875
0 0.50234375 0.7765625 0.0828125 0.10625
0 0.5046875 0.58125 0.09375 0.10625
0 0.55 0.05703125 0.0515625 0.0421875
0 0.5015625 0.68046875 0.0875 0.0953125
0 0.51875 0.50390625 0.053125 0.0859375
0 0.553125 0.35859375 0.090625 0.1765625
0 0.55 0.19296875 0.1 0.1109375
0 0.67578125 0.1921875 0.1015625 0.11875
0 0.6921875 0.33671875 0.0875 0.1421875
0 0.76640625 0.50625 0.0859375 0.16875
0 0.63515625 0.571875 0.0734375 0.08125
0 0.6390625 0.4796875 0.075 0.109375
0 0.65390625 0.659375 0.0640625 0.059375
0 0.65234375 0.75078125 0.0546875 0.0953125
0 0.759375 0.71015625 0.075 0.1015625
0 0.68515625 0.0578125 0.0640625 0.090625
0 0.803125 0.04140625 0.075 0.0828125
0 0.8171875 0.16640625 0.078125 0.1046875
0 0.82421875 0.3671875 0.0765625 0.084375
0 0.8828125 0.43984375 0.078125 0.0890625
0 0.8953125 0.5328125 0.0625 0.065625
0 0.9 0.6578125 0.090625 0.1328125
0 0.93671875 0.040625 0.0828125 0.08125
0 0.94140625 0.1578125 0.0765625 0.103125
0 0.16875 0.840625 0.103125 0.11875
0 0.74765625 0.62265625 0.0953125 0.0953125
0 0.82109375 0.28359375 0.1015625 0.0984375
0 0.17734375 0.35 0.1046875 0.08125
0 0.30546875 0.3234375 0.0875 0.075