0 0.88515625 0.17578125 0.11640625 0.11953125
0 0.71796875 0.1484375 0.11796875 0.10390625
0 0.7140625 0.3375 0.1265625 0.125
0 0.70703125 0.52421875 0.12109375 0.13046875
0 0.73671875 0.69765625 0.0984375 0.1015625
0 0.89140625 0.56015625 0.075 0.07890625
0 0.8890625 0.71953125 0.09453125 0.0984375
0 0.95234375 0.9078125 0.09453125 0.18359375
0 0.86484375 0.925 0.08359375 0.075
0 0.875 0.98359375 0.0640625 0.03203125
0 0.53359375 0.1359375 0.06796875 0.0859375
0 0.52734375 0.31640625 0.1265625 0.1140625
0 0.54296875 0.47890625 0.09296875 0.10390625
0 0.5609375 0.6734375 0.0859375 0.0890625
0 0.51484375 0.8109375 0.0515625 0.0609375
0 0.58828125 0.87109375 0.05546875 0.0640625
0 0.59296875 0.9296875 0.02890625 0.0484375
0 0.7078125 0.88828125 0.11953125 0.1265625
0 0.7234375 0.98203125 0.05390625 0.0359375
0 0.65859375 0.97890625 0.0609375 0.0421875
0 0.5875 0.98359375 0.0609375 0.03203125
0 0.43671875 0.9546875 0.1015625 0.08046875
0 0.30703125 0.95078125 0.10390625 0.0984375
0 0.19921875 0.9234375 0.1125 0.0890625
0 0.37890625 0.675 0.1109375 0.0984375
0 0.33359375 0.8203125 0.12890625 0.0984375
0 0.4546875 0.81484375 0.0484375 0.06953125
0 0.1875 0.61875 0.0890625 0.0875
0 0.1546875 0.49453125 0.10546875 0.10703125
0 0.3625 0.5203125 0.0890625 0.09453125
0 0.3546875 0.30234375 0.0875 0.0984375
0 0.35234375 0.10859375 0.05546875 0.075
0 0.18203125 0.07890625 0.1109375 0.125
0 0.17421875 0.26171875 0.09140625 0.1125
0 0.0296875 0.25234375 0.05859375 0.1234375
0 0.0359375 0.07578125 0.07109375 0.11640625
0 0.02734375 0.43125 0.0546875 0.0875
0 0.02734375 0.59296875 0.0546875 0.1265625
0 0.01640625 0.73671875 0.03203125 0.04453125
0 0.0703125 0.7484375 0.03046875 0.0359375
0 0.09375 0.82265625 0.0375 0.0484375
0 0.19140625 0.8515625 0.0390625 0.04296875
0 0.0859375 0.94765625 0.08203125 0.08359375
0 0.01875 0.81875 0.0375 0.08359375
0 0.025 0.93046875 0.05 0.09296875
0 0.8734375 0.02265625 0.09296875 0.04453125
0 0.70859375 0.01484375 0.1359375 0.0296875
0 0.5546875 0.0203125 0.128125 0.040625