0 0.025 0.07421875 0.05 0.0703125
0 0.09921875 0.05390625 0.0484375 0.0578125
0 0.1734375 0.0328125 0.0625 0.059375
0 0.0296875 0.1578125 0.059375 0.071875
0 0.015625 0.01484375 0.03125 0.0296875
0 0.11328125 0.1375 0.0453125 0.05625
0 0.18046875 0.10703125 0.0609375 0.0703125
0 0.2515625 0.08125 0.059375 0.071875
0 0.32734375 0.05390625 0.0640625 0.0578125
0 0.40546875 0.03359375 0.0515625 0.0671875
0 0.24453125 0.01875 0.0578125 0.0375
0 0.31796875 0.00625 0.0328125 0.009375
0 0.4828125 0.021875 0.065625 0.04375
0 0.56171875 0.05625 0.0703125 0.071875
0 0.63984375 0.02890625 0.0546875 0.0578125
0 0.4828125 0.08359375 0.028125 0.0390625
0 0.41484375 0.10859375 0.0546875 0.0640625
0 0.34140625 0.1296875 0.0609375 0.071875
0 0.26484375 0.159375 0.0515625 0.05625
0 0.1984375 0.1828125 0.053125 0.0609375
0 0.1234375 0.215625 0.059375 0.059375
0 0.0390625 0.23671875 0.0625 0.0703125
0 0.05234375 0.3140625 0.0484375 0.046875
0 0.00625 0.35078125 0.0125 0.0515625
0 0.12890625 0.28828125 0.0703125 0.0671875
0 0.20625 0.265625 0.059375 0.059375
0 0.27890625 0.2296875 0.0703125 0.071875
0 0.35390625 0.2125 0.0546875 0.065625
0 0.42734375 0.18359375 0.0484375 0.0578125
0 0.5 0.16015625 0.0625 0.0578125
0 0.7140625 0.0203125 0.059375 0.040625
0 0.80390625 0.1359375 0.0765625 0.0875
0 0.73125 0.1625 0.0625 0.078125
0 0.6609375 0.18671875 0.0625 0.0671875
0 0.58515625 0.2125 0.0703125 0.071875
0 0.5109375 0.2375 0.05625 0.065625
0 0.440625 0.259375 0.071875 0.0625
0 0.36015625 0.290625 0.0484375 0.0625
0 0.2890625 0.31015625 0.06875 0.078125
0 0.21875 0.3390625 0.059375 0.065625
0 0.14140625 0.36328125 0.0640625 0.0734375
0 0.06953125 0.38984375 0.0671875 0.0671875
0 0.07734375 0.471875 0.0484375 0.05625
0 0.153125 0.44765625 0.0625 0.0671875
0 0.22265625 0.41640625 0.0609375 0.0671875
0 0.29921875 0.3921875 0.0703125 0.071875
0 0.3703125 0.36796875 0.053125 0.0625
0 0.45 0.33828125 0.06875 0.0734375
0 0.51640625 0.31640625 0.0703125 0.0703125
0 0.5953125 0.28828125 0.06875 0.0671875
0 0.66328125 0.26328125 0.0640625 0.0734375
0 0.73828125 0.23828125 0.0703125 0.0734375
0 0.75390625 0.31484375 0.0640625 0.0796875
0 0.67734375 0.346875 0.0609375 0.0703125
0 0.60234375 0.3734375 0.0640625 0.065625
0 0.5328125 0.39140625 0.053125 0.0671875
0 0.46015625 0.415625 0.0703125 0.065625
0 0.3875 0.440625 0.0625 0.075
0 0.31015625 0.47109375 0.0640625 0.0703125
0 0.2390625 0.49765625 0.04375 0.0546875
0 0.1625 0.51953125 0.046875 0.0578125
0 0.0859375 0.546875 0.05625 0.065625
0 0.0125 0.41953125 0.021875 0.0515625
0 0.01796875 0.49453125 0.0328125 0.0671875
0 0.021875 0.578125 0.04375 0.05
0 0.57265625 0.13203125 0.0671875 0.06875
0 0.64765625 0.1078125 0.0671875 0.0625
0 0.72421875 0.08046875 0.0484375 0.0546875
0 0.83828125 0.3765625 0.0671875 0.075
0 0.76640625 0.39921875 0.0671875 0.0703125
0 0.8171875 0.225 0.04375 0.046875
0 0.821875 0.29453125 0.03125 0.0421875
0 0.6921875 0.42734375 0.0625 0.0671875
0 0.6171875 0.44296875 0.059375 0.0703125
0 0.54140625 0.47109375 0.0671875 0.0671875
0 0.46953125 0.49765625 0.0640625 0.0671875
0 0.3953125 0.521875 0.059375 0.071875
0 0.3171875 0.5484375 0.05625 0.065625
0 0.24296875 0.5734375 0.0609375 0.075
0 0.171875 0.60625 0.0625 0.075
0 0.0953125 0.62578125 0.0625 0.0703125
0 0.028125 0.65703125 0.05625 0.0671875
0 0.03125 0.73046875 0.0625 0.0703125
0 0.04296875 0.80625 0.0546875 0.0625
0 0.11796875 0.77578125 0.0515625 0.0640625
0 0.27109375 0.72421875 0.0640625 0.0671875
0 0.1078125 0.70625 0.059375 0.059375
0 0.18359375 0.67421875 0.0671875 0.0640625
0 0.25078125 0.65078125 0.0546875 0.0515625
0 0.33359375 0.63203125 0.0390625 0.046875
0 0.403125 0.6015625 0.046875 0.065625
0 0.47734375 0.57421875 0.0640625 0.0703125
0 0.5515625 0.5515625 0.05625 0.05625
0 0.625 0.5234375 0.059375 0.06875
0 0.70234375 0.50234375 0.0640625 0.0671875
0 0.778125 0.47578125 0.059375 0.0703125
0 0.84296875 0.45234375 0.0546875 0.0578125
0 0.915625 0.421875 0.071875 0.078125
0 0.93359375 0.5015625 0.0640625 0.059375
0 0.85546875 0.5234375 0.0609375 0.0625
0 0.784375 0.54921875 0.05625 0.0546875
0 0.71015625 0.5796875 0.0640625 0.075
0 0.6375 0.60546875 0.053125 0.0578125
0 0.5625 0.6265625 0.0625 0.075
0 0.48828125 0.65078125 0.0609375 0.0671875
0 0.415625 0.678125 0.053125 0.065625
0 0.33828125 0.703125 0.0671875 0.0625
0 0.0546875 0.87109375 0.0375 0.0390625
0 0.12421875 0.84921875 0.0484375 0.0515625
0 0.20234375 0.8234375 0.0515625 0.05625
0 0.27421875 0.79921875 0.0703125 0.0703125
0 0.3421875 0.77109375 0.0625 0.0703125
0 0.41796875 0.7453125 0.0640625 0.065625
0 0.4890625 0.728125 0.040625 0.0546875
0 0.56796875 0.69453125 0.0609375 0.0734375
0 0.64609375 0.675 0.0453125 0.059375
0 0.71796875 0.646875 0.0671875 0.0625
0 0.79296875 0.6171875 0.0671875 0.065625
0 0.8625 0.590625 0.05625 0.059375
0 0.934375 0.5703125 0.05625 0.065625
0 0.86796875 0.696875 0.0640625 0.059375
0 0.95390625 0.74765625 0.0609375 0.0671875
0 0.9625 0.82265625 0.059375 0.0703125
0 0.71875 0.7515625 0.053125 0.0546875
0 0.98671875 0.61640625 0.0265625 0.0859375
0 0.99375 0.72421875 0.0125 0.0359375
0 0.571875 0.86796875 0.059375 0.0796875
0 0.6453125 0.84609375 0.0375 0.0390625
0 0.725 0.821875 0.04375 0.040625
0 0.6640625 0.93203125 0.053125 0.0734375
0 0.26953125 0.8921875 0.0609375 0.065625
0 0.12890625 0.98984375 0.0609375 0.0203125
0 0.20546875 0.9859375 0.0390625 0.028125
0 0.440625 0.98203125 0.046875 0.0359375
0 0.5171875 0.96875 0.059375 0.0625
0 0.6015625 0.98984375 0.059375 0.0203125
0 0.74140625 0.9703125 0.0515625 0.059375
0 0.90234375 0.97890625 0.0703125 0.0421875
0 0.4234375 0.91328125 0.04375 0.0546875
0 0.35546875 0.9390625 0.0671875 0.071875
0 0.9734375 0.896875 0.046875 0.046875
0 0.8140625 0.95078125 0.04375 0.0515625
0 0.1921875 0.75703125 0.059375 0.0578125
0 0.5546875 0.00859375 0.040625 0.0140625
0 0.828125 0.9921875 0.046875 0.015625
0 0.36953125 0.9953125 0.0328125 0.009375
0 0.88203125 0.853125 0.0640625 0.065625
0 0.48828125 0.81796875 0.0359375 0.0328125
0 0.884375 0.7796875 0.0625 0.046875
0 0.79921875 0.79765625 0.0359375 0.0609375
0 0.809375 0.87890625 0.028125 0.0421875
0 0.73046875 0.8984375 0.0359375 0.034375
0 0.6734375 0.9921875 0.0375 0.015625