0 0.08125 0.6390625 0.05078125 0.05546875
0 0.06796875 0.4890625 0.0671875 0.0703125
0 0.0765625 0.56875 0.0671875 0.06875
0 0.015625 0.59375 0.03125 0.06875
0 0.1515625 0.615625 0.0703125 0.05703125
0 0.23359375 0.58984375 0.08046875 0.0625
0 0.51640625 0.3625 0.0359375 0.0390625
0 0.37421875 0.36484375 0.034375 0.0375
0 0.4796875 0.4578125 0.040625 0.040625
0 0.45625 0.40078125 0.0375 0.04765625
0 0.58359375 0.34609375 0.04921875 0.04921875
0 0.4328125 0.33515625 0.04609375 0.05390625
0 0.49375 0.3125 0.04921875 0.05078125
0 0.40390625 0.42109375 0.05703125 0.04609375
0 0.55625 0.28203125 0.04765625 0.059375
0 0.4703125 0.2453125 0.05546875 0.05703125
0 0.621875 0.25390625 0.05078125 0.059375
0 0.6421875 0.315625 0.05390625 0.05703125
0 0.4078125 0.27265625 0.05546875 0.0609375
0 0.809375 0.5453125 0.0375 0.034375
0 0.421875 0.484375 0.040625 0.05390625
0 0.6453125 0.68125 0.0375 0.04765625
0 0.66640625 0.39453125 0.040625 0.0671875
0 0.859375 0.4546875 0.04921875 0.05078125
0 0.5328125 0.5828125 0.04609375 0.05078125
0 0.596875 0.5515625 0.04609375 0.05390625
0 0.65703125 0.53046875 0.04921875 0.05390625
0 0.6328125 0.4625 0.04921875 0.04921875
0 0.49921875 0.66875 0.05078125 0.0625
0 0.7484375 0.56484375 0.05390625 0.05078125
0 0.76171875 0.415625 0.05078125 0.05703125
0 0.50703125 0.5203125 0.05078125 0.05703125
0 0.71875 0.50546875 0.05703125 0.0609375
0 0.703125 0.4421875 0.065625 0.0671875
0 0.62421875 0.6171875 0.065625 0.0609375
0 0.5578125 0.64375 0.0640625 0.0671875
0 0.79609375 0.47890625 0.0734375 0.065625
0 0.215625 0.44296875 0.07734375 0.07578125
0 0.7125 0.646875 0.0734375 0.0734375
0 0.19765625 0.86953125 0.04765625 0.05078125
0 0.27109375 0.84296875 0.05703125 0.059375
0 0.18125 0.7875 0.0703125 0.05703125
0 0.03203125 0.83828125 0.0640625 0.0703125
0 0.1078125 0.815625 0.065625 0.0703125
0 0.1046875 0.22578125 0.0625 0.0734375
0 0.19296875 0.2734375 0.0703125 0.071875
0 0.228125 0.52265625 0.07578125 0.071875
0 0.0078125 0.51015625 0.015625 0.0640625
0 0.1203125 0.3078125 0.05703125 0.08203125
0 0.18125 0.20078125 0.04765625 0.05390625
0 0.30625 0.5609375 0.05546875 0.05234375
0 0.0828125 0.06328125 0.05703125 0.05703125
0 0.13203125 0.046875 0.04765625 0.05703125
0 0.015625 0.08515625 0.03125 0.05546875
0 0.02421875 0.165625 0.0484375 0.071875
0 0.0921875 0.15078125 0.059375 0.059375
0 0.16328125 0.115625 0.034375 0.034375
0 0.02734375 0.2546875 0.05390625 0.05390625
0 0.03828125 0.3328125 0.04765625 0.05546875
0 0.25546875 0.05234375 0.05546875 0.04921875
0 0.39765625 0.05546875 0.0734375 0.07578125
0 0.4859375 0.09765625 0.05390625 0.0640625
0 0.63515625 0.10078125 0.05390625 0.0609375
0 0.71875 0.1359375 0.05078125 0.059375
0 0.80703125 0.171875 0.05703125 0.0625
0 0.765625 0.26484375 0.04921875 0.05703125
0 0.8578125 0.2984375 0.05390625 0.065625
0 0.95703125 0.18125 0.059375 0.0609375
0 0.8484375 0.08203125 0.05390625 0.059375
0 0.36640625 0.146875 0.05390625 0.0640625
0 0.421875 0.11796875 0.05390625 0.0625
0 0.3859375 0.2109375 0.040625 0.05390625
0 0.44453125 0.184375 0.04921875 0.05703125
0 0.35234375 0.3 0.04921875 0.04609375
0 0.3015625 0.1703125 0.04296875 0.04765625
0 0.271875 0.1078125 0.04609375 0.0625
0 0.33359375 0.0875 0.03125 0.040625
0 0.22265625 0.00703125 0.0484375 0.0140625
0 0.31015625 0.02578125 0.04609375 0.05078125
0 0.4640625 0.03125 0.05546875 0.0625
0 0.378125 0.0125 0.05703125 0.02421875
0 0.52265625 0.01796875 0.05546875 0.0359375
0 0.6140625 0.03828125 0.05078125 0.05390625
0 0.56328125 0.121875 0.04765625 0.05390625
0 0.50546875 0.15703125 0.05078125 0.065625
0 0.53515625 0.21875 0.05078125 0.05390625
0 0.596875 0.1875 0.0625 0.0734375
0 0.68203125 0.228125 0.05546875 0.059375
0 0.66015625 0.16875 0.05390625 0.065625
0 0.67265625 0.01796875 0.0375 0.0359375
0 0.890625 0.0109375 0.05078125 0.02109375
0 0.915625 0.0578125 0.040625 0.04921875
0 0.871875 0.14375 0.0625 0.05078125
0 0.83359375 0.23125 0.05078125 0.059375
0 0.746875 0.20078125 0.05703125 0.0640625
0 0.71015625 0.29453125 0.05546875 0.0640625
0 0.73125 0.35625 0.04296875 0.0671875
0 0.79765625 0.33125 0.05078125 0.05546875
0 0.7 0.07265625 0.04296875 0.05390625
0 0.7609375 0.04765625 0.05546875 0.059375
0 0.784375 0.11015625 0.05078125 0.05546875
0 0.96953125 0.03203125 0.0375 0.04453125
0 0.55078125 0.0671875 0.0328125 0.0328125
0 0.8203125 0.0203125 0.04765625 0.040625
0 0.98515625 0.09453125 0.0296875 0.05078125
0 0.93203125 0.11953125 0.05703125 0.0625
0 0.896875 0.2078125 0.04609375 0.05546875
0 0.91953125 0.271875 0.04921875 0.065625
0 0.9453125 0.33125 0.05390625 0.05546875
0 0.884375 0.3578125 0.04765625 0.05703125
0 0.82265625 0.38125 0.04921875 0.05078125
0 0.98203125 0.2484375 0.0359375 0.05390625
0 0.99140625 0.3 0.0171875 0.05625
0 0.91171875 0.421875 0.059375 0.05703125
0 0.96796875 0.39609375 0.05703125 0.0640625
0 0.9359375 0.484375 0.05546875 0.0609375
0 0.8703125 0.51171875 0.04921875 0.04921875
0 0.9015625 0.5734375 0.04609375 0.05546875
0 0.83671875 0.59765625 0.05703125 0.0609375
0 0.7984375 0.68046875 0.07578125 0.07890625
0 0.915625 0.6328125 0.05703125 0.065625
0 0.9765625 0.96875 0.046875 0.059375
0 0.83359375 0.95546875 0.0734375 0.07890625
0 0.90234375 0.93046875 0.05390625 0.05078125
0 0.9578125 0.903125 0.04765625 0.0625
0 0.92421875 0.98046875 0.04921875 0.0390625
0 0.77578125 0.97578125 0.0515625 0.0484375
0 0.70703125 0.98984375 0.04765625 0.01953125
0 0.62421875 0.9765625 0.0390625 0.046875
0 0.684375 0.94765625 0.05703125 0.05546875
0 0.74921875 0.92109375 0.05546875 0.059375
0 0.809375 0.89609375 0.05078125 0.05703125
0 0.86953125 0.8640625 0.05703125 0.05546875
0 0.93125 0.83984375 0.05546875 0.05390625
0 0.603125 0.9125 0.059375 0.05078125
0 0.6609375 0.88671875 0.059375 0.065625
0 0.721875 0.86328125 0.05390625 0.05703125
0 0.78203125 0.8328125 0.05546875 0.0625
0 0.846875 0.8015625 0.05703125 0.065625
0 0.9078125 0.78046875 0.059375 0.06875
0 0.58046875 0.85546875 0.065625 0.05234375
0 0.63359375 0.82109375 0.05703125 0.065625
0 0.69453125 0.79921875 0.0640625 0.0703125
0 0.7640625 0.7734375 0.05546875 0.065625
0 0.82265625 0.74453125 0.05546875 0.0625
0 0.8875 0.7203125 0.05703125 0.0703125
0 0.9421875 0.69375 0.04765625 0.05234375
0 0.97265625 0.75546875 0.05390625 0.07890625
0 0.98359375 0.815625 0.0328125 0.0640625
0 0.540625 0.7890625 0.04921875 0.05078125
0 0.609375 0.7625 0.05390625 0.05546875
0 0.6703125 0.7359375 0.04921875 0.05546875
0 0.5234375 0.7328125 0.05078125 0.05546875
0 0.58359375 0.7015625 0.04609375 0.0625
0 0.47421875 0.6046875 0.05078125 0.04921875
0 0.25625 0.7640625 0.0640625 0.065625
0 0.33671875 0.73828125 0.05703125 0.0640625
0 0.35390625 0.89921875 0.065625 0.0734375
0 0.284375 0.92109375 0.04765625 0.0625
0 0.37421875 0.971875 0.0703125 0.05546875
0 0.45390625 0.94921875 0.071875 0.06875
0 0.32109375 0.2328125 0.04296875 0.05234375
0 0.44609375 0.87421875 0.059375 0.0671875
0 0.20625 0.9484375 0.0625 0.0609375
0 0.42578125 0.7890625 0.0671875 0.0703125
0 0.340625 0.81796875 0.059375 0.07578125
0 0.04375 0.91640625 0.0703125 0.071875
0 0.11796875 0.89453125 0.065625 0.0671875
0 0.12421875 0.96875 0.065625 0.0625
0 0.05234375 0.97734375 0.0703125 0.0453125
0 0.49921875 0.990625 0.0640625 0.01796875
0 0.51015625 0.9359375 0.04296875 0.05234375
0 0.328125 0.67421875 0.0625 0.0703125
0 0.24609375 0.69296875 0.0625 0.0671875
0 0.09296875 0.7453125 0.0640625 0.07734375
0 0.02578125 0.76796875 0.05078125 0.0703125
0 0.18046875 0.7234375 0.07578125 0.0703125
0 0.99375 0.665625 0.0125 0.040625
0 0.4078125 0.7078125 0.04296875 0.05234375
0 0.9609375 0.54609375 0.04921875 0.05546875
0 0.6828125 0.5890625 0.04765625 0.05703125
0 0.44609375 0.54375 0.0328125 0.04453125
0 0.5484375 0.43125 0.0671875 0.07578125
0 0.57109375 0.49453125 0.04765625 0.05703125
0 0.015625 0.66953125 0.03125 0.05390625
0 0.1484375 0.54375 0.0640625 0.07734375
0 0.30390625 0.496875 0.0671875 0.071875
0 0.34921875 0.54921875 0.0265625 0.04296875
0 0.05078125 0.40703125 0.05546875 0.0734375
0 0.1265625 0.3859375 0.05546875 0.0671875
0 0.20546875 0.359375 0.0640625 0.065625
0 0.26875 0.33828125 0.065625 0.0734375
0 0.2890625 0.4171875 0.0671875 0.08359375
0 0.1375 0.4703125 0.0625 0.059375
0 0.77265625 0.62109375 0.05703125 0.06875
0 0.98515625 0.46015625 0.0296875 0.05703125
0 0.99296875 0.515625 0.0140625 0.059375
0 0.98515625 0.6078125 0.0296875 0.04296875
0 0.8578125 0.6546875 0.05390625 0.05078125
0 0.859375 0.99375 0.046875 0.0125