0 0.97578125 0.07109375 0.0484375 0.0609375
0 0.81328125 0.0296875 0.059375 0.059375
0 0.88984375 0.0484375 0.0453125 0.05390625
0 0.634375 0.05078125 0.059375 0.06640625
0 0.73515625 0.01640625 0.0421875 0.0328125
0 0.71953125 0.07265625 0.0609375 0.075
0 0.796875 0.10390625 0.059375 0.071875
0 0.884375 0.1296875 0.04921875 0.06328125
0 0.96171875 0.153125 0.059375 0.06796875
0 0.5546875 0.03203125 0.065625 0.0640625
0 0.4671875 0.0171875 0.065625 0.034375
0 0.37734375 0.05703125 0.0453125 0.0578125
0 0.29140625 0.0296875 0.0578125 0.059375
0 0.20859375 0.015625 0.0578125 0.03125
0 0.03203125 0.03359375 0.0640625 0.0671875
0 0.11328125 0.0546875 0.0453125 0.0609375
0 0.19296875 0.08515625 0.0609375 0.075
0 0.0265625 0.115625 0.05234375 0.0734375
0 0.10390625 0.14453125 0.0609375 0.075
0 0.18671875 0.17421875 0.05234375 0.06484375
0 0.27734375 0.11796875 0.05078125 0.0609375
0 0.36015625 0.1390625 0.06328125 0.075
0 0.46015625 0.0875 0.0453125 0.05234375
0 0.53828125 0.1125 0.06328125 0.07890625
0 0.621875 0.1421875 0.05078125 0.06484375
0 0.7078125 0.159375 0.06640625 0.06640625
0 0.78515625 0.19765625 0.06328125 0.06640625
0 0.86796875 0.21875 0.05390625 0.0703125
0 0.95 0.2453125 0.0578125 0.07890625
0 0.99296875 0.36171875 0.0140625 0.0703125
0 0.9390625 0.3359375 0.05234375 0.059375
0 0.859375 0.31015625 0.05390625 0.075
0 0.69921875 0.2578125 0.04921875 0.0609375
0 0.61015625 0.225 0.06328125 0.0578125
0 0.446875 0.17421875 0.06796875 0.075
0 0.0171875 0.2046875 0.034375 0.075
0 0.08984375 0.22890625 0.05390625 0.06328125
0 0.17109375 0.2546875 0.05234375 0.05390625
0 0.26484375 0.19375 0.05078125 0.06640625
0 0.34375 0.228125 0.06796875 0.071875
0 0.43359375 0.2578125 0.059375 0.07890625
0 0.51953125 0.28671875 0.06640625 0.0765625
0 0.60078125 0.3109375 0.0578125 0.0734375
0 0.67578125 0.34296875 0.075 0.0875
0 0.76484375 0.3671875 0.05078125 0.06328125
0 0.8453125 0.3953125 0.05390625 0.0703125
0 0.93203125 0.42578125 0.04921875 0.0578125
0 0.990625 0.44609375 0.01875 0.0703125
0 0.98046875 0.546875 0.03828125 0.05625
0 0.9171875 0.51328125 0.0578125 0.07890625
0 0.8328125 0.484375 0.0609375 0.0703125
0 0.74296875 0.45703125 0.059375 0.06484375
0 0.58984375 0.40390625 0.05390625 0.0703125
0 0.5078125 0.378125 0.05390625 0.0703125
0 0.42109375 0.346875 0.06328125 0.075
0 0.33984375 0.31484375 0.0578125 0.08359375
0 0.2546875 0.29609375 0.06796875 0.07890625
0 0.00625 0.28046875 0.0125 0.0578125
0 0.08046875 0.31328125 0.04921875 0.059375
0 0.16015625 0.340625 0.05390625 0.06640625
0 0.2453125 0.371875 0.06796875 0.071875
0 0.32890625 0.40234375 0.059375 0.0765625
0 0.40859375 0.434375 0.0578125 0.075
0 0.48984375 0.46640625 0.059375 0.08046875
0 0.57421875 0.49453125 0.06796875 0.06640625
0 0.6609375 0.51796875 0.0703125 0.075
0 0.73984375 0.53828125 0.059375 0.0765625
0 0.82421875 0.5671875 0.05078125 0.06796875
0 0.903125 0.603125 0.06796875 0.0703125
0 0.978125 0.62578125 0.04375 0.06640625
0 0.9703125 0.72109375 0.059375 0.0859375
0 0.884375 0.6859375 0.06328125 0.0609375
0 0.8796875 0.76796875 0.0703125 0.075
0 0.79921875 0.74765625 0.05234375 0.06796875
0 0.728125 0.63515625 0.071875 0.08203125
0 0.809375 0.65546875 0.059375 0.0765625
0 0.6453125 0.6078125 0.059375 0.07890625
0 0.565625 0.5796875 0.0609375 0.071875
0 0.475 0.55 0.071875 0.075
0 0.39453125 0.5234375 0.0609375 0.06796875
0 0.31171875 0.4921875 0.06796875 0.075
0 0.2328125 0.46328125 0.059375 0.06328125
0 0.1453125 0.43515625 0.06328125 0.0703125
0 0.059375 0.4046875 0.06328125 0.0890625
0 0.0484375 0.48828125 0.06796875 0.07890625
0 0.13125 0.5203125 0.06328125 0.075
0 0.21640625 0.546875 0.059375 0.06328125
0 0.30625 0.58046875 0.06328125 0.0703125
0 0.37734375 0.60546875 0.059375 0.06484375
0 0.46328125 0.6375 0.06640625 0.075
0 0.5484375 0.6703125 0.05078125 0.06484375
0 0.6328125 0.69375 0.0703125 0.0765625
0 0.7078125 0.7203125 0.06328125 0.0703125
0 0.946875 0.88359375 0.071875 0.075
0 0.78828125 0.8328125 0.0703125 0.075
0 0.70390625 0.81015625 0.06796875 0.07890625
0 0.53984375 0.7484375 0.06328125 0.06328125
0 0.45625 0.73046875 0.0453125 0.05625
0 0.37421875 0.69296875 0.06328125 0.0703125
0 0.28671875 0.66953125 0.0421875 0.0421875
0 0.20625 0.63828125 0.059375 0.0703125
0 0.1203125 0.61171875 0.0453125 0.06328125
0 0.03671875 0.58046875 0.06640625 0.08046875
0 0.0328125 0.6703125 0.065625 0.071875
0 0.1125 0.6953125 0.0578125 0.075
0 0.6015625 0.86875 0.0765625 0.06640625
0 0.2640625 0.84609375 0.0703125 0.0734375
0 0.59140625 0.96015625 0.075 0.06640625
0 0.5125 0.93203125 0.0703125 0.08359375
0 0.525 0.84375 0.075 0.0859375
0 0.33828125 0.871875 0.0890625 0.075
0 0.85546875 0.9421875 0.06796875 0.06328125
0 0.0890625 0.87421875 0.06640625 0.0703125
0 0.68359375 0.88984375 0.059375 0.0734375
0 0.67890625 0.96953125 0.0609375 0.0609375
0 0.76953125 0.9234375 0.0734375 0.0765625
0 0.76171875 0.9859375 0.05390625 0.028125
0 0.9375 0.9671875 0.065625 0.065625
0 0.42890625 0.89609375 0.06796875 0.071875
0 0.4421875 0.81015625 0.0703125 0.08203125
0 0.36171875 0.78515625 0.06640625 0.0703125
0 0.1046875 0.78828125 0.06640625 0.06640625
0 0.175 0.81015625 0.0703125 0.07890625
0 0.2734375 0.75859375 0.071875 0.08046875
0 0.1953125 0.728125 0.071875 0.0703125
0 0.2359375 0.934375 0.09453125 0.0609375
0 0.021875 0.753125 0.04375 0.0765625
0 0.165625 0.96796875 0.071875 0.0640625
0 0.071875 0.94609375 0.08359375 0.0703125
0 0.0140625 0.91640625 0.028125 0.06640625
0 0.24140625 0.984375 0.06328125 0.03125
0 0.33359375 0.9609375 0.0734375 0.071875
0 0.0171875 0.84453125 0.034375 0.0703125
0 0.4171875 0.978125 0.05078125 0.04375
0 0.50859375 0.9890625 0.0578125 0.021875
0 0.16796875 0.903125 0.0703125 0.06484375
0 0.99140625 0.91484375 0.0171875 0.046875