0 0.97421875 0.02890625 0.0515625 0.0578125
0 0.9 0.0203125 0.05859375 0.040625
0 0.6625 0.02265625 0.0640625 0.0453125
0 0.7359375 0.03203125 0.05546875 0.06015625
0 0.81171875 0.059375 0.05 0.05546875
0 0.89296875 0.084375 0.0671875 0.06875
0 0.8859375 0.16796875 0.0671875 0.07734375
0 0.86875 0.24921875 0.0640625 0.07578125
0 0.77578125 0.30546875 0.05859375 0.0671875
0 0.6953125 0.28203125 0.06875 0.0671875
0 0.6171875 0.25234375 0.06015625 0.07578125
0 0.646875 0.08828125 0.06875 0.07578125
0 0.5578125 0.06484375 0.05859375 0.06875
0 0.54765625 0.13984375 0.071875 0.06875
0 0.5015625 0.2125 0.0640625 0.071875
0 0.63203125 0.17421875 0.07578125 0.07734375
0 0.7890625 0.22265625 0.05234375 0.05546875
0 0.72265625 0.1140625 0.05234375 0.0640625
0 0.80234375 0.13984375 0.0640625 0.06171875
0 0.55546875 0.23203125 0.040625 0.05234375
0 0.44609375 0.27734375 0.05703125 0.06171875
0 0.52421875 0.3078125 0.05546875 0.05546875
0 0.61171875 0.3328125 0.065625 0.071875
0 0.68671875 0.3609375 0.06875 0.08046875
0 0.76015625 0.38828125 0.06015625 0.07578125
0 0.93671875 0.359375 0.065625 0.0703125
0 0.92421875 0.44375 0.07734375 0.07578125
0 0.84375 0.41328125 0.0671875 0.07578125
0 0.9453125 0.275 0.06875 0.08046875
0 0.853125 0.33828125 0.0484375 0.05859375
0 0.990625 0.38515625 0.01875 0.07578125
0 0.98671875 0.46796875 0.0265625 0.0640625
0 0.98125 0.55390625 0.03671875 0.0640625
0 0.91796875 0.5265625 0.05703125 0.0640625
0 0.8328125 0.49296875 0.05859375 0.05859375
0 0.75625 0.46796875 0.065625 0.0640625
0 0.671875 0.44375 0.05546875 0.05859375
0 0.59453125 0.415625 0.05859375 0.05546875
0 0.515625 0.38671875 0.065625 0.07578125
0 0.41953125 0.440625 0.0671875 0.06875
0 0.503125 0.4703125 0.05 0.06171875
0 0.5828125 0.5 0.071875 0.08359375
0 0.6625 0.52265625 0.0671875 0.07578125
0 0.82109375 0.57578125 0.05234375 0.0703125
0 0.90078125 0.60859375 0.06015625 0.06875
0 0.9765625 0.6265625 0.046875 0.07578125
0 0.975 0.71875 0.040625 0.0453125
0 0.8859375 0.68984375 0.0734375 0.0703125
0 0.40859375 0.521875 0.071875 0.0875
0 0.49296875 0.5578125 0.05 0.05546875
0 0.56640625 0.57890625 0.05546875 0.06015625
0 0.6546875 0.6109375 0.06015625 0.0640625
0 0.73046875 0.64375 0.0484375 0.05546875
0 0.80859375 0.66953125 0.06015625 0.08046875
0 0.95546875 0.79921875 0.05234375 0.06171875
0 0.87578125 0.775 0.0671875 0.0671875
0 0.8 0.7484375 0.0640625 0.0703125
0 0.72109375 0.71953125 0.06015625 0.0640625
0 0.6375 0.68984375 0.0640625 0.0703125
0 0.55859375 0.66171875 0.0734375 0.07890625
0 0.4796875 0.634375 0.07734375 0.08359375
0 0.40078125 0.6109375 0.0671875 0.07578125
0 0.31171875 0.66640625 0.06015625 0.0703125
0 0.38984375 0.69140625 0.07578125 0.07734375
0 0.4671875 0.715625 0.071875 0.07578125
0 0.54140625 0.7515625 0.065625 0.07578125
0 0.6265625 0.77734375 0.05859375 0.07578125
0 0.709375 0.79921875 0.0671875 0.06171875
0 0.7921875 0.82890625 0.06015625 0.07734375
0 0.86796875 0.85625 0.065625 0.07578125
0 0.940625 0.8890625 0.0484375 0.06015625
0 0.85 0.93828125 0.05546875 0.0671875
0 0.77734375 0.9125 0.05546875 0.06015625
0 0.6953125 0.88125 0.065625 0.07734375
0 0.61640625 0.85859375 0.05859375 0.06875
0 0.93046875 0.96875 0.065625 0.06171875
0 0.84921875 0.9921875 0.06015625 0.01484375
0 0.76328125 0.97578125 0.0734375 0.0484375
0 0.68203125 0.9671875 0.05546875 0.065625
0 0.603125 0.9390625 0.05234375 0.06171875
0 0.52578125 0.91328125 0.065625 0.06171875
0 0.4328125 0.96484375 0.0734375 0.0703125
0 0.51484375 0.98125 0.05703125 0.03671875
0 0.59296875 0.99140625 0.06875 0.01640625
0 0.34765625 0.9921875 0.06015625 0.01484375
0 0.27109375 0.97890625 0.071875 0.0421875
0 0.19765625 0.88828125 0.07734375 0.0921875
0 0.27578125 0.91640625 0.065625 0.08359375
0 0.353125 0.9421875 0.06875 0.071875
0 0.296875 0.74296875 0.0671875 0.08359375
0 0.37578125 0.7734375 0.0640625 0.0671875
0 0.45859375 0.8015625 0.07578125 0.07578125
0 0.4453125 0.88359375 0.06875 0.07578125
0 0.365625 0.853125 0.0734375 0.071875
0 0.284375 0.8265625 0.05234375 0.05546875
0 0.35859375 0.51796875 0.03203125 0.05234375
0 0.54375 0.83125 0.03046875 0.0421875
0 0.1859375 0.97890625 0.04375 0.0421875
0 0.96640625 0.10625 0.0671875 0.071875
0 0.959375 0.18984375 0.0734375 0.08359375
0 0.40078125 0.103125 0.05 0.05234375
0 0.41953125 0.0453125 0.0671875 0.05390625
0 0.375 0.17109375 0.03828125 0.05
0 0.35078125 0.22734375 0.03046875 0.03828125
0 0.32578125 0.29453125 0.05 0.05546875
0 0.2515625 0.26484375 0.0640625 0.0421875
0 0.196875 0.24140625 0.05546875 0.05390625
0 0.36484375 0.02109375 0.05859375 0.0421875
0 0.3375 0.07734375 0.06015625 0.0671875
0 0.31328125 0.1390625 0.05859375 0.05703125
0 0.2890625 0.20234375 0.0484375 0.05859375
0 0.303125 0.0109375 0.065625 0.021875
0 0.2734375 0.0515625 0.05703125 0.05859375
0 0.24765625 0.11171875 0.05234375 0.05703125
0 0.21875 0.1765625 0.05234375 0.0640625
0 0.16015625 0.14765625 0.07578125 0.08046875
0 0.13359375 0.21640625 0.05234375 0.0671875
0 0.48984375 0.12734375 0.040625 0.05390625
0 0.2140625 0.0265625 0.05625 0.053125
0 0.18515625 0.084375 0.05234375 0.05703125
0 0.06640625 0.18203125 0.05234375 0.05859375
0 0.08359375 0.1234375 0.06015625 0.05234375
0 0.01875 0.1609375 0.03671875 0.06015625
0 0.146875 0.01171875 0.05859375 0.0234375
0 0.1234375 0.053125 0.05859375 0.05859375
0 0.06015625 0.0296875 0.05703125 0.05546875
0 0.03125 0.09296875 0.05234375 0.06171875
0 0.01171875 0.01875 0.0234375 0.03671875
0 0.74765625 0.56328125 0.03515625 0.0421875
0 0.2890625 0.35 0.046875 0.0484375
0 0.23046875 0.325 0.071875 0.065625
0 0.11015625 0.26796875 0.0484375 0.0453125
0 0.17265625 0.29609375 0.05 0.0421875
0 0.0453125 0.24921875 0.05 0.0484375
0 0.20390625 0.37890625 0.03203125 0.03671875
0 0.15546875 0.353125 0.0953125 0.071875
0 0.02734375 0.30703125 0.0546875 0.0578125
0 0.2921875 0.4 0.04375 0.0453125
0 0.240625 0.38671875 0.0453125 0.0484375
0 0.0828125 0.328125 0.05546875 0.05546875
0 0.13203125 0.3046875 0.0453125 0.03203125
0 0.0703125 0.28515625 0.05 0.03046875
0 0.00859375 0.2453125 0.01640625 0.06015625