0 0.97265625 0.96015625 0.0546875 0.0578125
0 0.890625 0.990625 0.0515625 0.01875
0 0.83203125 0.98828125 0.040625 0.0234375
0 0.7640625 0.978125 0.053125 0.04375
0 0.7171875 0.90078125 0.07890625 0.07578125
0 0.6375 0.94921875 0.0515625 0.0484375
0 0.57421875 0.9359375 0.053125 0.06484375
0 0.50078125 0.978125 0.06796875 0.04375
0 0.56328125 0.9875 0.04375 0.025
0 0.62890625 0.9875 0.05625 0.025
0 0.4734375 0.909375 0.0375 0.0515625
0 0.5078125 0.9203125 0.03125 0.0359375
0 0.65546875 0.8796875 0.04375 0.0453125
0 0.59140625 0.86484375 0.06328125 0.06328125
0 0.534375 0.8546875 0.03125 0.0453125
0 0.490625 0.84921875 0.04375 0.05625
0 0.7828125 0.9140625 0.053125 0.0546875
0 0.84296875 0.92890625 0.040625 0.046875
0 0.90546875 0.94609375 0.040625 0.0421875
0 0.98125 0.8953125 0.0375 0.06484375
0 0.9171875 0.88515625 0.0515625 0.059375
0 0.85703125 0.86171875 0.053125 0.05625
0 0.79140625 0.85 0.0296875 0.0265625
0 0.73359375 0.83828125 0.0328125 0.03125
0 0.66875 0.81640625 0.0453125 0.046875
0 0.60390625 0.8046875 0.053125 0.053125
0 0.5421875 0.78046875 0.053125 0.07109375
0 0.490625 0.77578125 0.03125 0.0421875
0 0.8703125 0.79453125 0.06484375 0.06796875
0 0.93671875 0.8203125 0.04375 0.0515625
0 0.9890625 0.83359375 0.021875 0.04375
0 0.80703125 0.78828125 0.0484375 0.0515625
0 0.74765625 0.77109375 0.0609375 0.06796875
0 0.6796875 0.75 0.0484375 0.05625
0 0.6203125 0.73984375 0.0546875 0.0578125
0 0.95 0.7515625 0.053125 0.046875
0 0.89453125 0.73828125 0.040625 0.0484375
0 0.82421875 0.7203125 0.05625 0.06640625
0 0.7578125 0.70625 0.046875 0.046875
0 0.6984375 0.6890625 0.040625 0.046875
0 0.6390625 0.6765625 0.0609375 0.0546875
0 0.57109375 0.65859375 0.040625 0.046875
0 0.51796875 0.65390625 0.0546875 0.053125
0 0.559375 0.721875 0.046875 0.059375
0 0.50703125 0.715625 0.0328125 0.04375
0 0.965625 0.68828125 0.040625 0.0484375
0 0.89765625 0.67578125 0.05625 0.05625
0 0.8453125 0.65703125 0.0484375 0.05
0 0.77265625 0.6453125 0.0515625 0.0546875
0 0.71328125 0.6265625 0.0390625 0.0390625
0 0.646875 0.61328125 0.0515625 0.06328125
0 0.5828125 0.5984375 0.0453125 0.0546875
0 0.528125 0.584375 0.053125 0.0609375
0 0.97578125 0.63203125 0.0484375 0.053125
0 0.91171875 0.61640625 0.05625 0.046875
0 0.85078125 0.6015625 0.0375 0.0484375
0 0.7953125 0.5828125 0.06953125 0.07109375
0 0.72578125 0.56640625 0.0515625 0.053125
0 0.66875 0.55390625 0.0515625 0.0546875
0 0.53515625 0.52109375 0.0609375 0.0578125
0 0.68203125 0.4875 0.05625 0.05625
0 0.74296875 0.4984375 0.0484375 0.046875
0 0.80625 0.5125 0.06328125 0.06953125
0 0.86640625 0.53125 0.059375 0.059375
0 0.93046875 0.55234375 0.046875 0.0484375
0 0.9828125 0.56640625 0.034375 0.046875
0 0.76015625 0.440625 0.0546875 0.05625
0 0.69765625 0.4296875 0.0484375 0.0515625
0 0.88125 0.4734375 0.0515625 0.053125
0 0.9484375 0.4890625 0.046875 0.05625
0 0.58359375 0.33671875 0.06328125 0.07265625
0 0.7109375 0.36328125 0.046875 0.0546875
0 0.76953125 0.38046875 0.0515625 0.046875
0 0.83515625 0.3921875 0.06328125 0.06484375
0 0.89375 0.40703125 0.0609375 0.059375
0 0.96484375 0.42421875 0.0515625 0.059375
0 0.6 0.26484375 0.0484375 0.0546875
0 0.65703125 0.28125 0.059375 0.06328125
0 0.7265625 0.303125 0.04375 0.04375
0 0.784375 0.309375 0.053125 0.0546875
0 0.84921875 0.328125 0.06328125 0.06796875
0 0.915625 0.3453125 0.06484375 0.06796875
0 0.971875 0.359375 0.04375 0.0546875
0 0.63046875 0.40703125 0.053125 0.05625
0 0.55625 0.45390625 0.0375 0.0390625
0 0.56796875 0.390625 0.0375 0.0390625
0 0.60625 0.20546875 0.06484375 0.0578125
0 0.93046875 0.2828125 0.059375 0.05
0 0.98515625 0.29609375 0.0296875 0.046875
0 0.8765625 0.203125 0.0484375 0.04375
0 0.94609375 0.21875 0.0484375 0.05625
0 0.9890625 0.23359375 0.021875 0.0546875
0 0.82265625 0.196875 0.046875 0.053125
0 0.75 0.16875 0.059375 0.0609375
0 0.5984375 0.0609375 0.0484375 0.053125
0 0.6421875 0.0765625 0.0390625 0.0515625
0 0.70546875 0.09609375 0.0546875 0.06328125
0 0.77265625 0.11171875 0.0296875 0.040625
0 0.828125 0.115625 0.0484375 0.06484375
0 0.890625 0.1375 0.0515625 0.0515625
0 0.95703125 0.15546875 0.0546875 0.053125
0 0.79921875 0.25390625 0.0484375 0.0546875
0 0.78671875 0.04140625 0.0453125 0.0546875
0 0.4609375 0.115625 0.059375 0.06484375
0 0.45390625 0.18125 0.07109375 0.06796875
0 0.475 0.034375 0.059375 0.059375
0 0.38984375 0.08671875 0.05625 0.06328125
0 0.31796875 0.06015625 0.046875 0.0546875
0 0.296875 0.2 0.053125 0.053125
0 0.3703125 0.22890625 0.0390625 0.0390625
0 0.22265625 0.17421875 0.0609375 0.0609375
0 0.0828125 0.05859375 0.0453125 0.0546875
0 0.07265625 0.13515625 0.053125 0.05625
0 0.0171875 0.0390625 0.034375 0.06328125
0 0.16796875 0.01953125 0.04375 0.0390625
0 0.2421875 0.0375 0.065625 0.075
0 0.23671875 0.11171875 0.0484375 0.046875
0 0.6578125 0.01875 0.0484375 0.0375
0 0.7203125 0.028125 0.025 0.034375
0 0.84609375 0.05859375 0.06328125 0.0609375
0 0.909375 0.07109375 0.0484375 0.05
0 0.97109375 0.09296875 0.0484375 0.06328125
0 0.8578125 0.01640625 0.0609375 0.0328125
0 0.9265625 0.01875 0.0515625 0.0375
0 0.98359375 0.0296875 0.0328125 0.046875
0 0.7390625 0.24765625 0.0375 0.0546875
0 0.68125 0.2171875 0.0140625 0.028125
0 0.8640625 0.2609375 0.0390625 0.05625
0 0.6921875 0.15234375 0.025 0.028125
0 0.3 0.13984375 0.040625 0.0375
0 0.1515625 0.08984375 0.0359375 0.053125
0 0.128125 0.2546875 0.06796875 0.06953125
0 0.12421875 0.3234375 0.05625 0.06796875
0 0.19375 0.34296875 0.06328125 0.06640625
0 0.2671875 0.3671875 0.059375 0.06484375
0 0.34140625 0.39140625 0.06328125 0.059375
0 0.421875 0.41328125 0.0546875 0.059375
0 0.275 0.30078125 0.06328125 0.06796875
0 0.35390625 0.328125 0.059375 0.07109375
0 0.0140625 0.615625 0.028125 0.0609375
0 0.0578125 0.23203125 0.06328125 0.06484375
0 0.046875 0.29453125 0.053125 0.0578125
0 0.1984375 0.275 0.046875 0.04375
0 0.0046875 0.2078125 0.009375 0.07265625
0 0.0046875 0.27109375 0.009375 0.0546875
0 0.0359375 0.37265625 0.06328125 0.07265625
0 0.11484375 0.39453125 0.05625 0.06640625
0 0.1828125 0.4171875 0.0609375 0.07421875
0 0.33203125 0.46484375 0.059375 0.0578125
0 0.25390625 0.4453125 0.07109375 0.07890625
0 0.403125 0.49609375 0.0515625 0.0515625
0 0.39453125 0.57109375 0.06328125 0.06328125
0 0.32109375 0.546875 0.05625 0.06640625
0 0.25078125 0.5203125 0.06796875 0.06640625
0 0.09921875 0.47578125 0.06328125 0.06796875
0 0.17265625 0.4984375 0.07265625 0.07265625
0 0.02109375 0.5296875 0.0421875 0.07578125
0 0.0296875 0.44921875 0.059375 0.06796875
0 0.0890625 0.5546875 0.0609375 0.05625
0 0.16015625 0.5734375 0.06328125 0.06796875
0 0.3078125 0.62578125 0.053125 0.06328125
0 0.3703125 0.725 0.0453125 0.05
0 0.35859375 0.79375 0.059375 0.07109375
0 0.28359375 0.77265625 0.06796875 0.06484375
0 0.21171875 0.75546875 0.06796875 0.07421875
0 0.140625 0.73125 0.0515625 0.05625
0 0.06171875 0.70546875 0.06796875 0.07734375
0 0.29453125 0.69765625 0.0484375 0.0453125
0 0.2203125 0.6640625 0.053125 0.06484375
0 0.1484375 0.6484375 0.0546875 0.0578125
0 0.07890625 0.6265625 0.06328125 0.06484375
0 0.00546875 0.68828125 0.0109375 0.0546875
0 0.0046875 0.75625 0.009375 0.0375
0 0.003125 0.8328125 0.00625 0.0484375
0 0.20078125 0.83125 0.0609375 0.06484375
0 0.18984375 0.90625 0.0609375 0.07109375
0 0.2609375 0.93359375 0.05625 0.07265625
0 0.34296875 0.953125 0.06328125 0.07265625
0 0.11953125 0.878125 0.053125 0.07421875
0 0.35234375 0.8828125 0.053125 0.06484375
0 0.18203125 0.978125 0.046875 0.04375
0 0.10703125 0.9625 0.046875 0.06328125
0 0.02890625 0.9359375 0.0546875 0.07109375
0 0.03046875 0.98984375 0.0609375 0.0203125
0 0.04375 0.859375 0.059375 0.0578125
0 0.1265625 0.80625 0.0484375 0.05625
0 0.05546875 0.7875 0.0546875 0.05625
0 0.4203125 0.35703125 0.0578125 0.0546875
0 0.01640625 0.1046875 0.0328125 0.0609375
0 0.7046875 0.95859375 0.06953125 0.06796875
0 0.15546875 0.15625 0.046875 0.0453125