0 0.91875 0.01796875 0.07578125 0.0359375
0 0.5609375 0.01015625 0.071875 0.0203125
0 0.6421875 0.01953125 0.0625 0.0390625
0 0.728125 0.03671875 0.05625 0.0625
0 0.81875 0.06484375 0.07578125 0.07734375
0 0.8109375 0.15859375 0.07578125 0.08671875
0 0.7921875 0.25 0.071875 0.08515625
0 0.6875 0.31328125 0.06640625 0.07578125
0 0.596875 0.28671875 0.07734375 0.07578125
0 0.509375 0.25390625 0.06796875 0.08515625
0 0.5421875 0.06875 0.07734375 0.08515625
0 0.4421875 0.0421875 0.06640625 0.07734375
0 0.43125 0.12734375 0.08125 0.07734375
0 0.37890625 0.20859375 0.071875 0.08125
0 0.52578125 0.16640625 0.08515625 0.08671875
0 0.703125 0.21953125 0.05859375 0.0625
0 0.62734375 0.0984375 0.05859375 0.071875
0 0.7171875 0.12734375 0.071875 0.06953125
0 0.43984375 0.23125 0.0453125 0.05859375
0 0.3171875 0.28203125 0.0640625 0.06953125
0 0.4046875 0.31640625 0.0625 0.0625
0 0.503125 0.34453125 0.0734375 0.08125
0 0.5875 0.37578125 0.07734375 0.090625
0 0.66953125 0.40625 0.06796875 0.08515625
0 0.86875 0.3734375 0.0734375 0.07890625
0 0.8546875 0.46875 0.08671875 0.08515625
0 0.7640625 0.43515625 0.07578125 0.08515625
0 0.878125 0.27890625 0.07734375 0.090625
0 0.77421875 0.35 0.0546875 0.06640625
0 0.95546875 0.403125 0.0734375 0.08515625
0 0.94140625 0.49609375 0.0640625 0.071875
0 0.93359375 0.5921875 0.071875 0.071875
0 0.846875 0.5625 0.0640625 0.071875
0 0.7515625 0.52421875 0.06640625 0.06640625
0 0.66484375 0.49609375 0.0734375 0.071875
0 0.57109375 0.46875 0.0625 0.06640625
0 0.48359375 0.43671875 0.06640625 0.0625
0 0.3953125 0.4046875 0.0734375 0.08515625
0 0.28671875 0.46484375 0.07578125 0.07734375
0 0.38125 0.49921875 0.05625 0.06953125
0 0.47109375 0.53203125 0.08125 0.09453125
0 0.56015625 0.5578125 0.07578125 0.08515625
0 0.7390625 0.6171875 0.05859375 0.07890625
0 0.828125 0.65390625 0.06796875 0.07734375
0 0.92109375 0.67578125 0.06796875 0.08515625
0 0.96484375 0.31015625 0.06953125 0.0890625
0 0.990625 0.71328125 0.01875 0.07890625
0 0.9859375 0.80859375 0.028125 0.06640625
0 0.9109375 0.778125 0.0453125 0.05078125
0 0.8109375 0.7453125 0.0828125 0.07890625
0 0.27421875 0.55625 0.08125 0.0984375
0 0.36953125 0.596875 0.05625 0.0625
0 0.4515625 0.62109375 0.0625 0.06796875
0 0.55078125 0.65625 0.06796875 0.071875
0 0.63671875 0.69375 0.0546875 0.0625
0 0.72421875 0.72265625 0.06796875 0.090625
0 0.97421875 0.89375 0.05078125 0.08515625
0 0.88984375 0.86875 0.05859375 0.06953125
0 0.8 0.84140625 0.07578125 0.07578125
0 0.71484375 0.8109375 0.071875 0.07890625
0 0.6265625 0.77890625 0.06796875 0.071875
0 0.53203125 0.7453125 0.071875 0.07890625
0 0.44375 0.7140625 0.0828125 0.0890625
0 0.3546875 0.6828125 0.08671875 0.09453125
0 0.26640625 0.65625 0.07578125 0.08515625
0 0.16640625 0.71875 0.06796875 0.07890625
0 0.25390625 0.746875 0.08515625 0.08671875
0 0.340625 0.77421875 0.08125 0.08515625
0 0.4234375 0.81484375 0.0734375 0.08515625
0 0.51953125 0.84453125 0.06640625 0.08515625
0 0.61328125 0.86875 0.07578125 0.06953125
0 0.70546875 0.9015625 0.06796875 0.08671875
0 0.79140625 0.9328125 0.0734375 0.08515625
0 0.87265625 0.96796875 0.0546875 0.0640625
0 0.96875 0.975 0.0625 0.05
0 0.68984375 0.98125 0.0625 0.0375
0 0.596875 0.95859375 0.0734375 0.0828125
0 0.50859375 0.93515625 0.06640625 0.07734375
0 0.40625 0.98125 0.0734375 0.0375
0 0.040625 0.95859375 0.08125 0.0828125
0 0.12578125 0.9765625 0.0734375 0.046875
0 0.14921875 0.80546875 0.07578125 0.09453125
0 0.2375 0.83984375 0.071875 0.07578125
0 0.33125 0.87109375 0.08515625 0.08515625
0 0.31640625 0.96015625 0.07734375 0.07890625
0 0.2265625 0.92890625 0.0828125 0.08125
0 0.13515625 0.89921875 0.05859375 0.0625
0 0.21796875 0.5515625 0.0359375 0.05859375
0 0.4265625 0.9046875 0.03359375 0.046875
0 0.97734375 0.21328125 0.0453125 0.071875
0 0.9046875 0.08984375 0.08125 0.08125
0 0.89453125 0.1828125 0.0828125 0.09453125
0 0.98203125 0.121875 0.0359375 0.0625
0 0.98671875 0.03515625 0.0265625 0.06953125
0 0.26640625 0.0859375 0.05625 0.05859375
0 0.28671875 0.02578125 0.07578125 0.05078125
0 0.23671875 0.1625 0.04375 0.05625
0 0.209375 0.22578125 0.03359375 0.04375
0 0.18125 0.30078125 0.05625 0.0625
0 0.0984375 0.26796875 0.071875 0.046875
0 0.03671875 0.24140625 0.0625 0.06015625
0 0.22578125 0.00859375 0.06640625 0.0171875
0 0.19453125 0.05625 0.06796875 0.07578125
0 0.1671875 0.1265625 0.06640625 0.0640625
0 0.140625 0.196875 0.0546875 0.06640625
0 0.12265625 0.03046875 0.0640625 0.06015625
0 0.09375 0.0953125 0.05859375 0.0640625
0 0.0609375 0.16796875 0.05859375 0.071875
0 0.01875 0.1359375 0.0375 0.090625
0 0.36640625 0.11328125 0.0453125 0.06015625
0 0.05546875 0.01484375 0.0640625 0.0296875
0 0.0265625 0.0640625 0.053125 0.0640625
0 0.65546875 0.603125 0.03984375 0.046875
0 0.99140625 0.621875 0.0171875 0.06640625
0 0.140625 0.36328125 0.053125 0.0546875
0 0.07421875 0.33515625 0.08125 0.0734375
0 0.01875 0.303125 0.0375 0.046875
0 0.04453125 0.39609375 0.0359375 0.04140625
0 0.021875 0.3671875 0.04375 0.08125
0 0.14375 0.41953125 0.04921875 0.05078125
0 0.0859375 0.4046875 0.05078125 0.0546875