0 0.12265625 0.6453125 0.0484375 0.053125
0 0.11015625 0.50234375 0.0640625 0.0671875
0 0.11796875 0.578125 0.0640625 0.065625
0 0.03984375 0.6015625 0.0703125 0.065625
0 0.18984375 0.62265625 0.0671875 0.0546875
0 0.26796875 0.5984375 0.0765625 0.059375
0 0.5375 0.38125 0.034375 0.0375
0 0.40234375 0.38359375 0.0328125 0.0359375
0 0.50234375 0.47265625 0.0390625 0.0390625
0 0.48046875 0.41796875 0.0359375 0.0453125
0 0.6015625 0.365625 0.046875 0.046875
0 0.4578125 0.35546875 0.04375 0.0515625
0 0.515625 0.33359375 0.046875 0.0484375
0 0.43046875 0.4375 0.0546875 0.04375
0 0.57578125 0.3046875 0.0453125 0.05625
0 0.49375 0.26953125 0.053125 0.0546875
0 0.63828125 0.278125 0.0484375 0.05625
0 0.65703125 0.33671875 0.0515625 0.0546875
0 0.434375 0.29609375 0.053125 0.0578125
0 0.81640625 0.55546875 0.0359375 0.0328125
0 0.44765625 0.49765625 0.0390625 0.0515625
0 0.66015625 0.68515625 0.0359375 0.0453125
0 0.68046875 0.41171875 0.0390625 0.0640625
0 0.8640625 0.46953125 0.046875 0.0484375
0 0.553125 0.59140625 0.04375 0.0484375
0 0.6140625 0.56171875 0.04375 0.0515625
0 0.671875 0.54140625 0.046875 0.0515625
0 0.6484375 0.4765625 0.046875 0.046875
0 0.52109375 0.6734375 0.0484375 0.059375
0 0.75859375 0.57421875 0.0515625 0.0484375
0 0.77109375 0.43203125 0.0484375 0.0546875
0 0.52890625 0.53203125 0.0484375 0.0546875
0 0.73046875 0.51796875 0.0546875 0.0578125
0 0.715625 0.45703125 0.0625 0.0640625
0 0.640625 0.62421875 0.0625 0.0578125
0 0.57734375 0.64921875 0.0609375 0.0640625
0 0.80390625 0.4921875 0.0703125 0.0625
0 0.25078125 0.4578125 0.0734375 0.071875
0 0.72421875 0.65234375 0.0703125 0.0703125
0 0.009375 0.78984375 0.01875 0.0390625
0 0.23359375 0.86484375 0.0453125 0.0484375
0 0.30390625 0.8390625 0.0546875 0.05625
0 0.21796875 0.78671875 0.0671875 0.0546875
0 0.07421875 0.83515625 0.0640625 0.0671875
0 0.1484375 0.81328125 0.0625 0.0671875
0 0.0359375 0.04375 0.046875 0.0625
0 0.1453125 0.25078125 0.059375 0.0703125
0 0.22890625 0.296875 0.0671875 0.06875
0 0.2625 0.534375 0.071875 0.06875
0 0.03046875 0.52265625 0.0609375 0.0609375
0 0.16015625 0.3296875 0.0546875 0.078125
0 0.21796875 0.22734375 0.0453125 0.0515625
0 0.3375 0.5703125 0.053125 0.05
0 0.12421875 0.09609375 0.0546875 0.0546875
0 0.17109375 0.08046875 0.0453125 0.0546875
0 0.1109375 0.02109375 0.04375 0.0421875
0 0.05078125 0.1171875 0.0484375 0.053125
0 0.06171875 0.19453125 0.0609375 0.06875
0 0.1328125 0.1796875 0.05625 0.05625
0 0.20078125 0.14609375 0.0328125 0.0328125
0 0.0703125 0.27890625 0.053125 0.0515625
0 0.08203125 0.353125 0.0453125 0.053125
0 0.01171875 0.29453125 0.0234375 0.0515625
0 0.01484375 0.37421875 0.0296875 0.0578125
0 0.2890625 0.0859375 0.053125 0.046875
0 0.42421875 0.0890625 0.0703125 0.071875
0 0.50859375 0.12890625 0.0515625 0.0609375
0 0.65078125 0.13203125 0.0515625 0.0578125
0 0.73046875 0.165625 0.0484375 0.05625
0 0.81484375 0.2 0.0546875 0.059375
0 0.775 0.28828125 0.046875 0.0546875
0 0.86328125 0.3203125 0.0515625 0.0625
0 0.9578125 0.20859375 0.05625 0.0578125
0 0.85390625 0.1140625 0.0515625 0.05625
0 0.39453125 0.17578125 0.0515625 0.0609375
0 0.44765625 0.1484375 0.0515625 0.059375
0 0.41328125 0.23671875 0.0390625 0.0515625
0 0.46875 0.21171875 0.046875 0.0546875
0 0.38125 0.321875 0.046875 0.04375
0 0.3328125 0.1984375 0.040625 0.0453125
0 0.3046875 0.1390625 0.04375 0.059375
0 0.36328125 0.11953125 0.0296875 0.0390625
0 0.25859375 0.025 0.0453125 0.05
0 0.340625 0.05703125 0.04375 0.0546875
0 0.4875 0.0640625 0.053125 0.0625
0 0.40546875 0.0296875 0.0546875 0.059375
0 0.46015625 0.01640625 0.0484375 0.0328125
0 0.54375 0.03984375 0.053125 0.0609375
0 0.63046875 0.07265625 0.0484375 0.0515625
0 0.58203125 0.15234375 0.0453125 0.0515625
0 0.52734375 0.1859375 0.0484375 0.0625
0 0.55546875 0.24453125 0.0484375 0.0515625
0 0.6140625 0.21484375 0.059375 0.0703125
0 0.6953125 0.253125 0.053125 0.05625
0 0.67421875 0.196875 0.0515625 0.0625
0 0.68671875 0.0515625 0.0359375 0.0375
0 0.60546875 0.0171875 0.0453125 0.034375
0 0.66875 0.00859375 0.04375 0.0171875
0 0.89453125 0.028125 0.0484375 0.05625
0 0.91796875 0.09140625 0.0390625 0.046875
0 0.8765625 0.17265625 0.059375 0.0484375
0 0.83984375 0.25625 0.0484375 0.05625
0 0.75703125 0.22734375 0.0546875 0.0609375
0 0.721875 0.31640625 0.053125 0.0609375
0 0.7421875 0.37578125 0.040625 0.0640625
0 0.80546875 0.3515625 0.0484375 0.053125
0 0.7125 0.10546875 0.040625 0.0515625
0 0.7703125 0.08125 0.053125 0.05625
0 0.79296875 0.140625 0.0484375 0.053125
0 0.74609375 0.0203125 0.0453125 0.040625
0 0.7984375 0.015625 0.046875 0.03125
0 0.96953125 0.06640625 0.0359375 0.0421875
0 0.5703125 0.1 0.03125 0.03125
0 0.82734375 0.0546875 0.0453125 0.040625
0 0.9546875 0.01484375 0.059375 0.0296875
0 0.98515625 0.12578125 0.0296875 0.0484375
0 0.93359375 0.15 0.0546875 0.059375
0 0.9 0.234375 0.04375 0.053125
0 0.921875 0.2953125 0.046875 0.0625
0 0.94609375 0.3515625 0.0515625 0.053125
0 0.88828125 0.37734375 0.0453125 0.0546875
0 0.8296875 0.39921875 0.046875 0.0484375
0 0.98203125 0.27265625 0.0359375 0.0515625
0 0.99140625 0.3234375 0.0171875 0.0546875
0 0.9140625 0.43828125 0.05625 0.0546875
0 0.96796875 0.41328125 0.0546875 0.0609375
0 0.9375 0.49765625 0.053125 0.0578125
0 0.875 0.5234375 0.046875 0.046875
0 0.9046875 0.5828125 0.04375 0.053125
0 0.84296875 0.60546875 0.0546875 0.0578125
0 0.80625 0.684375 0.071875 0.075
0 0.91796875 0.6390625 0.0546875 0.0625
0 0.97734375 0.959375 0.0453125 0.05625
0 0.83984375 0.946875 0.0703125 0.075
0 0.90546875 0.92265625 0.0515625 0.0484375
0 0.95859375 0.896875 0.0453125 0.059375
0 0.9265625 0.97578125 0.046875 0.0484375
0 0.78515625 0.971875 0.0484375 0.05625
0 0.71953125 0.98515625 0.0453125 0.0296875
0 0.640625 0.96875 0.0375 0.046875
0 0.69765625 0.9390625 0.0546875 0.053125
0 0.759375 0.9140625 0.053125 0.05625
0 0.81640625 0.88984375 0.0484375 0.0546875
0 0.87421875 0.859375 0.0546875 0.053125
0 0.9328125 0.83671875 0.053125 0.0515625
0 0.6203125 0.90546875 0.05625 0.0484375
0 0.675 0.88125 0.05625 0.0625
0 0.73359375 0.85859375 0.0515625 0.0546875
0 0.790625 0.8296875 0.053125 0.059375
0 0.85234375 0.8 0.0546875 0.0625
0 0.9109375 0.7796875 0.05625 0.065625
0 0.5984375 0.8515625 0.0625 0.05
0 0.64921875 0.81875 0.0546875 0.0625
0 0.70703125 0.79765625 0.0609375 0.0671875
0 0.7734375 0.7734375 0.053125 0.0625
0 0.8296875 0.7453125 0.053125 0.059375
0 0.89140625 0.72265625 0.0546875 0.0671875
0 0.94296875 0.696875 0.0453125 0.05
0 0.9734375 0.75625 0.053125 0.075
0 0.98359375 0.81328125 0.0328125 0.0609375
0 0.5609375 0.78828125 0.046875 0.0484375
0 0.62578125 0.7625 0.0515625 0.053125
0 0.684375 0.7375 0.046875 0.053125
0 0.54453125 0.734375 0.0484375 0.053125
0 0.6015625 0.7046875 0.04375 0.059375
0 0.49765625 0.6125 0.0484375 0.046875
0 0.28984375 0.7640625 0.0609375 0.0625
0 0.36640625 0.73984375 0.0546875 0.0609375
0 0.3828125 0.89296875 0.0625 0.0703125
0 0.31640625 0.9140625 0.0453125 0.059375
0 0.40234375 0.965625 0.0671875 0.059375
0 0.478125 0.940625 0.06875 0.065625
0 0.3515625 0.2578125 0.040625 0.05
0 0.4703125 0.86953125 0.05625 0.0640625
0 0.2421875 0.93984375 0.059375 0.0578125
0 0.45078125 0.78828125 0.0640625 0.0671875
0 0.3703125 0.815625 0.05625 0.071875
0 0.08671875 0.909375 0.0671875 0.06875
0 0.1578125 0.88828125 0.0625 0.0640625
0 0.1640625 0.96484375 0.0625 0.0703125
0 0.09609375 0.9734375 0.0671875 0.053125
0 0.01875 0.934375 0.0375 0.053125
0 0.02265625 0.98984375 0.0453125 0.0203125
0 0.01484375 0.85859375 0.0296875 0.0671875
0 0.52109375 0.9859375 0.0609375 0.028125
0 0.53125 0.928125 0.040625 0.05
0 0.3578125 0.67890625 0.059375 0.0671875
0 0.2796875 0.69609375 0.059375 0.0640625
0 0.13359375 0.74609375 0.0609375 0.0734375
0 0.0625 0.76796875 0.0625 0.0671875
0 0.2171875 0.72578125 0.071875 0.0671875
0 0.25390625 0.99375 0.0328125 0.0125
0 0.99375 0.67109375 0.0125 0.0390625
0 0.434375 0.7109375 0.040625 0.05
0 0.9609375 0.55625 0.046875 0.053125
0 0.69609375 0.59765625 0.0453125 0.0546875
0 0.4703125 0.55390625 0.03125 0.0421875
0 0.56796875 0.446875 0.0640625 0.071875
0 0.58984375 0.50703125 0.0453125 0.0546875
0 0.053125 0.67421875 0.04375 0.0515625
0 0.18671875 0.55390625 0.0609375 0.0734375
0 0.33515625 0.509375 0.0640625 0.06875
0 0.378125 0.559375 0.025 0.040625
0 0.0265625 0.44921875 0.053125 0.0703125
0 0.09375 0.42421875 0.053125 0.0703125
0 0.165625 0.40390625 0.053125 0.0640625
0 0.24140625 0.378125 0.0609375 0.0625
0 0.3015625 0.35859375 0.0625 0.0703125
0 0.32109375 0.43359375 0.0640625 0.0796875
0 0.1765625 0.484375 0.059375 0.05625
0 0.16015625 0.01171875 0.0328125 0.0234375
0 0.78203125 0.628125 0.0546875 0.065625
0 0.98515625 0.47421875 0.0296875 0.0546875
0 0.99296875 0.528125 0.0140625 0.05625
0 0.98515625 0.615625 0.0296875 0.040625
0 0.86328125 0.66015625 0.0515625 0.0484375
0 0.86484375 0.9890625 0.0453125 0.021875