0 0.99375 0.0546875 0.0125 0.075
0 0.93515625 0.03359375 0.05078125 0.0609375
0 0.85625 0.02109375 0.065625 0.0421875
0 0.98828125 0.14375 0.0234375 0.07578125
0 0.9203125 0.121875 0.04765625 0.059375
0 0.84921875 0.08984375 0.0640625 0.07421875
0 0.77421875 0.0625 0.0625 0.07578125
0 0.69375 0.03359375 0.06796875 0.0609375
0 0.61171875 0.02421875 0.0546875 0.04765625
0 0.78125 0.00859375 0.0609375 0.01640625
0 0.5296875 0.01171875 0.06953125 0.0234375
0 0.44609375 0.0375 0.07421875 0.07421875
0 0.36484375 0.01875 0.0578125 0.0375
0 0.5296875 0.06484375 0.0296875 0.04140625
0 0.6015625 0.09140625 0.0578125 0.06796875
0 0.67890625 0.1140625 0.0640625 0.07578125
0 0.76015625 0.1453125 0.0546875 0.059375
0 0.8296875 0.1703125 0.05625 0.0640625
0 0.909375 0.2046875 0.0625 0.0625
0 0.9828125 0.2265625 0.034375 0.07421875
0 0.9796875 0.3078125 0.040625 0.05
0 0.903125 0.28125 0.07421875 0.07109375
0 0.821875 0.2578125 0.0625 0.0625
0 0.7453125 0.21953125 0.07421875 0.07578125
0 0.665625 0.2015625 0.0578125 0.06953125
0 0.58828125 0.17109375 0.05078125 0.0609375
0 0.51171875 0.14609375 0.065625 0.0609375
0 0.28515625 0.01015625 0.0625 0.01953125
0 0.190625 0.1203125 0.08046875 0.0921875
0 0.2671875 0.1484375 0.065625 0.0828125
0 0.34140625 0.17421875 0.065625 0.07109375
0 0.421875 0.2015625 0.07421875 0.07578125
0 0.5 0.22734375 0.059375 0.06953125
0 0.57421875 0.25078125 0.07578125 0.065625
0 0.659375 0.28359375 0.05078125 0.065625
0 0.734375 0.3046875 0.07265625 0.0828125
0 0.80859375 0.33515625 0.0625 0.06953125
0 0.890625 0.3609375 0.06796875 0.07734375
0 0.965625 0.3875 0.06875 0.071875
0 0.9578125 0.475 0.05078125 0.059375
0 0.878125 0.45 0.065625 0.07109375
0 0.8046875 0.41640625 0.0640625 0.07109375
0 0.7234375 0.39140625 0.07421875 0.07578125
0 0.6484375 0.365625 0.05625 0.065625
0 0.5640625 0.334375 0.07265625 0.07734375
0 0.49453125 0.3109375 0.07421875 0.07421875
0 0.4109375 0.28125 0.07265625 0.07109375
0 0.3390625 0.2546875 0.06796875 0.07734375
0 0.26015625 0.22890625 0.07421875 0.07734375
0 0.24375 0.309375 0.06796875 0.084375
0 0.32421875 0.34296875 0.0640625 0.07421875
0 0.403125 0.37109375 0.06796875 0.06953125
0 0.4765625 0.390625 0.05625 0.07109375
0 0.55390625 0.415625 0.07421875 0.06953125
0 0.63046875 0.4421875 0.065625 0.07890625
0 0.71171875 0.47421875 0.06796875 0.07421875
0 0.7875 0.50234375 0.04609375 0.0578125
0 0.86796875 0.52578125 0.04921875 0.0609375
0 0.94921875 0.5546875 0.059375 0.06953125
0 0.43515625 0.11640625 0.07109375 0.07265625
0 0.35546875 0.090625 0.07109375 0.065625
0 0.275 0.06171875 0.05078125 0.0578125
0 0.15390625 0.37421875 0.07109375 0.07890625
0 0.23046875 0.3984375 0.07109375 0.07421875
0 0.1765625 0.21484375 0.04609375 0.04921875
0 0.171875 0.28828125 0.0328125 0.04453125
0 0.30859375 0.428125 0.065625 0.07109375
0 0.3875 0.44453125 0.0625 0.07421875
0 0.46796875 0.47421875 0.07109375 0.07109375
0 0.54375 0.50234375 0.06796875 0.07109375
0 0.621875 0.528125 0.0625 0.07578125
0 0.7046875 0.55625 0.059375 0.06953125
0 0.7828125 0.5828125 0.0640625 0.07890625
0 0.8578125 0.6171875 0.065625 0.07890625
0 0.9390625 0.6375 0.065625 0.07421875
0 0.98984375 0.67109375 0.01953125 0.07109375
0 0.98671875 0.7484375 0.0265625 0.07421875
0 0.9828125 0.828125 0.034375 0.065625
0 0.91484375 0.79609375 0.0546875 0.06796875
0 0.753125 0.74140625 0.06796875 0.07109375
0 0.92578125 0.72265625 0.0625 0.0625
0 0.84609375 0.6890625 0.07109375 0.06796875
0 0.775 0.6640625 0.0578125 0.0546875
0 0.6875 0.64453125 0.04140625 0.04921875
0 0.6140625 0.6125 0.04921875 0.06953125
0 0.53515625 0.58359375 0.06796875 0.07421875
0 0.45703125 0.559375 0.059375 0.059375
0 0.3796875 0.5296875 0.0625 0.07265625
0 0.29765625 0.5078125 0.06796875 0.07109375
0 0.21796875 0.4796875 0.0625 0.07421875
0 0.14921875 0.4546875 0.0578125 0.0609375
0 0.07265625 0.42265625 0.07578125 0.0828125
0 0.05390625 0.50625 0.06796875 0.0625
0 0.1359375 0.5296875 0.0640625 0.065625
0 0.2109375 0.55703125 0.059375 0.0578125
0 0.28984375 0.5890625 0.06796875 0.07890625
0 0.36640625 0.61640625 0.05625 0.0609375
0 0.4453125 0.63828125 0.065625 0.07890625
0 0.52421875 0.6640625 0.0640625 0.07109375
0 0.60078125 0.69296875 0.05625 0.06953125
0 0.68203125 0.71953125 0.07109375 0.065625
0 0.98125 0.89609375 0.0375 0.0421875
0 0.90859375 0.8734375 0.05078125 0.0546875
0 0.82578125 0.846875 0.0546875 0.059375
0 0.75 0.82109375 0.07421875 0.07421875
0 0.678125 0.79140625 0.065625 0.07421875
0 0.5984375 0.7640625 0.06796875 0.06953125
0 0.5234375 0.74609375 0.04296875 0.0578125
0 0.43984375 0.71015625 0.0640625 0.07734375
0 0.35703125 0.68984375 0.04765625 0.0625
0 0.28125 0.66015625 0.07109375 0.065625
0 0.20234375 0.62890625 0.07109375 0.06953125
0 0.12890625 0.60078125 0.059375 0.0625
0 0.053125 0.57890625 0.059375 0.06953125
0 0.12265625 0.7125 0.06796875 0.0625
0 0.03203125 0.76640625 0.0640625 0.07109375
0 0.02734375 0.84609375 0.0546875 0.07421875
0 0.28046875 0.7703125 0.05625 0.0578125
0 0.00625 0.628125 0.0125 0.090625
0 0.4359375 0.89375 0.0625 0.084375
0 0.3578125 0.8703125 0.03984375 0.04140625
0 0.27421875 0.84453125 0.04609375 0.04296875
0 0.33828125 0.9609375 0.05625 0.07734375
0 0.7546875 0.91953125 0.0640625 0.06953125
0 0.49375 0.98359375 0.0625 0.0328125
0 0.25625 0.98515625 0.0546875 0.0296875
0 0.0875 0.99375 0.075 0.0125
0 0.5921875 0.94140625 0.04609375 0.0578125
0 0.66484375 0.96484375 0.0703125 0.0703125
0 0.01796875 0.92421875 0.0359375 0.04921875
0 0.1796875 0.9765625 0.04609375 0.04609375
0 0.83671875 0.7765625 0.0625 0.0609375
0 0.1078125 0.878125 0.06796875 0.06953125
0 0.52421875 0.840625 0.03828125 0.034375
0 0.10546875 0.8 0.065625 0.04921875
0 0.1953125 0.81953125 0.03828125 0.0640625
0 0.18515625 0.90546875 0.0296875 0.04453125
0 0.26796875 0.92578125 0.03828125 0.0359375