0 0.0125 0.0640625 0.025 0.05
0 0.07109375 0.0375 0.0546875 0.0625
0 0.1515625 0.0203125 0.053125 0.040625
0 0.22109375 0.01171875 0.0515625 0.0203125
0 0.01875 0.140625 0.0375 0.065625
0 0.08203125 0.11484375 0.0453125 0.0546875
0 0.228125 0.07109375 0.053125 0.0671875
0 0.159375 0.09453125 0.040625 0.0484375
0 0.3875 0.096875 0.053125 0.059375
0 0.2984375 0.05234375 0.0375 0.0578125
0 0.31171875 0.11640625 0.0546875 0.0671875
0 0.2421875 0.14453125 0.053125 0.0640625
0 0.37421875 0.0234375 0.0390625 0.046875
0 0.1640625 0.1671875 0.04375 0.05625
0 0.0953125 0.18828125 0.053125 0.0609375
0 0.0234375 0.21640625 0.046875 0.0640625
0 0.459375 0.07421875 0.059375 0.0703125
0 0.5375 0.04765625 0.059375 0.0703125
0 0.6125 0.028125 0.05625 0.05625
0 0.6171875 0.10234375 0.040625 0.0515625
0 0.6859375 0.015625 0.0625 0.03125
0 0.69453125 0.07421875 0.0515625 0.0609375
0 0.76796875 0.0484375 0.0515625 0.0625
0 0.8421875 0.02421875 0.0625 0.0484375
0 0.92890625 0.078125 0.0609375 0.06875
0 0.853125 0.10078125 0.040625 0.0546875
0 0.78203125 0.12734375 0.0546875 0.0671875
0 0.9203125 0.01484375 0.046875 0.0296875
0 0.9859375 0.05546875 0.028125 0.0453125
0 0.9390625 0.1546875 0.0625 0.065625
0 0.86171875 0.18046875 0.0546875 0.0671875
0 0.7875 0.20703125 0.046875 0.0578125
0 0.70703125 0.15703125 0.0453125 0.0546875
0 0.6328125 0.17578125 0.05625 0.0671875
0 0.54375 0.1296875 0.040625 0.046875
0 0.4734375 0.15234375 0.05625 0.0703125
0 0.39921875 0.17890625 0.0453125 0.0578125
0 0.321875 0.19375 0.059375 0.059375
0 0.253125 0.228125 0.05625 0.059375
0 0.17890625 0.246875 0.0484375 0.0625
0 0.10546875 0.27109375 0.0515625 0.0703125
0 0.03203125 0.29609375 0.0453125 0.0546875
0 0.04609375 0.375 0.0546875 0.0625
0 0.115625 0.3515625 0.046875 0.053125
0 0.18671875 0.32890625 0.0484375 0.0671875
0 0.3296875 0.28203125 0.04375 0.0546875
0 0.409375 0.25234375 0.05625 0.0515625
0 0.55546875 0.20703125 0.0609375 0.0671875
0 0.953125 0.23515625 0.05625 0.0671875
0 0.87421875 0.25625 0.0484375 0.05625
0 0.8015625 0.27890625 0.046875 0.0484375
0 0.71796875 0.225 0.0453125 0.059375
0 0.64765625 0.25546875 0.0609375 0.0640625
0 0.5671875 0.28203125 0.053125 0.0703125
0 0.490625 0.3078125 0.059375 0.06875
0 0.41796875 0.3296875 0.0515625 0.065625
0 0.35078125 0.3578125 0.0671875 0.078125
0 0.27109375 0.3796875 0.0453125 0.05625
0 0.19921875 0.4046875 0.0484375 0.0625
0 0.121875 0.43203125 0.04375 0.0515625
0 0.0515625 0.45 0.053125 0.0625
0 0.06953125 0.540625 0.0515625 0.05
0 0.13515625 0.51015625 0.0515625 0.0703125
0 0.21015625 0.484375 0.0546875 0.0625
0 0.290625 0.46015625 0.053125 0.0578125
0 0.42734375 0.4125 0.0484375 0.0625
0 0.50078125 0.38984375 0.0484375 0.0625
0 0.578125 0.36171875 0.05625 0.0671875
0 0.65078125 0.3328125 0.0515625 0.075
0 0.72734375 0.31640625 0.0609375 0.0703125
0 0.96328125 0.30234375 0.0390625 0.0515625
0 0.8828125 0.33125 0.04375 0.053125
0 0.81171875 0.35625 0.0484375 0.059375
0 0.73515625 0.38359375 0.0609375 0.0640625
0 0.6609375 0.4109375 0.053125 0.06875
0 0.58984375 0.43984375 0.0515625 0.0671875
0 0.5171875 0.46875 0.053125 0.071875
0 0.44140625 0.49375 0.0609375 0.059375
0 0.3640625 0.51484375 0.0625 0.0671875
0 0.29375 0.5328125 0.053125 0.06875
0 0.21796875 0.55859375 0.0453125 0.0609375
0 0.14765625 0.590625 0.0609375 0.0625
0 0.07578125 0.6109375 0.0484375 0.059375
0 0.01171875 0.55703125 0.0234375 0.0515625
0 0.01484375 0.63125 0.0296875 0.046875
0 0.021875 0.70234375 0.04375 0.0625
0 0.02421875 0.78515625 0.0484375 0.0578125
0 0.0859375 0.69609375 0.05625 0.0765625
0 0.1640625 0.66484375 0.05625 0.0546875
0 0.16875 0.73828125 0.0625 0.0671875
0 0.240625 0.71953125 0.046875 0.0609375
0 0.30390625 0.61953125 0.0640625 0.0734375
0 0.23125 0.6375 0.053125 0.06875
0 0.378125 0.59453125 0.053125 0.0703125
0 0.44921875 0.56953125 0.0546875 0.0640625
0 0.53046875 0.54296875 0.0640625 0.0671875
0 0.60234375 0.51953125 0.0546875 0.0609375
0 0.67578125 0.49140625 0.0609375 0.0671875
0 0.746875 0.465625 0.053125 0.05625
0 0.825 0.440625 0.05625 0.0625
0 0.9015625 0.41328125 0.05625 0.0796875
0 0.9703125 0.3890625 0.04375 0.059375
0 0.978125 0.46796875 0.04375 0.0703125
0 0.91171875 0.48828125 0.0609375 0.0703125
0 0.8375 0.51640625 0.05625 0.0671875
0 0.7609375 0.540625 0.053125 0.05625
0 0.68125 0.5703125 0.05625 0.0625
0 0.6171875 0.59296875 0.053125 0.0578125
0 0.540625 0.62109375 0.059375 0.0671875
0 0.46484375 0.65078125 0.0453125 0.0578125
0 0.3890625 0.671875 0.0625 0.06875
0 0.321875 0.6953125 0.05625 0.0625
0 0.10859375 0.84140625 0.0640625 0.0671875
0 0.25 0.79609375 0.0625 0.0671875
0 0.32578125 0.77578125 0.0609375 0.0703125
0 0.471875 0.7203125 0.05625 0.05625
0 0.546875 0.7046875 0.040625 0.05
0 0.6203125 0.67109375 0.05625 0.0625
0 0.6984375 0.65 0.0375 0.0375
0 0.7703125 0.621875 0.053125 0.0625
0 0.846875 0.5984375 0.040625 0.05625
0 0.921875 0.5703125 0.059375 0.071875
0 0.98125 0.54296875 0.0375 0.0640625
0 0.928125 0.65078125 0.0625 0.0640625
0 0.85390625 0.67265625 0.0515625 0.0671875
0 0.4171875 0.828125 0.06875 0.059375
0 0.71875 0.8078125 0.0625 0.065625
0 0.42578125 0.909375 0.0671875 0.059375
0 0.496875 0.884375 0.0625 0.075
0 0.48515625 0.80546875 0.0671875 0.0765625
0 0.65234375 0.83046875 0.0796875 0.0671875
0 0.18984375 0.89375 0.0609375 0.05625
0 0.875 0.8328125 0.059375 0.0625
0 0.35859375 0.9859375 0.0515625 0.028125
0 0.34375 0.846875 0.053125 0.065625
0 0.34765625 0.9296875 0.0546875 0.078125
0 0.2671875 0.8765625 0.065625 0.06875
0 0.27421875 0.95234375 0.0484375 0.0640625
0 0.04609375 0.9375 0.0515625 0.059375
0 0.1171875 0.92109375 0.059375 0.0671875
0 0.1375 0.98203125 0.06875 0.0359375
0 0.203125 0.96953125 0.046875 0.0609375
0 0.053125 0.99296875 0.04375 0.0140625
0 0.57109375 0.85234375 0.0609375 0.0640625
0 0.559375 0.77578125 0.0625 0.0734375
0 0.63125 0.753125 0.059375 0.0625
0 0.8609375 0.75625 0.059375 0.059375
0 0.7984375 0.77578125 0.0625 0.0703125
0 0.71015625 0.7296875 0.0640625 0.071875
0 0.78046875 0.70234375 0.0640625 0.0625
0 0.74375 0.88671875 0.084375 0.0546875
0 0.946875 0.725 0.0625 0.06875
0 0.80703125 0.9234375 0.0640625 0.06875
0 0.890625 0.896875 0.075 0.0625
0 0.96015625 0.8703125 0.0609375 0.059375
0 0.96796875 0.9703125 0.0640625 0.059375
0 0.7390625 0.946875 0.05625 0.059375
0 0.65625 0.91015625 0.065625 0.0640625
0 0.43125 0.97265625 0.05625 0.0546875
0 0.95234375 0.80625 0.0546875 0.0625
0 0.58203125 0.93046875 0.0453125 0.0484375
0 0.66484375 0.971875 0.0546875 0.05625
0 0.59453125 0.98125 0.0546875 0.0375
0 0.50078125 0.9578125 0.0515625 0.0625
0 0.8046875 0.85859375 0.0625 0.0578125
0 0.8984375 0.984375 0.05625 0.03125
0 0.98984375 0.6265625 0.0203125 0.046875
0 0.99375 0.696875 0.0125 0.04375
0 0.98984375 0.12578125 0.0203125 0.0515625
0 0.05078125 0.86953125 0.0515625 0.0421875