0 0.9390625 0.0625 0.06171875 0.07421875
0 0.9296875 0.14375 0.06484375 0.07265625
0 0.92109375 0.22265625 0.06015625 0.07109375
0 0.9109375 0.303125 0.04921875 0.05859375
0 0.8984375 0.38203125 0.05703125 0.07421875
0 0.8921875 0.46328125 0.06953125 0.07890625
0 0.87890625 0.54453125 0.05546875 0.06640625
0 0.8703125 0.61953125 0.05703125 0.07421875
0 0.84453125 0.78203125 0.06171875 0.07109375
0 0.86015625 0.6984375 0.07109375 0.07421875
0 0.91953125 0.8046875 0.06328125 0.06484375
0 0.934375 0.72734375 0.06484375 0.07421875
0 0.9640625 0.490625 0.06796875 0.07578125
0 0.971875 0.403125 0.05625 0.071875
0 0.978125 0.32578125 0.04375 0.0734375
0 0.95078125 0.57109375 0.06953125 0.07265625
0 0.94765625 0.646875 0.06953125 0.07109375
0 0.8703125 0.03984375 0.06015625 0.07578125
0 0.85546875 0.11953125 0.07109375 0.07109375
0 0.84453125 0.2015625 0.04609375 0.05234375
0 0.82734375 0.27890625 0.07265625 0.07421875
0 0.82421875 0.35859375 0.06953125 0.07421875
0 0.81640625 0.43671875 0.06328125 0.07265625
0 0.7921875 0.59296875 0.06484375 0.07578125
0 0.7828125 0.67265625 0.06796875 0.06953125
0 0.78046875 0.75234375 0.07109375 0.07109375
0 0.7796875 0.090625 0.06328125 0.06796875
0 0.77578125 0.16875 0.06484375 0.07421875
0 0.759375 0.24921875 0.05703125 0.07109375
0 0.7515625 0.33125 0.05703125 0.06796875
0 0.7328125 0.490625 0.04765625 0.06328125
0 0.8078125 0.51015625 0.06484375 0.06796875
0 0.715625 0.56640625 0.06484375 0.07890625
0 0.7078125 0.646875 0.06484375 0.07109375
0 0.70390625 0.72734375 0.06015625 0.06796875
0 0.63671875 0.62109375 0.06484375 0.07109375
0 0.6265625 0.70703125 0.06953125 0.06640625
0 0.9796875 0.8296875 0.040625 0.075
0 0.984375 0.97265625 0.03125 0.0546875
0 0.92890625 0.959375 0.07578125 0.07421875
0 0.85390625 0.9375 0.06796875 0.06796875
0 0.78046875 0.90859375 0.05546875 0.06640625
0 0.7015625 0.88671875 0.06171875 0.07109375
0 0.5515625 0.8328125 0.06171875 0.06328125
0 0.62890625 0.8578125 0.08046875 0.09140625
0 0.61796875 0.93828125 0.07109375 0.07890625
0 0.54296875 0.91640625 0.07890625 0.08203125
0 0.45859375 0.8890625 0.07265625 0.07578125
0 0.45859375 0.96875 0.0671875 0.0625
0 0.3921875 0.86328125 0.06328125 0.07109375
0 0.33046875 0.759375 0.06953125 0.07890625
0 0.31640625 0.83671875 0.05703125 0.06640625
0 0.30625 0.91875 0.07109375 0.07109375
0 0.30078125 0.98203125 0.0671875 0.0359375
0 0.3796875 0.93984375 0.07265625 0.07265625
0 0.7046875 0.06484375 0.06484375 0.07265625
0 0.69609375 0.14375 0.05703125 0.07890625
0 0.67578125 0.30703125 0.06015625 0.07265625
0 0.66484375 0.384375 0.06015625 0.06328125
0 0.65703125 0.4640625 0.05703125 0.06484375
0 0.64375 0.5421875 0.06015625 0.06796875
0 0.6296875 0.03828125 0.06328125 0.06640625
0 0.60859375 0.2 0.05234375 0.04921875
0 0.60390625 0.28515625 0.04609375 0.06015625
0 0.5859375 0.3578125 0.05546875 0.07109375
0 0.575 0.4375 0.05546875 0.06484375
0 0.56640625 0.51796875 0.06328125 0.06796875
0 0.55859375 0.60390625 0.06328125 0.07421875
0 0.5453125 0.675 0.06796875 0.07421875
0 0.55859375 0.025 0.0671875 0.05
0 0.5453125 0.0890625 0.06796875 0.07421875
0 0.53359375 0.1765625 0.06015625 0.06484375
0 0.52421875 0.253125 0.06796875 0.07578125
0 0.5109375 0.3328125 0.06328125 0.07109375
0 0.50234375 0.4140625 0.06484375 0.07421875
0 0.49140625 0.49453125 0.05546875 0.07109375
0 0.484375 0.578125 0.06328125 0.07109375
0 0.4828125 0.01328125 0.06015625 0.0265625
0 0.47265625 0.071875 0.06171875 0.07109375
0 0.446875 0.2296875 0.06484375 0.06953125
0 0.43125 0.39140625 0.06484375 0.07109375
0 0.4078125 0.5453125 0.06484375 0.06796875
0 0.41796875 0.47421875 0.06015625 0.06796875
0 0.6828125 0.228125 0.03671875 0.04140625
0 0.690625 0.96484375 0.06171875 0.06328125
0 0.7625 0.975 0.053125 0.05
0 0.32265625 0.025 0.0640625 0.05
0 0.31171875 0.09921875 0.06015625 0.07109375
0 0.3 0.18125 0.05234375 0.05234375
0 0.28984375 0.26328125 0.05703125 0.05859375
0 0.2765625 0.33671875 0.05703125 0.06328125
0 0.25625 0.428125 0.07578125 0.05546875
0 0.24765625 0.584375 0.04609375 0.05234375
0 0.33359375 0.5296875 0.06328125 0.06328125
0 0.3453125 0.45078125 0.05703125 0.07578125
0 0.35390625 0.3609375 0.04609375 0.04765625
0 0.39296875 0.05078125 0.05546875 0.06015625
0 0.38125 0.125 0.06953125 0.07265625
0 0.37734375 0.20546875 0.05546875 0.06171875
0 0.3625 0.2875 0.06953125 0.06328125
0 0.44296875 0.3109375 0.05703125 0.06328125
0 0.23046875 0.07421875 0.06484375 0.07578125
0 0.22421875 0.1609375 0.04609375 0.06484375
0 0.0859375 0.03671875 0.06796875 0.06328125
0 0.16796875 0.04921875 0.04765625 0.05703125
0 0.15703125 0.12890625 0.05390625 0.06484375
0 0.13984375 0.20859375 0.06171875 0.06640625
0 0.1328125 0.28671875 0.05390625 0.05546875
0 0.1203125 0.3703125 0.05390625 0.06640625
0 0.1078125 0.4546875 0.04765625 0.05234375
0 0.0984375 0.52578125 0.06015625 0.07109375
0 0.1765625 0.5578125 0.06796875 0.07109375
0 0.1796875 0.48046875 0.03984375 0.04921875
0 0.1953125 0.39453125 0.05546875 0.06796875
0 0.26015625 0.5015625 0.06796875 0.07578125
0 0.32578125 0.60859375 0.05390625 0.06796875
0 0.47109375 0.65234375 0.06484375 0.07109375
0 0.065625 0.18515625 0.06171875 0.06640625
0 0.05546875 0.26953125 0.05703125 0.05546875
0 0.21328125 0.2328125 0.05703125 0.06640625
0 0.07421875 0.10625 0.06015625 0.06640625
0 0.01875 0.01484375 0.0375 0.0296875
0 0.01484375 0.0734375 0.0296875 0.06796875
0 0.10390625 0.68359375 0.05546875 0.06640625
0 0.24375 0.8109375 0.06953125 0.07109375
0 0.23671875 0.8984375 0.05234375 0.06328125
0 0.215625 0.9671875 0.06796875 0.06484375
0 0.1421875 0.94296875 0.07578125 0.07265625
0 0.1546875 0.8671875 0.05703125 0.06328125
0 0.2484375 0.73515625 0.06015625 0.06796875
0 0.0484375 0.34765625 0.06484375 0.06796875
0 0.0375 0.42421875 0.05546875 0.06328125
0 0.0109375 0.16953125 0.021875 0.06640625
0 0.02890625 0.65390625 0.0578125 0.0671875
0 0.01953125 0.73671875 0.0390625 0.0640625
0 0.01484375 0.8125 0.0296875 0.07421875
0 0.01484375 0.890625 0.0296875 0.07265625
0 0.08125 0.84453125 0.05234375 0.06484375
0 0.1640625 0.7890625 0.06171875 0.06484375
0 0.17421875 0.71171875 0.05703125 0.06015625
0 0.065625 0.9171875 0.06796875 0.06796875
0 0.0578125 0.978125 0.05625 0.04375
0 0.53359375 0.978125 0.0703125 0.04375
0 0.37421875 0.9875 0.06171875 0.025
0 0.00703125 0.96640625 0.0140625 0.06640625
0 0.74296875 0.40546875 0.05234375 0.06484375
0 0.4578125 0.153125 0.06796875 0.06640625
0 0.47734375 0.81171875 0.07734375 0.07890625
0 0.4046875 0.7828125 0.06953125 0.06796875
0 0.7875 0.0203125 0.04375 0.040625
0 0.9890625 0.1625 0.021875 0.07734375
0 0.98125 0.24921875 0.0375 0.0640625
0 0.25 0.01484375 0.05703125 0.0265625
0 0.0109375 0.234375 0.021875 0.06328125
0 0.84921875 0.9890625 0.06796875 0.021875
0 0.615625 0.99296875 0.04765625 0.0140625
0 0.6234375 0.1140625 0.04453125 0.05078125
0 0.98515625 0.7515625 0.0296875 0.07578125
0 0.99140625 0.671875 0.0171875 0.06796875