0 0.26484375 0.20078125 0.0703125 0.0640625
0 0.11484375 0.25625 0.0640625 0.065625
0 0.05390625 0.34296875 0.0671875 0.0703125
0 0.04765625 0.2765625 0.0484375 0.04375
0 0.0265625 0.175 0.053125 0.0609375
0 0.01640625 0.11640625 0.0328125 0.0515625
0 0.0171875 0.04140625 0.034375 0.0734375
0 0.0796875 0.0203125 0.040625 0.040625
0 0.16484375 0.06328125 0.0546875 0.0640625
0 0.171875 0.1375 0.053125 0.05625
0 0.23828125 0.0375 0.0546875 0.059375
0 0.31640625 0.021875 0.0453125 0.04375
0 0.32109375 0.07734375 0.0546875 0.0546875
0 0.3984375 0.05625 0.046875 0.05625
0 0.46875 0.03359375 0.053125 0.0515625
0 0.54140625 0.01484375 0.0546875 0.0296875
0 0.5671875 0.16875 0.065625 0.0625
0 0.4875 0.19609375 0.075 0.0640625
0 0.4203125 0.225 0.059375 0.065625
0 0.409375 0.15625 0.06875 0.06875
0 0.3453125 0.24921875 0.065625 0.0671875
0 0.43046875 0.29921875 0.0546875 0.0671875
0 0.4390625 0.37578125 0.059375 0.0640625
0 0.3609375 0.4046875 0.059375 0.065625
0 0.35703125 0.3265625 0.0640625 0.065625
0 0.28671875 0.35390625 0.0640625 0.0734375
0 0.2078125 0.371875 0.0625 0.071875
0 0.21796875 0.446875 0.0671875 0.065625
0 0.146875 0.47578125 0.059375 0.0671875
0 0.1296875 0.39765625 0.05625 0.0671875
0 0.07109375 0.496875 0.0703125 0.071875
0 0.15546875 0.55625 0.0609375 0.0546875
0 0.0859375 0.57265625 0.0625 0.0671875
0 0.09765625 0.64609375 0.0546875 0.0578125
0 0.16796875 0.62578125 0.0546875 0.0640625
0 0.18203125 0.7015625 0.0671875 0.075
0 0.10234375 0.728125 0.0484375 0.0546875
0 0.0328125 0.75390625 0.065625 0.0703125
0 0.025 0.6625 0.05 0.0625
0 0.19140625 0.7859375 0.0453125 0.05625
0 0.1984375 0.85703125 0.053125 0.0578125
0 0.121875 0.80625 0.046875 0.0546875
0 0.04609375 0.82890625 0.0609375 0.0640625
0 0.05859375 0.90546875 0.0609375 0.0671875
0 0.125 0.87734375 0.053125 0.0734375
0 0.13828125 0.95625 0.0484375 0.0625
0 0.28828125 0.91171875 0.0671875 0.0734375
0 0.29375 0.98046875 0.046875 0.0390625
0 0.2625 0.75625 0.05625 0.059375
0 0.2734375 0.8359375 0.0625 0.06875
0 0.25703125 0.68671875 0.0453125 0.0515625
0 0.21484375 0.93359375 0.0546875 0.0703125
0 0.06875 0.9765625 0.04375 0.046875
0 0.06171875 0.415625 0.0609375 0.071875
0 0.48515625 0.11953125 0.0640625 0.0671875
0 0.5625 0.10390625 0.0671875 0.0515625
0 0.34140625 0.17890625 0.0640625 0.053125
0 0.25 0.1046875 0.06875 0.059375
0 0.19765625 0.29765625 0.0578125 0.0546875
0 0.2671875 0.27578125 0.065625 0.0671875
0 0.1875 0.22734375 0.06875 0.0640625
0 0.22578125 0.52421875 0.0609375 0.0734375
0 0.3046875 0.50078125 0.0703125 0.0640625
0 0.29375 0.428125 0.0625 0.053125
0 0.37578125 0.48203125 0.0734375 0.0640625
0 0.38984375 0.553125 0.0671875 0.059375
0 0.31640625 0.578125 0.0703125 0.0671875
0 0.32265625 0.65625 0.0734375 0.0671875
0 0.39609375 0.63203125 0.0640625 0.0609375
0 0.33515625 0.7390625 0.0765625 0.071875
0 0.121875 0.32265625 0.0625 0.0578125
0 0.35390625 0.81015625 0.0578125 0.0578125
0 0.3515625 0.88828125 0.0703125 0.0640625
0 0.365625 0.9609375 0.075 0.06875
0 0.4421875 0.93984375 0.078125 0.0734375
0 0.434375 0.865625 0.0625 0.065625
0 0.42734375 0.78046875 0.0640625 0.0703125
0 0.50078125 0.76015625 0.0796875 0.0734375
0 0.484375 0.6890625 0.071875 0.065625
0 0.46875 0.609375 0.06875 0.0671875
0 0.46171875 0.52890625 0.0734375 0.0734375
0 0.45625 0.45078125 0.075 0.0734375
0 0.515625 0.34921875 0.071875 0.0640625
0 0.5046875 0.27265625 0.071875 0.0671875
0 0.57734375 0.2421875 0.0765625 0.06875
0 0.58828125 0.32265625 0.0578125 0.0671875
0 0.5984375 0.40390625 0.05625 0.0640625
0 0.609375 0.47734375 0.071875 0.0640625
0 0.61875 0.56171875 0.065625 0.0671875
0 0.546875 0.58046875 0.071875 0.0671875
0 0.5421875 0.51015625 0.0671875 0.0734375
0 0.5359375 0.428125 0.05625 0.059375
0 0.50234375 0.840625 0.0671875 0.071875
0 0.5171875 0.9203125 0.05625 0.065625
0 0.52890625 0.9796875 0.0734375 0.0375
0 0.6046875 0.96484375 0.0671875 0.0703125
0 0.59140625 0.8859375 0.0640625 0.06875
0 0.57890625 0.8109375 0.0640625 0.059375
0 0.571875 0.73984375 0.05625 0.046875
0 0.56015625 0.6625 0.0578125 0.065625
0 0.63671875 0.63203125 0.0703125 0.0671875
0 0.64296875 0.71328125 0.0671875 0.0734375
0 0.65234375 0.7890625 0.0703125 0.0625
0 0.63828125 0.08046875 0.0484375 0.0515625
0 0.64453125 0.1421875 0.0546875 0.071875
0 0.65390625 0.21796875 0.0640625 0.0703125
0 0.7265625 0.19921875 0.06875 0.0703125
0 0.71171875 0.0796875 0.0703125 0.128125
0 0.7796875 0.0265625 0.053125 0.053125
0 0.7921875 0.0921875 0.053125 0.059375
0 0.80078125 0.16640625 0.0546875 0.0671875
0 0.809375 0.24375 0.0625 0.0546875
0 0.82421875 0.325 0.0546875 0.0625
0 0.8390625 0.3984375 0.06875 0.078125
0 0.75859375 0.425 0.0484375 0.059375
0 0.75078125 0.34765625 0.0546875 0.0546875
0 0.65703125 0.29765625 0.0640625 0.0640625
0 0.67890625 0.38359375 0.0671875 0.0796875
0 0.69765625 0.534375 0.0515625 0.0625
0 0.70703125 0.61484375 0.0609375 0.0734375
0 0.71953125 0.6890625 0.0640625 0.065625
0 0.72734375 0.76484375 0.0640625 0.0703125
0 0.73828125 0.8453125 0.0609375 0.065625
0 0.665625 0.8609375 0.059375 0.065625
0 0.77734375 0.5078125 0.0609375 0.078125
0 0.84375 0.48203125 0.0625 0.0796875
0 0.85703125 0.01796875 0.0578125 0.0359375
0 0.86953125 0.06796875 0.0515625 0.0640625
0 0.94140625 0.03671875 0.0609375 0.0734375
0 0.94921875 0.11640625 0.0609375 0.0671875
0 0.87421875 0.14296875 0.0515625 0.0671875
0 0.884375 0.2234375 0.059375 0.0625
0 0.9625 0.1953125 0.059375 0.0625
0 0.97265625 0.275 0.0546875 0.0703125
0 0.89921875 0.2953125 0.0546875 0.065625
0 0.91015625 0.37421875 0.0609375 0.0515625
0 0.98046875 0.3484375 0.0390625 0.0625
0 0.98046875 0.42578125 0.0390625 0.0703125
0 0.921875 0.45234375 0.06875 0.0671875
0 0.85625 0.55546875 0.0625 0.0640625
0 0.78125 0.58515625 0.0625 0.0703125
0 0.79296875 0.6640625 0.0546875 0.0625
0 0.81640625 0.815625 0.0609375 0.075
0 0.74609375 0.92109375 0.0609375 0.0671875
0 0.884375 0.79140625 0.05625 0.0734375
0 0.89609375 0.86875 0.0640625 0.065625
0 0.825 0.8953125 0.0625 0.071875
0 0.7609375 0.98828125 0.053125 0.0234375
0 0.8328125 0.96875 0.05625 0.0625
0 0.6734375 0.9484375 0.05625 0.0625
0 0.9296875 0.53359375 0.0625 0.0671875
0 0.87109375 0.63828125 0.0609375 0.0734375
0 0.9421875 0.609375 0.0625 0.078125
0 0.9625 0.76640625 0.04375 0.0484375
0 0.959375 0.69375 0.059375 0.075
0 0.9703125 0.84296875 0.059375 0.0671875
0 0.91171875 0.95234375 0.0484375 0.0515625
0 0.97265625 0.91953125 0.0546875 0.0734375
0 0.87421875 0.7140625 0.0515625 0.053125
0 0.21796875 0.98828125 0.0671875 0.0234375
0 0.7390625 0.27578125 0.0625 0.0671875
0 0.98828125 0.50546875 0.0234375 0.0625
0 0.68828125 0.45390625 0.0703125 0.0796875
0 0.79765625 0.74609375 0.0640625 0.0703125
0 0.01328125 0.44375 0.0265625 0.065625
0 0.01484375 0.52578125 0.0296875 0.06875