0 0.02734375 0.03828125 0.0546875 0.0765625
0 0.03359375 0.12578125 0.0671875 0.07890625
0 0.04140625 0.21015625 0.065625 0.07734375
0 0.05234375 0.2984375 0.053125 0.06328125
0 0.065625 0.384375 0.06171875 0.08046875
0 0.071875 0.47265625 0.07578125 0.0859375
0 0.08671875 0.56015625 0.06015625 0.071875
0 0.09609375 0.64140625 0.06171875 0.08046875
0 0.12421875 0.81796875 0.0671875 0.07734375
0 0.10703125 0.72734375 0.07734375 0.08046875
0 0.04296875 0.84296875 0.06875 0.0703125
0 0.03125 0.75859375 0.06171875 0.08046875
0 0.015625 0.5015625 0.03125 0.0828125
0 0.00859375 0.4078125 0.0171875 0.07734375
0 0.0234375 0.5890625 0.04609375 0.07890625
0 0.025 0.67109375 0.05 0.07734375
0 0.09609375 0.0265625 0.065625 0.053125
0 0.1125 0.0984375 0.07734375 0.07734375
0 0.12421875 0.18828125 0.05 0.05703125
0 0.14296875 0.27265625 0.07890625 0.08046875
0 0.14609375 0.35859375 0.07578125 0.08046875
0 0.1546875 0.44296875 0.06875 0.07890625
0 0.18125 0.61328125 0.0703125 0.0828125
0 0.19140625 0.69921875 0.07421875 0.07578125
0 0.19296875 0.7859375 0.07734375 0.07734375
0 0.19453125 0.06796875 0.06875 0.07421875
0 0.1984375 0.15234375 0.0703125 0.08046875
0 0.21640625 0.23984375 0.06171875 0.07734375
0 0.225 0.32890625 0.06171875 0.07421875
0 0.24609375 0.5015625 0.0515625 0.06875
0 0.1640625 0.5234375 0.0703125 0.07421875
0 0.2640625 0.584375 0.0703125 0.0859375
0 0.27265625 0.671875 0.0703125 0.07734375
0 0.2765625 0.75859375 0.065625 0.07421875
0 0.35 0.64375 0.0703125 0.07734375
0 0.3609375 0.7375 0.07578125 0.071875
0 0.03671875 0.984375 0.0734375 0.028125
0 0.1140625 0.975 0.07421875 0.05
0 0.19296875 0.95546875 0.06015625 0.071875
0 0.27890625 0.93203125 0.0671875 0.07734375
0 0.4421875 0.8734375 0.0671875 0.06875
0 0.35859375 0.9 0.0875 0.1
0 0.3703125 0.97265625 0.07734375 0.0546875
0 0.4515625 0.959375 0.0859375 0.08046875
0 0.54296875 0.934375 0.07890625 0.0828125
0 0.61484375 0.90625 0.06875 0.07734375
0 0.68203125 0.79375 0.07578125 0.0859375
0 0.69765625 0.878125 0.06171875 0.071875
0 0.70859375 0.9640625 0.07734375 0.071875
0 0.62890625 0.975 0.07890625 0.05
0 0.27578125 0.03984375 0.0703125 0.07890625
0 0.28515625 0.12578125 0.06171875 0.0859375
0 0.3078125 0.30234375 0.065625 0.07890625
0 0.31953125 0.38671875 0.065625 0.06875
0 0.328125 0.4734375 0.06171875 0.0703125
0 0.3421875 0.5578125 0.065625 0.07421875
0 0.35703125 0.0234375 0.06875 0.04609375
0 0.38046875 0.18671875 0.05703125 0.053125
0 0.3859375 0.278125 0.05 0.065625
0 0.4046875 0.35703125 0.06015625 0.07734375
0 0.41640625 0.44453125 0.06015625 0.0703125
0 0.42578125 0.53203125 0.06875 0.07421875
0 0.434375 0.62421875 0.06875 0.08046875
0 0.44921875 0.7015625 0.07421875 0.08046875
0 0.43515625 0.01171875 0.0734375 0.0234375
0 0.44921875 0.06640625 0.07421875 0.08046875
0 0.4625 0.1609375 0.065625 0.0703125
0 0.471875 0.24375 0.07421875 0.0828125
0 0.4859375 0.33046875 0.06875 0.07734375
0 0.49609375 0.41875 0.0703125 0.08046875
0 0.5078125 0.50625 0.06015625 0.07734375
0 0.515625 0.596875 0.06875 0.07734375
0 0.528125 0.046875 0.0671875 0.07734375
0 0.55546875 0.21796875 0.0703125 0.07578125
0 0.57265625 0.39453125 0.0703125 0.07734375
0 0.5984375 0.5609375 0.0703125 0.07421875
0 0.5875 0.48359375 0.065625 0.07421875
0 0.3 0.21640625 0.03984375 0.04453125
0 0.29140625 0.99140625 0.0671875 0.0171875
0 0.69140625 0.01171875 0.0703125 0.0234375
0 0.703125 0.0765625 0.065625 0.07734375
0 0.715625 0.165625 0.05703125 0.05703125
0 0.7265625 0.25546875 0.06171875 0.06328125
0 0.740625 0.33515625 0.06171875 0.06875
0 0.7625 0.43359375 0.0828125 0.06015625
0 0.77265625 0.60390625 0.05 0.05703125
0 0.67890625 0.54453125 0.06875 0.06875
0 0.66640625 0.45859375 0.06171875 0.0828125
0 0.65703125 0.3609375 0.05 0.0515625
0 0.61328125 0.028125 0.0609375 0.05625
0 0.62734375 0.1046875 0.07578125 0.07890625
0 0.63125 0.1921875 0.06015625 0.0671875
0 0.64765625 0.28125 0.07578125 0.06875
0 0.56015625 0.30703125 0.06171875 0.06875
0 0.79140625 0.05 0.0703125 0.0828125
0 0.7984375 0.14375 0.05 0.0703125
0 0.946875 0.02109375 0.075 0.0421875
0 0.859375 0.0265625 0.0515625 0.053125
0 0.87109375 0.109375 0.05859375 0.0703125
0 0.8890625 0.19609375 0.0671875 0.071875
0 0.896875 0.2796875 0.05859375 0.06015625
0 0.9109375 0.37109375 0.05859375 0.071875
0 0.92421875 0.46328125 0.0515625 0.05703125
0 0.934375 0.540625 0.065625 0.07734375
0 0.85 0.575 0.07421875 0.07734375
0 0.84609375 0.490625 0.04296875 0.053125
0 0.82890625 0.39765625 0.06015625 0.07421875
0 0.75859375 0.5140625 0.07421875 0.0828125
0 0.6875 0.6296875 0.05859375 0.07421875
0 0.5296875 0.678125 0.0703125 0.07734375
0 0.96796875 0.1703125 0.06328125 0.071875
0 0.975 0.26171875 0.05 0.06015625
0 0.809375 0.221875 0.06171875 0.071875
0 0.96015625 0.084375 0.065625 0.071875
0 0.92890625 0.71171875 0.06015625 0.071875
0 0.7765625 0.85 0.07578125 0.07734375
0 0.784375 0.9453125 0.05703125 0.06875
0 0.88671875 0.9765625 0.0828125 0.04609375
0 0.87265625 0.9109375 0.06171875 0.06875
0 0.77109375 0.7671875 0.065625 0.07421875
0 0.9765625 0.34609375 0.04609375 0.07421875
0 0.98515625 0.4296875 0.02890625 0.06875
0 0.98984375 0.68046875 0.0203125 0.071875
0 0.953125 0.8859375 0.05703125 0.0703125
0 0.86328125 0.82578125 0.0671875 0.0703125
0 0.85234375 0.7421875 0.06171875 0.065625
0 0.96640625 0.9640625 0.0671875 0.071875
0 0.234375 0.41015625 0.05703125 0.0703125
0 0.54375 0.1359375 0.07421875 0.071875
0 0.5234375 0.85078125 0.084375 0.0859375
0 0.6015625 0.81875 0.07578125 0.07421875
0 0.1875 0.00703125 0.0484375 0.0140625
0 0.3640625 0.09296875 0.0484375 0.0546875