0 0.48828125 0.46875 0.0859375 0.08203125
0 0.459375 0.37421875 0.07421875 0.07578125
0 0.39453125 0.48203125 0.0875 0.08203125
0 0.32578125 0.58046875 0.08203125 0.078125
0 0.3453125 0.671875 0.07421875 0.08203125
0 0.36328125 0.74921875 0.071875 0.06484375
0 0.3890625 0.85625 0.05546875 0.078125
0 0.42265625 0.94140625 0.06640625 0.06875
0 0.15703125 0.7 0.06640625 0.0796875
0 0.18046875 0.7921875 0.07578125 0.08203125
0 0.20078125 0.87734375 0.0515625 0.0625
0 0.2234375 0.96640625 0.06640625 0.0625
0 0.1328125 0.9703125 0.07578125 0.05859375
0 0.1015625 0.88515625 0.0625 0.0703125
0 0.06171875 0.70625 0.06640625 0.07421875
0 0.03828125 0.61953125 0.06875 0.0609375
0 0.025 0.525 0.04921875 0.071875
0 0.11328125 0.5125 0.07421875 0.07421875
0 0.1359375 0.60234375 0.07421875 0.08359375
0 0.21328125 0.50390625 0.05703125 0.06875
0 0.23671875 0.5921875 0.06640625 0.06640625
0 0.25 0.68046875 0.05546875 0.0609375
0 0.271875 0.7765625 0.053125 0.0703125
0 0.29453125 0.87109375 0.06875 0.0796875
0 0.31875 0.95625 0.05859375 0.06875
0 0.034375 0.9796875 0.06875 0.03984375
0 0.0234375 0.9 0.046875 0.075
0 0.21484375 0.1125 0.071875 0.071875
0 0.18984375 0.03046875 0.07578125 0.0609375
0 0.12265625 0.13203125 0.06640625 0.06640625
0 0.1 0.03515625 0.05859375 0.0625
0 0.0171875 0.0453125 0.034375 0.07578125
0 0.02734375 0.13671875 0.0546875 0.0703125
0 0.05703125 0.2359375 0.05703125 0.07578125
0 0.09296875 0.4171875 0.06484375 0.06640625
0 0.071875 0.33203125 0.06875 0.0859375
0 0.0078125 0.34375 0.01484375 0.0609375
0 0.02109375 0.43046875 0.0421875 0.0859375
0 0.16953125 0.32421875 0.06484375 0.05703125
0 0.14375 0.23203125 0.078125 0.096875
0 0.18046875 0.41171875 0.05703125 0.06640625
0 0.0828125 0.8 0.0625 0.071875
0 0.28984375 0.0265625 0.06640625 0.053125
0 0.3078125 0.10703125 0.07578125 0.08359375
0 0.3296875 0.20703125 0.0703125 0.071875
0 0.35390625 0.2984375 0.09140625 0.08359375
0 0.36796875 0.38671875 0.0703125 0.0703125
0 0.28046875 0.40078125 0.06640625 0.06484375
0 0.29375 0.48671875 0.0859375 0.0796875
0 0.26015625 0.3171875 0.0875 0.0859375
0 0.22890625 0.203125 0.0625 0.07578125
0 0.42890625 0.19140625 0.078125 0.0890625
0 0.40234375 0.096875 0.05546875 0.0421875
0 0.3859375 0.0265625 0.0796875 0.053125
0 0.43515625 0.65625 0.06484375 0.06875
0 0.4640625 0.746875 0.08359375 0.0796875
0 0.48125 0.846875 0.0796875 0.078125
0 0.4765625 0.01328125 0.0703125 0.0265625
0 0.49140625 0.0859375 0.0515625 0.05703125
0 0.51484375 0.1875 0.053125 0.0515625
0 0.53515625 0.2703125 0.0859375 0.08359375
0 0.55703125 0.3609375 0.0796875 0.07578125
0 0.653125 0.35234375 0.0890625 0.0890625
0 0.75 0.33359375 0.07421875 0.0890625
0 0.846875 0.31484375 0.078125 0.0890625
0 0.5828125 0.4640625 0.0859375 0.08359375
0 0.678125 0.44140625 0.07421875 0.07578125
0 0.69765625 0.53203125 0.06484375 0.07578125
0 0.60390625 0.55 0.0890625 0.09296875
0 0.62265625 0.65 0.0890625 0.07578125
0 0.55546875 0.7265625 0.08359375 0.07578125
0 0.56875 0.83203125 0.06484375 0.06640625
0 0.6703125 0.8171875 0.06640625 0.05703125
0 0.76484375 0.80859375 0.078125 0.078125
0 0.6234375 0.98671875 0.06875 0.0265625
0 0.709375 0.97734375 0.06875 0.0453125
0 0.81953125 0.971875 0.0828125 0.05625
0 0.79296875 0.8953125 0.08203125 0.071875
0 0.8859375 0.88125 0.0421875 0.0515625
0 0.85546875 0.78828125 0.07578125 0.07421875
0 0.94140625 0.78125 0.07578125 0.071875
0 0.95546875 0.865625 0.05859375 0.0625
0 0.89921875 0.971875 0.0609375 0.05625
0 0.5890625 0.06484375 0.0875 0.071875
0 0.6046875 0.15859375 0.1046875 0.0890625
0 0.69765625 0.15078125 0.05703125 0.06640625
0 0.6828125 0.065625 0.071875 0.06640625
0 0.78984375 0.05390625 0.0703125 0.0625
0 0.5625 0.009375 0.071875 0.01875
0 0.725 0.62421875 0.09296875 0.08203125
0 0.7484375 0.715625 0.08203125 0.08203125
0 0.6453125 0.725 0.07421875 0.08203125
0 0.78984375 0.5171875 0.0703125 0.06484375
0 0.8171875 0.60625 0.06875 0.071875
0 0.88984375 0.5 0.0796875 0.0796875
0 0.89765625 0.59765625 0.06484375 0.06640625
0 0.925 0.69296875 0.07421875 0.06640625
0 0.63515625 0.271875 0.06484375 0.06875
0 0.72734375 0.25078125 0.0890625 0.05859375
0 0.90625 0.03359375 0.053125 0.04765625
0 0.92578125 0.1109375 0.06484375 0.0703125
0 0.9484375 0.19375 0.06484375 0.08359375
0 0.96484375 0.275 0.06640625 0.07421875
0 0.975 0.3609375 0.04921875 0.07578125
0 0.98359375 0.43125 0.03203125 0.06484375
0 0.98203125 0.0890625 0.0359375 0.07578125
0 0.98671875 0.50703125 0.0265625 0.08203125
0 0.50859375 0.93046875 0.078125 0.06640625
0 0.0140625 0.8046875 0.028125 0.08125