0 0.04765625 0.01171875 0.0953125 0.0234375
0 0.24296875 0.10703125 0.09375 0.09375
0 0.159375 0.15234375 0.07421875 0.0953125
0 0.0640625 0.18515625 0.078125 0.08984375
0 0.00859375 0.20625 0.0171875 0.07421875
0 0.33359375 0.009375 0.0734375 0.01875
0 0.46171875 0.24453125 0.08359375 0.08359375
0 0.453125 0.14375 0.0859375 0.09765625
0 0.43984375 0.04609375 0.078125 0.06796875
0 0.53125 0.03203125 0.0859375 0.0640625
0 0.7265625 0.06015625 0.0796875 0.07421875
0 0.74453125 0.15 0.08359375 0.08984375
0 0.75390625 0.24921875 0.08359375 0.08203125
0 0.77109375 0.3359375 0.0796875 0.09140625
0 0.37421875 0.2703125 0.07578125 0.078125
0 0.38984375 0.36640625 0.05625 0.06796875
0 0.39921875 0.46328125 0.06640625 0.08203125
0 0.41953125 0.5546875 0.07578125 0.08984375
0 0.4328125 0.6515625 0.05625 0.06796875
0 0.29609375 0.4015625 0.09375 0.0875
0 0.3125 0.48515625 0.07578125 0.0796875
0 0.328125 0.590625 0.0796875 0.08359375
0 0.084375 0.2671875 0.0796875 0.078125
0 0.0953125 0.36640625 0.07421875 0.0875
0 0.1125 0.4578125 0.06640625 0.08359375
0 0.1234375 0.5515625 0.0796875 0.08359375
0 0.14140625 0.64765625 0.08359375 0.08203125
0 0.16015625 0.7453125 0.07578125 0.08203125
0 0.16796875 0.8359375 0.0796875 0.0796875
0 0.1796875 0.91640625 0.05625 0.05859375
0 0.078125 0.871875 0.0859375 0.09375
0 0.0515625 0.6828125 0.071875 0.07421875
0 0.03828125 0.58046875 0.07578125 0.0875
0 0.03203125 0.49296875 0.0640625 0.08359375
0 0.02265625 0.3953125 0.04453125 0.08203125
0 0.01640625 0.29765625 0.0328125 0.07421875
0 0.1953125 0.3328125 0.07578125 0.078125
0 0.20390625 0.42421875 0.06640625 0.07421875
0 0.21875 0.52265625 0.0640625 0.06796875
0 0.23046875 0.61484375 0.06796875 0.078125
0 0.25078125 0.7015625 0.0546875 0.05234375
0 0.27265625 0.88359375 0.09765625 0.0859375
0 0.28984375 0.3015625 0.0546875 0.04296875
0 0.3484375 0.0828125 0.0546875 0.05234375
0 0.5359375 0.11796875 0.07578125 0.071875
0 0.559375 0.21015625 0.07578125 0.08203125
0 0.575 0.3046875 0.0875 0.0875
0 0.5859375 0.39765625 0.08984375 0.09765625
0 0.49296875 0.42578125 0.0796875 0.078125
0 0.51328125 0.5265625 0.0703125 0.071875
0 0.60625 0.49921875 0.06015625 0.06796875
0 0.61796875 0.584375 0.05625 0.071875
0 0.5265625 0.61875 0.07578125 0.07421875
0 0.540625 0.7109375 0.078125 0.071875
0 0.46328125 0.82421875 0.0859375 0.08359375
0 0.55234375 0.79296875 0.0703125 0.078125
0 0.6359375 0.7609375 0.09375 0.09375
0 0.8140625 0.03046875 0.06796875 0.06015625
0 0.8328125 0.11875 0.06640625 0.07578125
0 0.84453125 0.225 0.07421875 0.0640625
0 0.8625 0.30703125 0.0796875 0.08203125
0 0.86796875 0.40546875 0.0703125 0.06796875
0 0.8921875 0.4984375 0.06796875 0.078125
0 0.9 0.59453125 0.07578125 0.08359375
0 0.784375 0.43125 0.078125 0.06796875
0 0.8 0.525 0.078125 0.08203125
0 0.6796875 0.365625 0.08359375 0.07421875
0 0.69140625 0.4671875 0.0875 0.08984375
0 0.71171875 0.55546875 0.078125 0.08359375
0 0.7328125 0.7375 0.09140625 0.0703125
0 0.7234375 0.65234375 0.07421875 0.071875
0 0.82421875 0.703125 0.0875 0.0875
0 0.80625 0.6140625 0.07578125 0.0640625
0 0.471875 0.33046875 0.0875 0.08203125
0 0.91953125 0.01875 0.08359375 0.03671875
0 0.925 0.08828125 0.07578125 0.08359375
0 0.93671875 0.1796875 0.0796875 0.0796875
0 0.9453125 0.26875 0.0625 0.06640625
0 0.96484375 0.3703125 0.0703125 0.08359375
0 0.97265625 0.4796875 0.0546875 0.06796875
0 0.9921875 0.0625 0.015625 0.0703125
0 0.984375 0.63984375 0.03125 0.06640625
0 0.9140625 0.67421875 0.06640625 0.06796875
0 0.26875 0.19765625 0.078125 0.06796875
0 0.28671875 0.98828125 0.07578125 0.0234375
0 0.3796875 0.96875 0.0859375 0.0625
0 0.4828125 0.94296875 0.09765625 0.09140625
0 0.57734375 0.978125 0.0828125 0.04375
0 0.57265625 0.9203125 0.08359375 0.08203125
0 0.35078125 0.77421875 0.07578125 0.07421875
0 0.36171875 0.84921875 0.078125 0.06796875
0 0.25859375 0.803125 0.08984375 0.08203125
0 0.33203125 0.67890625 0.08984375 0.08359375
0 0.0171875 0.8921875 0.034375 0.0875
0 0.01484375 0.96875 0.02890625 0.0625
0 0.0625 0.78046875 0.0546875 0.0546875
0 0.86875 0.98828125 0.071875 0.0234375
0 0.853125 0.91328125 0.0796875 0.0796875
0 0.76171875 0.93984375 0.09140625 0.08203125
0 0.74453125 0.85859375 0.07578125 0.07578125
0 0.66015625 0.8875 0.05234375 0.08359375
0 0.9375 0.8015625 0.06640625 0.0625
0 0.94375 0.88046875 0.07421875 0.0640625
0 0.95625 0.96875 0.071875 0.0625
0 0.84375 0.83671875 0.06796875 0.0625
0 0.9921875 0.77265625 0.015625 0.0703125
0 0.6546875 0.1703125 0.0640625 0.071875
0 0.44765625 0.74296875 0.07421875 0.078125
0 0.66953125 0.2859375 0.04296875 0.05078125
0 0.17421875 0.246875 0.08359375 0.09765625