0 0.95234375 0.23046875 0.0953125 0.078125
0 0.96171875 0.0515625 0.07578125 0.08359375
0 0.87421875 0.03515625 0.0953125 0.0703125
0 0.77890625 0.01640625 0.09921875 0.0328125
0 0.86640625 0.1203125 0.0796875 0.07578125
0 0.85234375 0.1984375 0.05078125 0.05859375
0 0.9203125 0.353125 0.08984375 0.103125
0 0.8265625 0.328125 0.0546875 0.05234375
0 0.82265625 0.409375 0.0703125 0.0796875
0 0.9078125 0.534375 0.0953125 0.0875
0 0.89140625 0.63203125 0.07421875 0.0859375
0 0.87265625 0.734375 0.0875 0.0875
0 0.83984375 0.9890625 0.07578125 0.02109375
0 0.9890625 0.4796875 0.02109375 0.071875
0 0.58203125 0.03046875 0.0859375 0.06015625
0 0.67421875 0.0484375 0.0953125 0.096875
0 0.5765625 0.10625 0.07578125 0.0859375
0 0.66640625 0.134375 0.08359375 0.07421875
0 0.49609375 0.05703125 0.0765625 0.1140625
0 0.28984375 0.1421875 0.0859375 0.08984375
0 0.2671875 0.221875 0.0640625 0.07421875
0 0.36953125 0.1734375 0.09375 0.09375
0 0.4609375 0.2828125 0.09375 0.0875
0 0.64921875 0.26953125 0.06796875 0.078125
0 0.6375 0.35 0.09140625 0.078125
0 0.74453125 0.30078125 0.08359375 0.08359375
0 0.725 0.37734375 0.08359375 0.09375
0 0.71953125 0.48125 0.07421875 0.0875
0 0.70625 0.578125 0.07421875 0.09375
0 0.6890625 0.671875 0.078125 0.0796875
0 0.678125 0.77109375 0.0796875 0.08359375
0 0.6671875 0.86484375 0.07421875 0.08359375
0 0.7671875 0.796875 0.08359375 0.08359375
0 0.7453125 0.89375 0.0703125 0.08359375
0 0.85 0.93203125 0.06640625 0.07421875
0 0.3375 0.4453125 0.0796875 0.09375
0 0.44375 0.3859375 0.0703125 0.0796875
0 0.43203125 0.47890625 0.0859375 0.08984375
0 0.5359375 0.4125 0.09921875 0.09375
0 0.41015625 0.58671875 0.0703125 0.071875
0 0.60234375 0.64140625 0.07578125 0.0875
0 0.59140625 0.74140625 0.05859375 0.06796875
0 0.571875 0.83359375 0.06640625 0.078125
0 0.490625 0.70390625 0.0859375 0.09765625
0 0.39765625 0.678125 0.08359375 0.078125
0 0.384375 0.7703125 0.0640625 0.06796875
0 0.371875 0.871875 0.05859375 0.0703125
0 0.46796875 0.9015625 0.0796875 0.078125
0 0.56015625 0.93359375 0.0703125 0.078125
0 0.4453125 0.9796875 0.06640625 0.040625
0 0.35859375 0.96171875 0.0640625 0.0640625
0 0.3203125 0.53515625 0.0953125 0.09765625
0 0.303125 0.64609375 0.09765625 0.09375
0 0.3015625 0.7375 0.09375 0.09375
0 0.2703125 0.840625 0.06640625 0.07421875
0 0.190625 0.8 0.08984375 0.08203125
0 0.2 0.70546875 0.08984375 0.0953125
0 0.2109375 0.61015625 0.0875 0.09765625
0 0.2328125 0.515625 0.08359375 0.09765625
0 0.2515625 0.41328125 0.09375 0.0875
0 0.1734375 0.19765625 0.06640625 0.08359375
0 0.00859375 0.22578125 0.0171875 0.09375
0 0.03515625 0.46015625 0.0703125 0.0640625
0 0.13828125 0.48671875 0.0703125 0.078125
0 0.15 0.39140625 0.06640625 0.08203125
0 0.10703125 0.675 0.07421875 0.07421875
0 0.03828125 0.5546875 0.07578125 0.078125
0 0.0140625 0.64453125 0.028125 0.0640625
0 0.0234375 0.73671875 0.046875 0.09140625
0 0.09453125 0.76640625 0.0875 0.08203125
0 0.0140625 0.83359375 0.028125 0.0734375
0 0.00703125 0.90859375 0.01328125 0.078125
0 0.06640625 0.940625 0.06640625 0.071875
0 0.17421875 0.896875 0.0953125 0.0875
0 0.1671875 0.97421875 0.059375 0.0515625
0 0.25859375 0.98359375 0.07421875 0.0328125
0 0.95625 0.85390625 0.06796875 0.07421875
0 0.86640625 0.82109375 0.09921875 0.09375
0 0.27421875 0.92734375 0.05859375 0.0640625
0 0.7671875 0.078125 0.0875 0.08984375
0 0.7609375 0.16640625 0.0875 0.0796875
0 0.0859375 0.075 0.078125 0.071875
0 0.08046875 0.1625 0.06796875 0.071875
0 0.0640625 0.2515625 0.0703125 0.07578125
0 0.38984375 0.04609375 0.09140625 0.071875
0 0.61015625 0.5515625 0.06015625 0.05859375
0 0.7890625 0.71328125 0.071875 0.0640625
0 0.12734375 0.58046875 0.0640625 0.05859375
0 0.91328125 0.44140625 0.10703125 0.09375
0 0.47578125 0.1953125 0.0875 0.0796875
0 0.2578125 0.31875 0.08359375 0.0859375
0 0.16953125 0.296875 0.06640625 0.07578125
0 0.95625 0.14765625 0.0875 0.08203125
0 0.56484375 0.23359375 0.0640625 0.07421875