0 0.11875 0.02265625 0.059375 0.0453125
0 0.1296875 0.08984375 0.0625 0.0703125
0 0.05703125 0.1109375 0.0671875 0.0703125
0 0.0484375 0.03828125 0.05625 0.0703125
0 0.0515625 0.265625 0.05625 0.0640625
0 0.12421875 0.24765625 0.0765625 0.078125
0 0.1421875 0.31875 0.071875 0.075
0 0.14609375 0.4078125 0.0640625 0.071875
0 0.15703125 0.4796875 0.0796875 0.078125
0 0.16796875 0.55625 0.0609375 0.0703125
0 0.18125 0.63515625 0.075 0.0734375
0 0.18671875 0.71484375 0.0671875 0.0703125
0 0.20078125 0.790625 0.0640625 0.0703125
0 0.2125 0.8609375 0.071875 0.065625
0 0.22578125 0.94375 0.0765625 0.075
0 0.059375 0.35 0.078125 0.08125
0 0.07109375 0.42265625 0.0703125 0.0796875
0 0.08828125 0.50234375 0.0671875 0.0734375
0 0.09609375 0.584375 0.0671875 0.075
0 0.1 0.659375 0.075 0.078125
0 0.115625 0.7375 0.075 0.090625
0 0.0296875 0.68125 0.059375 0.0703125
0 0.04140625 0.7546875 0.0671875 0.071875
0 0.02265625 0.528125 0.0453125 0.071875
0 0.06640625 0.9125 0.0703125 0.075
0 0.06953125 0.978125 0.0671875 0.04375
0 0.19765625 0.2171875 0.0671875 0.065625
0 0.2109375 0.29375 0.0625 0.0703125
0 0.221875 0.371875 0.06875 0.071875
0 0.234375 0.45234375 0.06875 0.0703125
0 0.2421875 0.53046875 0.06875 0.0703125
0 0.25703125 0.6109375 0.0671875 0.0703125
0 0.2640625 0.68359375 0.075 0.0859375
0 0.278125 0.7609375 0.078125 0.078125
0 0.29765625 0.9125 0.071875 0.05
0 0.26796875 0.190625 0.0671875 0.0765625
0 0.2828125 0.27265625 0.059375 0.0671875
0 0.29296875 0.3515625 0.0703125 0.06875
0 0.30234375 0.43203125 0.0640625 0.0671875
0 0.31875 0.503125 0.075 0.075
0 0.32890625 0.58359375 0.0640625 0.0625
0 0.35625 0.73671875 0.0625 0.0671875
0 0.36875 0.88203125 0.0875 0.0765625
0 0.2859375 0.83671875 0.0625 0.0640625
0 0.12578125 0.81640625 0.0484375 0.0546875
0 0.13671875 0.88515625 0.0703125 0.0671875
0 0.27265625 0.0453125 0.0515625 0.065625
0 0.35078125 0.02421875 0.0453125 0.0484375
0 0.35 0.17109375 0.059375 0.0671875
0 0.35546875 0.24609375 0.0703125 0.0703125
0 0.3671875 0.33125 0.053125 0.059375
0 0.3984375 0.48125 0.0625 0.05625
0 0.38203125 0.40390625 0.0671875 0.0734375
0 0.40234375 0.55703125 0.0703125 0.0671875
0 0.4125 0.6359375 0.059375 0.0625
0 0.4234375 0.14375 0.059375 0.0609375
0 0.0265625 0.60703125 0.053125 0.0625
0 0.43515625 0.225 0.0640625 0.065625
0 0.446875 0.3 0.05625 0.0625
0 0.4578125 0.3765625 0.071875 0.071875
0 0.475 0.52734375 0.075 0.0703125
0 0.4875 0.60078125 0.06875 0.0671875
0 0.45625 0.92578125 0.06875 0.0703125
0 0.42265625 0.7109375 0.0796875 0.078125
0 0.515625 0.75703125 0.078125 0.0671875
0 0.4921875 0.11875 0.053125 0.065625
0 0.5875 0.17265625 0.05625 0.0640625
0 0.59921875 0.2484375 0.0640625 0.075
0 0.6046875 0.325 0.06875 0.071875
0 0.6171875 0.403125 0.06875 0.071875
0 0.62734375 0.475 0.0671875 0.065625
0 0.5546875 0.50078125 0.0625 0.0640625
0 0.5390625 0.42421875 0.0625 0.0671875
0 0.51484375 0.2765625 0.0515625 0.0625
0 0.5671875 0.57265625 0.071875 0.0734375
0 0.57421875 0.65859375 0.0609375 0.0671875
0 0.58671875 0.73359375 0.0546875 0.0515625
0 0.59765625 0.8109375 0.0765625 0.065625
0 0.6703125 0.78515625 0.075 0.0703125
0 0.68046875 0.84609375 0.0640625 0.0671875
0 0.746875 0.753125 0.078125 0.075
0 0.7359375 0.67578125 0.071875 0.0703125
0 0.72578125 0.59921875 0.0828125 0.0734375
0 0.6640625 0.70859375 0.0625 0.0625
0 0.63671875 0.56015625 0.0453125 0.0578125
0 0.6578125 0.146875 0.05 0.059375
0 0.665625 0.2234375 0.059375 0.0625
0 0.67734375 0.29921875 0.0640625 0.0671875
0 0.6875 0.3765625 0.06875 0.065625
0 0.71953125 0.04921875 0.0703125 0.0734375
0 0.73359375 0.121875 0.0609375 0.071875
0 0.7359375 0.20078125 0.075 0.0796875
0 0.75703125 0.271875 0.0671875 0.059375
0 0.76640625 0.35078125 0.0640625 0.0671875
0 0.7953125 0.02578125 0.05 0.0515625
0 0.8640625 0.01484375 0.065625 0.0296875
0 0.8921875 0.15546875 0.05625 0.06875
0 0.81015625 0.17578125 0.0640625 0.0703125
0 0.82890625 0.2484375 0.0640625 0.065625
0 0.840625 0.32734375 0.05625 0.0703125
0 0.85390625 0.40078125 0.0515625 0.0671875
0 0.86015625 0.47578125 0.0640625 0.0671875
0 0.875 0.55078125 0.06875 0.0703125
0 0.803125 0.58046875 0.059375 0.0578125
0 0.7109375 0.5296875 0.0625 0.059375
0 0.78203125 0.4234375 0.0734375 0.05625
0 0.78515625 0.49921875 0.0765625 0.0703125
0 0.965625 0.1265625 0.0625 0.071875
0 0.97265625 0.20078125 0.0546875 0.0640625
0 0.98046875 0.35546875 0.0390625 0.0703125
0 0.91796875 0.3 0.0609375 0.0625
0 0.925 0.3734375 0.053125 0.059375
0 0.940625 0.45390625 0.053125 0.0546875
0 0.9484375 0.5265625 0.053125 0.059375
0 0.9703125 0.740625 0.059375 0.075
0 0.88984375 0.63125 0.0609375 0.065625
0 0.89609375 0.70390625 0.0640625 0.0640625
0 0.8234375 0.7328125 0.06875 0.075
0 0.75234375 0.825 0.0828125 0.0625
0 0.85078125 0.9 0.0671875 0.071875
0 0.92265625 0.86875 0.0640625 0.05625
0 0.98046875 0.85078125 0.0390625 0.0671875
0 0.8546875 0.965625 0.06875 0.0625
0 0.77421875 0.97421875 0.0734375 0.0515625
0 0.6328125 0.96875 0.078125 0.0625
0 0.70078125 0.95078125 0.0640625 0.0734375
0 0.53046875 0.89375 0.0671875 0.0625
0 0.90390625 0.228125 0.0796875 0.08125
0 0.5671875 0.0890625 0.05625 0.0625
0 0.53046875 0.35078125 0.0671875 0.0671875
0 0.7015625 0.4546875 0.04375 0.040625
0 0.80703125 0.66015625 0.0265625 0.04375
0 0.9640625 0.6 0.053125 0.04375
0 0.90546875 0.77578125 0.0609375 0.0578125
0 0.984375 0.90234375 0.03125 0.0453125
0 0.3375 0.65625 0.071875 0.078125
0 0.45078125 0.8546875 0.0734375 0.075
0 0.78203125 0.91875 0.0546875 0.05625
0 0.92734375 0.93125 0.0734375 0.08125
0 0.30625 0.96875 0.065625 0.0625
0 0.153125 0.96875 0.046875 0.0625
0 0.97109375 0.67109375 0.0578125 0.0671875
0 0.42890625 0.01875 0.0546875 0.0375
0 0.35703125 0.80703125 0.0734375 0.0671875
0 0.5234375 0.825 0.071875 0.071875
0 0.61015625 0.871875 0.0703125 0.075
0 0.9859375 0.4234375 0.028125 0.059375
0 0.99375 0.50078125 0.0125 0.0578125
0 0.98203125 0.26640625 0.0359375 0.0578125