0 0.03125 0.12890625 0.0625 0.07890625
0 0.10859375 0.17890625 0.08984375 0.0734375
0 0.1 0.025 0.07109375 0.04921875
0 0.18203125 0.0140625 0.08984375 0.02734375
0 0.18984375 0.075 0.075 0.07109375
0 0.203125 0.1484375 0.04765625 0.0546875
0 0.1390625 0.29375 0.084375 0.096875
0 0.22734375 0.2703125 0.0515625 0.04921875
0 0.23046875 0.346875 0.065625 0.075
0 0.15078125 0.4640625 0.08984375 0.08203125
0 0.16640625 0.55703125 0.06953125 0.08046875
0 0.184375 0.653125 0.08203125 0.08203125
0 0.0234375 0.80078125 0.046875 0.0671875
0 0.02109375 0.70703125 0.0421875 0.08828125
0 0.01015625 0.61796875 0.0203125 0.04921875
0 0.04609375 0.96875 0.0734375 0.0625
0 0.0359375 0.88515625 0.07109375 0.07890625
0 0.13515625 0.95625 0.05859375 0.065625
0 0.21484375 0.9203125 0.07109375 0.075
0 0.0515625 0.41328125 0.065625 0.06796875
0 0.04453125 0.32578125 0.06015625 0.06953125
0 0.4578125 0.009375 0.08046875 0.01796875
0 0.37109375 0.0265625 0.08984375 0.053125
0 0.4625 0.06171875 0.07109375 0.08046875
0 0.378125 0.08828125 0.07890625 0.06953125
0 0.5390625 0.03515625 0.07109375 0.06953125
0 0.7328125 0.0953125 0.08046875 0.084375
0 0.75390625 0.1703125 0.06015625 0.06953125
0 0.6578125 0.12421875 0.08828125 0.08828125
0 0.57109375 0.228125 0.08828125 0.08203125
0 0.39453125 0.21484375 0.0640625 0.0734375
0 0.40546875 0.29140625 0.0859375 0.0734375
0 0.3046875 0.24453125 0.07890625 0.07890625
0 0.3234375 0.3171875 0.07890625 0.08828125
0 0.328125 0.41484375 0.06953125 0.08203125
0 0.340625 0.50546875 0.06953125 0.08828125
0 0.35703125 0.59453125 0.0734375 0.075
0 0.3671875 0.6875 0.075 0.07890625
0 0.37734375 0.77578125 0.06953125 0.07890625
0 0.2828125 0.71171875 0.07890625 0.07890625
0 0.30390625 0.803125 0.065625 0.07890625
0 0.20546875 0.8390625 0.0625 0.06953125
0 0.6875 0.38125 0.075 0.08828125
0 0.58828125 0.325 0.065625 0.075
0 0.59921875 0.41171875 0.08046875 0.084375
0 0.50078125 0.35 0.09375 0.08828125
0 0.61875 0.5140625 0.065625 0.06796875
0 0.43828125 0.56484375 0.07109375 0.08203125
0 0.4484375 0.659375 0.0546875 0.0640625
0 0.4671875 0.74609375 0.0625 0.0734375
0 0.54375 0.62421875 0.08046875 0.09140625
0 0.63125 0.6 0.07890625 0.0734375
0 0.64375 0.68671875 0.06015625 0.0640625
0 0.65546875 0.78203125 0.0546875 0.065625
0 0.56484375 0.81015625 0.075 0.0734375
0 0.478125 0.840625 0.065625 0.0734375
0 0.4953125 0.92578125 0.0640625 0.06796875
0 0.5859375 0.89453125 0.0625 0.06015625
0 0.5859375 0.965625 0.075 0.06875
0 0.66875 0.95 0.0546875 0.06015625
0 0.66796875 0.8671875 0.06015625 0.06015625
0 0.70390625 0.46484375 0.08984375 0.09140625
0 0.71953125 0.56953125 0.09140625 0.08828125
0 0.721875 0.65546875 0.08828125 0.08828125
0 0.75078125 0.753125 0.0625 0.06953125
0 0.82578125 0.7140625 0.084375 0.0765625
0 0.8171875 0.62578125 0.084375 0.08984375
0 0.80703125 0.5359375 0.08203125 0.09140625
0 0.78671875 0.446875 0.07890625 0.09140625
0 0.76796875 0.35078125 0.08828125 0.08203125
0 0.8421875 0.14765625 0.0625 0.07890625
0 0.96953125 0.39453125 0.06015625 0.06015625
0 0.87578125 0.41953125 0.065625 0.0734375
0 0.86484375 0.3296875 0.0625 0.0765625
0 0.9046875 0.596875 0.06953125 0.06953125
0 0.9671875 0.48359375 0.065625 0.0734375
0 0.98984375 0.56875 0.0203125 0.06015625
0 0.98046875 0.6546875 0.03828125 0.0859375
0 0.91640625 0.6828125 0.08203125 0.0765625
0 0.98984375 0.746875 0.0203125 0.06953125
0 0.94296875 0.846875 0.0625 0.06796875
0 0.84140625 0.80625 0.08984375 0.08203125
0 0.84921875 0.88515625 0.05703125 0.06015625
0 0.8671875 0.9578125 0.075 0.0765625
0 0.778125 0.9796875 0.0546875 0.040625
0 0.76171875 0.90859375 0.06953125 0.0734375
0 0.6921875 0.99140625 0.04765625 0.01640625
0 0.50546875 0.99375 0.04765625 0.0125
0 0.32109375 0.9734375 0.05703125 0.053125
0 0.10546875 0.765625 0.0640625 0.06953125
0 0.18984375 0.734375 0.09375 0.08828125
0 0.746875 0.834375 0.0546875 0.06015625
0 0.2828125 0.03828125 0.08203125 0.0765625
0 0.2890625 0.11796875 0.08203125 0.075
0 0.95234375 0.93046875 0.0734375 0.06953125
0 0.9671875 0.9890625 0.05859375 0.021875
0 0.925 0.0328125 0.0734375 0.065625
0 0.9296875 0.11484375 0.0640625 0.06796875
0 0.9453125 0.1984375 0.065625 0.07109375
0 0.63828125 0.01953125 0.0859375 0.03828125
0 0.43125 0.48046875 0.05703125 0.0546875
0 0.2625 0.6328125 0.06796875 0.06015625
0 0.88515625 0.50859375 0.06015625 0.0546875
0 0.4078125 0.96484375 0.07109375 0.0546875
0 0.1453125 0.37734375 0.10078125 0.08828125
0 0.5578125 0.1453125 0.08203125 0.075
0 0.7625 0.26171875 0.07890625 0.08046875
0 0.84609375 0.240625 0.0625 0.07109375
0 0.10546875 0.10078125 0.08203125 0.0765625
0 0.4734375 0.18125 0.06015625 0.06953125