0 0.0828125 0.01171875 0.0734375 0.0234375
0 0.01796875 0.03046875 0.0359375 0.0609375
0 0.01953125 0.11875 0.03828125 0.090625
0 0.02890625 0.19765625 0.0578125 0.08671875
0 0.1 0.17109375 0.07734375 0.08671875
0 0.09921875 0.08671875 0.0640625 0.06171875
0 0.1859375 0.05703125 0.09453125 0.0828125
0 0.18984375 0.13671875 0.08671875 0.07734375
0 0.2828125 0.096875 0.0984375 0.0890625
0 0.2796875 0.02421875 0.08515625 0.0484375
0 0.36953125 0.01484375 0.090625 0.02890625
0 0.47421875 0.04140625 0.090625 0.0828125
0 0.56171875 0.0234375 0.096875 0.04609375
0 0.03671875 0.33125 0.0734375 0.0828125
0 0.05234375 0.496875 0.08515625 0.08671875
0 0.38125 0.07734375 0.075 0.065625
0 0.66328125 0.00859375 0.090625 0.0171875
0 0.96328125 0.08671875 0.0734375 0.07734375
0 0.9515625 0.0203125 0.08515625 0.040625
0 0.86640625 0.03125 0.06953125 0.06171875
0 0.8734375 0.1109375 0.10625 0.0984375
0 0.77421875 0.06015625 0.08125 0.07734375
0 0.6921875 0.09765625 0.11015625 0.0984375
0 0.6828125 0.19296875 0.0640625 0.065625
0 0.4921875 0.1609375 0.1078125 0.0984375
0 0.396875 0.196875 0.09453125 0.09296875
0 0.40546875 0.28125 0.09296875 0.08671875
0 0.2125 0.2515625 0.096875 0.090625
0 0.12578125 0.29453125 0.075 0.08671875
0 0.1234375 0.37578125 0.0578125 0.07109375
0 0.22578125 0.3453125 0.10390625 0.10390625
0 0.30078125 0.2921875 0.08125 0.08671875
0 0.90078125 0.3046875 0.075 0.07734375
0 0.971875 0.271875 0.05625 0.1
0 0.96875 0.1765625 0.06171875 0.0828125
0 0.70234375 0.26796875 0.08671875 0.08671875
0 0.60625 0.30390625 0.10390625 0.11015625
0 0.51953125 0.34140625 0.0734375 0.0734375
0 0.15 0.4640625 0.06953125 0.07109375
0 0.24140625 0.43828125 0.065625 0.06953125
0 0.33203125 0.4125 0.07734375 0.06015625
0 0.41796875 0.3765625 0.090625 0.09296875
0 0.0703125 0.5890625 0.0671875 0.0734375
0 0.16875 0.6546875 0.09453125 0.09296875
0 0.2625 0.621875 0.07890625 0.07734375
0 0.2546875 0.53125 0.08125 0.08125
0 0.02578125 0.90859375 0.0515625 0.0828125
0 0.09921875 0.87421875 0.09453125 0.0890625
0 0.1921875 0.846875 0.090625 0.090625
0 0.09453125 0.7828125 0.0890625 0.0828125
0 0.07890625 0.69140625 0.07734375 0.08125
0 0.184375 0.746875 0.07890625 0.08125
0 0.27578125 0.7171875 0.09296875 0.096875
0 0.3703125 0.68359375 0.09296875 0.0890625
0 0.35703125 0.5875 0.08515625 0.08671875
0 0.45234375 0.565625 0.09453125 0.09296875
0 0.72265625 0.4640625 0.08671875 0.08671875
0 0.8171875 0.4296875 0.0828125 0.09453125
0 0.9109375 0.396875 0.08515625 0.090625
0 0.984375 0.3703125 0.03125 0.0890625
0 0.034375 0.97578125 0.06875 0.0453125
0 0.12578125 0.9640625 0.06953125 0.07109375
0 0.2171875 0.9359375 0.0828125 0.0734375
0 0.3140625 0.97890625 0.0828125 0.0421875
0 0.3109375 0.90625 0.08671875 0.07890625
0 0.2984375 0.81484375 0.0828125 0.0890625
0 0.384375 0.7828125 0.08515625 0.0828125
0 0.403125 0.87734375 0.065625 0.08671875
0 0.48359375 0.85234375 0.07890625 0.0828125
0 0.4640625 0.6609375 0.08671875 0.08671875
0 0.55390625 0.6203125 0.0890625 0.0828125
0 0.640625 0.59453125 0.0890625 0.0890625
0 0.7515625 0.659375 0.07890625 0.0828125
0 0.7609375 0.75390625 0.096875 0.09296875
0 0.409375 0.9671875 0.08125 0.065625
0 0.503125 0.94765625 0.07890625 0.096875
0 0.59453125 0.9765625 0.06953125 0.04609375
0 0.6890625 0.95859375 0.08125 0.0828125
0 0.83203125 0.5234375 0.0890625 0.08125
0 0.84765625 0.62578125 0.08515625 0.09296875
0 0.934375 0.596875 0.0890625 0.08515625
0 0.92734375 0.49609375 0.08671875 0.08515625
0 0.56640625 0.72890625 0.07109375 0.07109375
0 0.01484375 0.80703125 0.02890625 0.05390625
0 0.9546875 0.6859375 0.090625 0.07109375
0 0.9546875 0.7921875 0.0640625 0.0640625
0 0.878125 0.90078125 0.0890625 0.090625
0 0.7875 0.921875 0.06953125 0.075
0 0.79609375 0.984375 0.0828125 0.03125
0 0.89140625 0.9734375 0.0578125 0.053125
0 0.98828125 0.465625 0.0234375 0.0890625
0 0.96875 0.86953125 0.06171875 0.075
0 0.97734375 0.96328125 0.0453125 0.0734375
0 0.43359375 0.4703125 0.0640625 0.07109375
0 0.90078125 0.19609375 0.05625 0.0640625
0 0.35234375 0.49609375 0.06015625 0.0578125
0 0.778125 0.140625 0.07734375 0.09296875
0 0.5703125 0.81171875 0.06015625 0.0671875