0 0.3203125 0.06875 0.06875 0.065625
0 0.32734375 0.134375 0.0671875 0.071875
0 0.340625 0.20625 0.0625 0.0609375
0 0.2734375 0.31640625 0.053125 0.0546875
0 0.35546875 0.28125 0.0296875 0.046875
0 0.39921875 0.0421875 0.0796875 0.075
0 0.4078125 0.1125 0.05625 0.059375
0 0.4203125 0.1984375 0.065625 0.06875
0 0.47421875 0.1671875 0.0578125 0.053125
0 0.4921875 0.23046875 0.0625 0.0703125
0 0.51328125 0.31640625 0.0796875 0.0703125
0 0.52578125 0.39140625 0.0734375 0.0734375
0 0.528125 0.4640625 0.0625 0.06875
0 0.4625 0.4890625 0.065625 0.0625
0 0.36640625 0.4484375 0.0609375 0.059375
0 0.3640625 0.353125 0.05625 0.05625
0 0.29140625 0.390625 0.0671875 0.0703125
0 0.30625 0.4609375 0.090625 0.071875
0 0.3078125 0.54765625 0.06875 0.0734375
0 0.31953125 0.6234375 0.0671875 0.08125
0 0.23203125 0.57421875 0.0734375 0.0765625
0 0.240625 0.65390625 0.06875 0.0640625
0 0.22890625 0.49609375 0.0828125 0.0609375
0 0.21484375 0.41328125 0.0703125 0.0671875
0 0.20703125 0.3375 0.0609375 0.065625
0 0.19609375 0.25703125 0.0734375 0.0671875
0 0.17890625 0.18515625 0.0765625 0.0734375
0 0.17421875 0.1140625 0.0890625 0.0625
0 0.2359375 0.0921875 0.065625 0.065625
0 0.25703125 0.16015625 0.0765625 0.0609375
0 0.09375 0.140625 0.0625 0.071875
0 0.15625 0.0265625 0.0625 0.053125
0 0.03515625 0.234375 0.0609375 0.0625
0 0.10625 0.2171875 0.071875 0.065625
0 0.11328125 0.2953125 0.0609375 0.065625
0 0.1328125 0.3578125 0.071875 0.06875
0 0.05234375 0.39609375 0.0734375 0.0734375
0 0.05 0.4515625 0.053125 0.053125
0 0.13125 0.4484375 0.08125 0.06875
0 0.146875 0.52265625 0.08125 0.0703125
0 0.07109375 0.55859375 0.0796875 0.0703125
0 0.06953125 0.6296875 0.0609375 0.0625
0 0.096875 0.703125 0.059375 0.0671875
0 0.090625 0.79765625 0.0625 0.0546875
0 0.12265625 0.85 0.0578125 0.059375
0 0.0328125 0.8734375 0.065625 0.065625
0 0.12578125 0.93046875 0.0546875 0.0390625
0 0.14609375 0.97421875 0.0890625 0.0515625
0 0.20859375 0.96640625 0.0515625 0.0671875
0 0.26875 0.85703125 0.059375 0.0734375
0 0.1921875 0.81640625 0.0625 0.0609375
0 0.265625 0.78671875 0.0625 0.0640625
0 0.034375 0.16484375 0.06875 0.0640625
0 0.02734375 0.06953125 0.0546875 0.0671875
0 0.16875 0.6828125 0.071875 0.075
0 0.25546875 0.73359375 0.0640625 0.0609375
0 0.3265625 0.71484375 0.06875 0.0609375
0 0.39609375 0.6890625 0.0578125 0.05625
0 0.4140625 0.746875 0.0625 0.0625
0 0.3328125 0.7671875 0.0484375 0.05625
0 0.34765625 0.83984375 0.0546875 0.0609375
0 0.35703125 0.90546875 0.0640625 0.0609375
0 0.428125 0.88125 0.06875 0.059375
0 0.421875 0.8140625 0.046875 0.05
0 0.38828125 0.6015625 0.0515625 0.046875
0 0.4671875 0.565625 0.06875 0.059375
0 0.54609375 0.55625 0.0609375 0.05
0 0.55 0.62734375 0.059375 0.0578125
0 0.5625 0.69375 0.053125 0.059375
0 0.47421875 0.71015625 0.0734375 0.0703125
0 0.49921875 0.76640625 0.0671875 0.0640625
0 0.57421875 0.76171875 0.0765625 0.0859375
0 0.58828125 0.82265625 0.0578125 0.0734375
0 0.5125 0.84921875 0.0625 0.0515625
0 0.52265625 0.9296875 0.0609375 0.071875
0 0.44453125 0.96015625 0.0828125 0.0765625
0 0.29296875 0.984375 0.0703125 0.03125
0 0.5171875 0.984375 0.065625 0.03125
0 0.60546875 0.97890625 0.0703125 0.0421875
0 0.675 0.953125 0.053125 0.046875
0 0.665625 0.88828125 0.05625 0.0640625
0 0.65625 0.79921875 0.053125 0.0578125
0 0.64140625 0.72109375 0.0546875 0.0578125
0 0.63125 0.6640625 0.04375 0.0375
0 0.71328125 0.646875 0.0734375 0.065625
0 0.7234375 0.70234375 0.0625 0.0703125
0 0.72109375 0.78828125 0.0578125 0.0703125
0 0.73515625 0.86796875 0.0640625 0.0734375
0 0.80234375 0.75859375 0.0734375 0.0890625
0 0.8109375 0.828125 0.08125 0.0671875
0 0.8875 0.81328125 0.0625 0.0859375
0 0.87265625 0.7390625 0.0515625 0.05625
0 0.87421875 0.6703125 0.0765625 0.08125
0 0.85546875 0.5984375 0.0703125 0.046875
0 0.78203125 0.6140625 0.0484375 0.046875
0 0.79453125 0.68515625 0.0734375 0.0734375
0 0.4625 0.021875 0.059375 0.04375
0 0.46875 0.07734375 0.071875 0.0703125
0 0.5484375 0.0140625 0.065625 0.028125
0 0.61875 0.0390625 0.08125 0.071875
0 0.6359375 0.10078125 0.0671875 0.0703125
0 0.56640625 0.14140625 0.0609375 0.0734375
0 0.646875 0.19765625 0.059375 0.0578125
0 0.71484375 0.16015625 0.04375 0.0546875
0 0.73125 0.24296875 0.05 0.0484375
0 0.80078125 0.21484375 0.0765625 0.0703125
0 0.8171875 0.2953125 0.05625 0.059375
0 0.81953125 0.37421875 0.0765625 0.0671875
0 0.7390625 0.33125 0.071875 0.075
0 0.7453125 0.390625 0.059375 0.053125
0 0.66953125 0.41953125 0.0515625 0.0578125
0 0.66328125 0.346875 0.0671875 0.06875
0 0.60625 0.3625 0.046875 0.053125
0 0.60859375 0.44375 0.0609375 0.053125
0 0.2390625 0.01171875 0.078125 0.0234375
0 0.0078125 0.4953125 0.015625 0.059375
0 0.02109375 0.57734375 0.0421875 0.0765625
0 0.02265625 0.65546875 0.0453125 0.0703125
0 0.6921875 0.021875 0.0625 0.04375
0 0.7140625 0.08984375 0.0671875 0.0765625
0 0.78203125 0.0625 0.0734375 0.06875
0 0.8546875 0.0390625 0.075 0.078125
0 0.86484375 0.1140625 0.0640625 0.05625
0 0.9296875 0.02890625 0.06875 0.0578125
0 0.93515625 0.0890625 0.0734375 0.06875
0 0.9484375 0.175 0.06875 0.084375
0 0.86953125 0.20078125 0.0671875 0.0640625
0 0.8875 0.2609375 0.0625 0.059375
0 0.95625 0.253125 0.06875 0.059375
0 0.9609375 0.325 0.071875 0.0703125
0 0.8921875 0.35078125 0.065625 0.0703125
0 0.92421875 0.4265625 0.0671875 0.071875
0 0.98046875 0.40625 0.0390625 0.0625
0 0.9890625 0.60859375 0.01875 0.0609375
0 0.92265625 0.5578125 0.0390625 0.053125
0 0.94140625 0.628125 0.0703125 0.075
0 0.94765625 0.69765625 0.0671875 0.0515625
0 0.9546875 0.7796875 0.0875 0.090625
0 0.95859375 0.8734375 0.0734375 0.08125
0 0.97109375 0.940625 0.0578125 0.06875
0 0.90703125 0.97109375 0.0640625 0.0578125
0 0.89453125 0.87578125 0.0765625 0.0734375
0 0.834375 0.97265625 0.075 0.0546875
0 0.4265625 0.25859375 0.0625 0.0640625
0 0.6921875 0.50234375 0.0625 0.0515625
0 0.75546875 0.48125 0.0640625 0.0625
0 0.76953125 0.5421875 0.0546875 0.0515625
0 0.70234375 0.5734375 0.0671875 0.053125
0 0.61640625 0.59453125 0.0671875 0.0734375
0 0.37578125 0.5203125 0.0640625 0.0625
0 0.04375 0.93828125 0.05 0.0515625
0 0.58984375 0.9078125 0.0640625 0.071875