0 0.725 0.6125 0.0703125 0.06875
0 0.6453125 0.63828125 0.0640625 0.05625
0 0.7421875 0.771875 0.065625 0.071875
0 0.6703125 0.79375 0.071875 0.0796875
0 0.59453125 0.8203125 0.0640625 0.06875
0 0.51328125 0.84921875 0.0625 0.06875
0 0.4375 0.87578125 0.0546875 0.0578125
0 0.36171875 0.8953125 0.071875 0.075
0 0.2875 0.921875 0.0578125 0.0640625
0 0.21796875 0.9484375 0.03984375 0.059375
0 0.13828125 0.96484375 0.071875 0.0703125
0 0.0609375 0.98046875 0.0765625 0.03828125
0 0.29375 0.98984375 0.053125 0.0203125
0 0.37890625 0.97109375 0.0640625 0.0578125
0 0.45078125 0.9546875 0.0578125 0.065625
0 0.528125 0.9265625 0.06875 0.0734375
0 0.60078125 0.90703125 0.0703125 0.0734375
0 0.678125 0.87265625 0.071875 0.071875
0 0.75390625 0.853125 0.0640625 0.0640625
0 0.8296875 0.81796875 0.071875 0.0640625
0 0.90859375 0.79609375 0.0546875 0.059375
0 0.97265625 0.77109375 0.0546875 0.071875
0 0.98203125 0.8515625 0.0359375 0.06875
0 0.9171875 0.8765625 0.0640625 0.075
0 0.928125 0.95234375 0.0703125 0.0671875
0 0.8453125 0.9015625 0.0703125 0.071875
0 0.85625 0.975 0.0703125 0.04921875
0 0.77734375 0.98828125 0.0640625 0.0234375
0 0.6125 0.9765625 0.05234375 0.04609375
0 0.54140625 0.98984375 0.0578125 0.0203125
0 0.765625 0.93125 0.04921875 0.0578125
0 0.99453125 0.9859375 0.0109375 0.028125
0 0.96796875 0.69296875 0.0546875 0.0609375
0 0.896875 0.7203125 0.0625 0.0609375
0 0.81953125 0.7453125 0.0609375 0.06875
0 0.9625 0.61171875 0.04921875 0.05078125
0 0.88515625 0.63671875 0.04765625 0.05234375
0 0.80625 0.66171875 0.04921875 0.0609375
0 0.734375 0.68828125 0.05625 0.0609375
0 0.6546875 0.72109375 0.0609375 0.05234375
0 0.578125 0.73984375 0.0578125 0.0671875
0 0.51171875 0.771875 0.05234375 0.05625
0 0.4296875 0.796875 0.0546875 0.0640625
0 0.35390625 0.82109375 0.04609375 0.04765625
0 0.27578125 0.840625 0.04921875 0.05078125
0 0.196875 0.86328125 0.0609375 0.065625
0 0.128125 0.88515625 0.0578125 0.0640625
0 0.053125 0.90859375 0.0625 0.0640625
0 0.94921875 0.5359375 0.0546875 0.0640625
0 0.87421875 0.56484375 0.04921875 0.05234375
0 0.7953125 0.5921875 0.04453125 0.04765625
0 0.56796875 0.665625 0.075 0.0609375
0 0.4953125 0.69140625 0.0578125 0.0671875
0 0.42109375 0.709375 0.0625 0.0703125
0 0.34140625 0.73828125 0.0625 0.0703125
0 0.26640625 0.76875 0.04140625 0.04453125
0 0.19140625 0.7859375 0.0578125 0.0640625
0 0.11015625 0.81171875 0.0796875 0.0671875
0 0.03984375 0.83515625 0.0578125 0.0671875
0 0.18984375 0.7203125 0.0640625 0.0671875
0 0.25546875 0.70078125 0.04140625 0.04296875
0 0.33203125 0.67578125 0.04453125 0.03984375
0 0.48125 0.6203125 0.05625 0.059375
0 0.0375 0.76953125 0.05234375 0.05234375
0 0.415625 0.64921875 0.04140625 0.03671875
0 0.6359375 0.57265625 0.04453125 0.05234375
0 0.71171875 0.546875 0.06875 0.065625
0 0.86796875 0.4921875 0.0625 0.0671875
0 0.99453125 0.4390625 0.0109375 0.04765625
0 0.56015625 0.6 0.06875 0.065625
0 0.68359375 0.95859375 0.0609375 0.0578125
0 0.9875 0.3375 0.025 0.046875
0 0.92421875 0.37109375 0.06875 0.0640625
0 0.85 0.39609375 0.0578125 0.0671875
0 0.77890625 0.41875 0.065625 0.04765625
0 0.6984375 0.43984375 0.0640625 0.059375
0 0.6203125 0.471875 0.05234375 0.059375
0 0.55078125 0.4921875 0.0734375 0.0734375
0 0.4703125 0.5203125 0.04921875 0.04765625
0 0.39765625 0.54453125 0.0546875 0.0609375
0 0.3265625 0.57421875 0.05625 0.05625
0 0.24296875 0.58515625 0.0640625 0.071875
0 0.1703125 0.6203125 0.0625 0.059375
0 0.09296875 0.63984375 0.0609375 0.0640625
0 0.021875 0.6625 0.04296875 0.059375
0 0.084375 0.57734375 0.0609375 0.05625
0 0.1578125 0.5484375 0.0703125 0.06875
0 0.23125 0.525 0.0578125 0.059375
0 0.31484375 0.49921875 0.0640625 0.065625
0 0.5328125 0.421875 0.06875 0.0765625
0 0.609375 0.396875 0.071875 0.06875
0 0.68125 0.37421875 0.04609375 0.05625
0 0.76171875 0.35078125 0.0578125 0.071875
0 0.8375 0.32578125 0.04921875 0.0640625
0 0.91328125 0.30234375 0.0625 0.071875
0 0.9765625 0.27578125 0.04609375 0.071875
0 0.678125 0.3 0.065625 0.0671875
0 0.75546875 0.27421875 0.0609375 0.071875
0 0.828125 0.246875 0.05234375 0.05625
0 0.90078125 0.2203125 0.0640625 0.0671875
0 0.9703125 0.19296875 0.059375 0.0609375
0 0.52265625 0.3453125 0.0640625 0.0671875
0 0.44765625 0.36796875 0.0609375 0.059375
0 0.3703125 0.39375 0.0640625 0.06875
0 0.30234375 0.41953125 0.04921875 0.065625
0 0.221875 0.44375 0.0703125 0.0734375
0 0.0703125 0.4859375 0.0640625 0.0765625
0 0.2859375 0.33984375 0.0640625 0.071875
0 0.13828125 0.38984375 0.03984375 0.04765625
0 0.05859375 0.4140625 0.05625 0.0609375
0 0.0078125 0.43203125 0.015625 0.04921875
0 0.36015625 0.31328125 0.05234375 0.0609375
0 0.4375 0.290625 0.0640625 0.0640625
0 0.50703125 0.26171875 0.04921875 0.0640625
0 0.59765625 0.24765625 0.0546875 0.0578125
0 0.6640625 0.21640625 0.05234375 0.059375
0 0.74140625 0.1859375 0.0703125 0.0703125
0 0.81484375 0.16640625 0.0734375 0.078125
0 0.88984375 0.1421875 0.0578125 0.0609375
0 0.9640625 0.12109375 0.06875 0.0609375
0 0.88515625 0.059375 0.0546875 0.0640625
0 0.95703125 0.0390625 0.0640625 0.071875
0 0.80703125 0.0828125 0.0609375 0.0703125
0 0.72890625 0.10703125 0.071875 0.0796875
0 0.6515625 0.13203125 0.0609375 0.065625
0 0.57734375 0.1578125 0.05625 0.0625
0 0.50234375 0.1859375 0.05625 0.0546875
0 0.4265625 0.209375 0.0578125 0.0671875
0 0.35 0.23359375 0.0703125 0.0765625
0 0.27421875 0.26171875 0.071875 0.0765625
0 0.19921875 0.27890625 0.071875 0.071875
0 0.03984375 0.2546875 0.0734375 0.0734375
0 0.11640625 0.23125 0.0609375 0.0640625
0 0.19140625 0.20234375 0.0609375 0.06875
0 0.26640625 0.18125 0.0640625 0.06875
0 0.3375 0.153125 0.05625 0.0609375
0 0.41796875 0.134375 0.04609375 0.04609375
0 0.48828125 0.10703125 0.06875 0.0640625
0 0.64453125 0.05546875 0.06875 0.071875
0 0.56796875 0.08125 0.06875 0.0765625
0 0.72109375 0.02734375 0.05625 0.0546875
0 0.7890625 0.015625 0.05 0.03125
0 0.87265625 0.00546875 0.04609375 0.0109375
0 0.55859375 0.015625 0.0671875 0.03125
0 0.6328125 0.00625 0.04765625 0.0125
0 0.48046875 0.0265625 0.0546875 0.05234375
0 0.409375 0.0515625 0.0625 0.065625
0 0.328125 0.071875 0.05234375 0.0578125
0 0.253125 0.10078125 0.05234375 0.0578125
0 0.17890625 0.12578125 0.0640625 0.06875
0 0.103125 0.15390625 0.071875 0.0703125
0 0.0234375 0.17734375 0.04609375 0.0609375
0 0.0875 0.0703125 0.0734375 0.0765625
0 0.1703125 0.0484375 0.0625 0.065625
0 0.24140625 0.02734375 0.04765625 0.04765625
0 0.31875 0.0109375 0.05 0.021875
0 0.0203125 0.1 0.03984375 0.05625
0 0.0734375 0.0125 0.065625 0.025
0 0.01484375 0.01953125 0.0296875 0.0390625
0 0.0484375 0.3296875 0.05234375 0.05234375
0 0.12265625 0.3125 0.04140625 0.04765625
0 0.01484375 0.596875 0.0296875 0.0625
0 0.10234375 0.74375 0.06875 0.065625
0 0.93046875 0.47578125 0.02734375 0.03515625
0 0.1421875 0.4671875 0.04765625 0.03984375