0 0.178125 0.13046875 0.06640625 0.06796875
0 0.1875 0.228125 0.06640625 0.07734375
0 0.19453125 0.30625 0.071875 0.0734375
0 0.20390625 0.403125 0.0828125 0.08515625
0 0.3046875 0.36875 0.08515625 0.0921875
0 0.26796875 0.1828125 0.08671875 0.0984375
0 0.2640625 0.08203125 0.06015625 0.046875
0 0.2453125 0.01953125 0.071875 0.0390625
0 0.34453125 0.0546875 0.08125 0.08671875
0 0.36640625 0.16484375 0.07578125 0.0890625
0 0.36796875 0.24921875 0.07890625 0.07890625
0 0.390625 0.3421875 0.07890625 0.08515625
0 0.40390625 0.4328125 0.07578125 0.06953125
0 0.41640625 0.52734375 0.0625 0.06953125
0 0.42578125 0.62734375 0.08125 0.08125
0 0.4359375 0.71875 0.07578125 0.0828125
0 0.23984375 0.58515625 0.08671875 0.090625
0 0.34375 0.65390625 0.09453125 0.09609375
0 0.32109375 0.56640625 0.071875 0.071875
0 0.01796875 0.0421875 0.0359375 0.06953125
0 0.01953125 0.109375 0.0390625 0.065625
0 0.02734375 0.18359375 0.0546875 0.0734375
0 0.02890625 0.27265625 0.0578125 0.0890625
0 0.02421875 0.428125 0.0484375 0.0625
0 0.03671875 0.51328125 0.0734375 0.071875
0 0.0453125 0.58203125 0.07578125 0.08515625
0 0.0640625 0.67421875 0.0640625 0.0734375
0 0.08203125 0.75 0.0734375 0.1078125
0 0.096875 0.81796875 0.07734375 0.06640625
0 0.01328125 0.67734375 0.0265625 0.06796875
0 0.0234375 0.7640625 0.046875 0.071875
0 0.03125 0.84453125 0.0625 0.0734375
0 0.04453125 0.9171875 0.0359375 0.0625
0 0.1046875 0.9015625 0.06953125 0.090625
0 0.10625 0.97421875 0.06640625 0.05078125
0 0.06328125 0.98671875 0.0546875 0.0265625
0 0.4390625 0.0375 0.071875 0.075
0 0.4484375 0.13125 0.05859375 0.05859375
0 0.46640625 0.228125 0.06796875 0.07578125
0 0.46953125 0.30625 0.0640625 0.0734375
0 0.490625 0.409375 0.06796875 0.08671875
0 0.50078125 0.5015625 0.0625 0.07578125
0 0.57734375 0.4671875 0.08125 0.0890625
0 0.5765625 0.3765625 0.08125 0.0890625
0 0.5609375 0.28671875 0.06953125 0.07890625
0 0.5484375 0.19453125 0.06953125 0.07578125
0 0.5453125 0.1015625 0.0828125 0.08671875
0 0.52421875 0.02265625 0.0828125 0.0453125
0 0.71875 0.0453125 0.0828125 0.08671875
0 0.63359375 0.0859375 0.0625 0.0734375
0 0.63203125 0.17109375 0.06640625 0.0734375
0 0.7265625 0.140625 0.07890625 0.0890625
0 0.7375 0.23046875 0.07578125 0.07890625
0 0.64375 0.253125 0.08125 0.07734375
0 0.6625 0.3515625 0.090625 0.10390625
0 0.74375 0.3234375 0.09453125 0.08515625
0 0.77578125 0.409375 0.08125 0.08671875
0 0.67890625 0.44609375 0.06640625 0.07734375
0 0.69609375 0.53515625 0.09453125 0.07734375
0 0.7875 0.5171875 0.08125 0.09453125
0 0.80078125 0.028125 0.07734375 0.05625
0 0.88828125 0.01484375 0.0828125 0.0296875
0 0.90390625 0.07734375 0.0828125 0.0828125
0 0.978125 0.05078125 0.04375 0.08671875
0 0.9875 0.146875 0.02421875 0.0828125
0 0.91875 0.17265625 0.09453125 0.08515625
0 0.82421875 0.1984375 0.08671875 0.0828125
0 0.846875 0.28671875 0.0828125 0.07890625
0 0.93046875 0.2578125 0.090625 0.08515625
0 0.94375 0.3625 0.06796875 0.08671875
0 0.853125 0.38203125 0.07890625 0.08125
0 0.8640625 0.4859375 0.0828125 0.08125
0 0.88203125 0.5734375 0.08125 0.08671875
0 0.79375 0.6 0.08125 0.0828125
0 0.9546875 0.44375 0.090625 0.0828125
0 0.965625 0.5328125 0.06875 0.090625
0 0.9890625 0.23515625 0.021875 0.0828125
0 0.51015625 0.5890625 0.08125 0.07890625
0 0.528125 0.6890625 0.08671875 0.0828125
0 0.6109375 0.66015625 0.0828125 0.090625
0 0.62578125 0.7578125 0.06640625 0.07734375
0 0.7171875 0.72578125 0.08671875 0.0890625
0 0.80625 0.6984375 0.08125 0.090625
0 0.8984375 0.66953125 0.0828125 0.109375
0 0.965625 0.64296875 0.06875 0.0953125
0 0.978125 0.72890625 0.04375 0.09609375
0 0.9109375 0.76875 0.071875 0.0890625
0 0.81953125 0.7890625 0.07734375 0.07578125
0 0.7265625 0.8171875 0.06640625 0.0828125
0 0.63046875 0.84921875 0.07578125 0.090625
0 0.53984375 0.78359375 0.090625 0.109375
0 0.44453125 0.80625 0.1 0.0890625
0 0.2484375 0.77265625 0.0921875 0.0890625
0 0.26953125 0.8640625 0.071875 0.0828125
0 0.278125 0.96484375 0.08125 0.06953125
0 0.37421875 0.93984375 0.0625 0.090625
0 0.3625 0.846875 0.06796875 0.06796875
0 0.46796875 0.9078125 0.0828125 0.0828125
0 0.54921875 0.88046875 0.07578125 0.08515625
0 0.46640625 0.98203125 0.07890625 0.0359375
0 0.5671875 0.95859375 0.0890625 0.0828125
0 0.65 0.95390625 0.06640625 0.0921875
0 0.7453125 0.9265625 0.07890625 0.0828125
0 0.8421875 0.89140625 0.08515625 0.0890625
0 0.92421875 0.8546875 0.071875 0.0828125
0 0.9890625 0.81953125 0.021875 0.0890625
0 0.9890625 0.9171875 0.021875 0.078125
0 0.93671875 0.946875 0.07734375 0.07890625
0 0.84296875 0.965625 0.0953125 0.06875
0 0.75078125 0.9796875 0.0921875 0.040625
0 0.05546875 0.340625 0.05859375 0.0546875
0 0.01875 0.36328125 0.0375 0.05078125