0 0.89765625 0.053125 0.0859375 0.075
0 0.96640625 0.090625 0.0671875 0.071875
0 0.95 0.16640625 0.075 0.0671875
0 0.8828125 0.14140625 0.0625 0.0703125
0 0.94140625 0.23671875 0.0765625 0.0671875
0 0.86171875 0.29140625 0.0640625 0.0671875
0 0.82421875 0.04296875 0.0609375 0.0546875
0 0.80703125 0.115625 0.0734375 0.065625
0 0.79765625 0.19453125 0.0671875 0.0609375
0 0.86875 0.2171875 0.065625 0.06875
0 0.7921875 0.26796875 0.071875 0.0671875
0 0.7140625 0.23984375 0.0625 0.0734375
0 0.696875 0.31875 0.06875 0.06875
0 0.63046875 0.2984375 0.0578125 0.05
0 0.559375 0.27578125 0.075 0.0734375
0 0.73828125 0.09375 0.0765625 0.071875
0 0.66328125 0.06640625 0.0640625 0.0546875
0 0.58046875 0.04765625 0.0734375 0.0640625
0 0.57734375 0.121875 0.0734375 0.0625
0 0.65 0.1453125 0.053125 0.05625
0 0.7265625 0.16484375 0.071875 0.0640625
0 0.6375 0.221875 0.075 0.06875
0 0.74921875 0.0265625 0.0640625 0.053125
0 0.51015625 0.02734375 0.0640625 0.0546875
0 0.50703125 0.09921875 0.0796875 0.0734375
0 0.49375 0.17421875 0.065625 0.0671875
0 0.565625 0.2 0.071875 0.071875
0 0.36015625 0.04453125 0.0671875 0.0734375
0 0.41796875 0.16015625 0.0765625 0.0703125
0 0.55078125 0.84375 0.0703125 0.06875
0 0.69609375 0.88828125 0.0671875 0.0640625
0 0.7703125 0.91171875 0.075 0.0734375
0 0.84765625 0.93671875 0.0703125 0.0671875
0 0.85546875 0.86328125 0.0546875 0.0546875
0 0.78671875 0.83671875 0.0671875 0.0640625
0 0.709375 0.8046875 0.065625 0.0671875
0 0.7125 0.73828125 0.059375 0.0609375
0 0.646875 0.70390625 0.08125 0.0796875
0 0.56484375 0.759375 0.0578125 0.05625
0 0.49765625 0.7421875 0.06875 0.0671875
0 0.48203125 0.8140625 0.0671875 0.08125
0 0.4625 0.890625 0.065625 0.06875
0 0.540625 0.909375 0.065625 0.053125
0 0.6125 0.93828125 0.071875 0.0640625
0 0.68984375 0.959375 0.0734375 0.075
0 0.8140625 0.60703125 0.065625 0.0640625
0 0.80703125 0.68515625 0.0734375 0.0734375
0 0.79296875 0.75 0.0703125 0.0671875
0 0.86328125 0.7828125 0.0609375 0.05625
0 0.9421875 0.8 0.06875 0.059375
0 0.93671875 0.8890625 0.0640625 0.065625
0 0.96171875 0.65625 0.0671875 0.071875
0 0.9609375 0.7296875 0.0625 0.0671875
0 0.89140625 0.63203125 0.0703125 0.0765625
0 0.87890625 0.70390625 0.0703125 0.0640625
0 0.34453125 0.13125 0.0703125 0.06875
0 0.3296875 0.20703125 0.065625 0.0609375
0 0.40546875 0.234375 0.0734375 0.0625
0 0.4765625 0.25234375 0.0625 0.0578125
0 0.47109375 0.33203125 0.0640625 0.0609375
0 0.4078125 0.309375 0.059375 0.0625
0 0.3234375 0.28828125 0.078125 0.0671875
0 0.38828125 0.375 0.0578125 0.0625
0 0.465625 0.3984375 0.059375 0.0625
0 0.5359375 0.4171875 0.053125 0.053125
0 0.5421875 0.35703125 0.0625 0.0640625
0 0.61484375 0.3765625 0.0671875 0.065625
0 0.61015625 0.43359375 0.0609375 0.0609375
0 0.67734375 0.459375 0.0734375 0.065625
0 0.69453125 0.390625 0.0640625 0.0625
0 0.92421875 0.3875 0.0578125 0.0625
0 0.8484375 0.36328125 0.06875 0.0546875
0 0.778125 0.34453125 0.059375 0.0640625
0 0.7625 0.41875 0.059375 0.05625
0 0.765625 0.48203125 0.071875 0.0578125
0 0.83515625 0.50625 0.0734375 0.053125
0 0.85546875 0.44296875 0.0546875 0.0640625
0 0.915625 0.4671875 0.065625 0.065625
0 0.90078125 0.53359375 0.046875 0.0578125
0 0.975 0.55625 0.05 0.065625
0 0.98125 0.42265625 0.0375 0.0734375
0 0.9875 0.3421875 0.025 0.053125
0 0.27890625 0.02890625 0.0578125 0.0515625
0 0.2125 0.025 0.06875 0.05
0 0.14140625 0.015625 0.0765625 0.03125
0 0.12109375 0.06484375 0.0546875 0.0578125
0 0.11171875 0.13203125 0.0640625 0.06875
0 0.18203125 0.16171875 0.0640625 0.0734375
0 0.2625 0.17578125 0.059375 0.0609375
0 0.1828125 0.2375 0.078125 0.06875
0 0.16640625 0.30078125 0.0734375 0.0703125
0 0.23671875 0.3296875 0.0578125 0.05625
0 0.0484375 0.0375 0.075 0.075
0 0.03984375 0.11328125 0.0765625 0.0703125
0 0.0296875 0.1890625 0.059375 0.075
0 0.025 0.25234375 0.05 0.0578125
0 0.09609375 0.21640625 0.0484375 0.0515625
0 0.09765625 0.28046875 0.0609375 0.0609375
0 0.01796875 0.34921875 0.0359375 0.0671875
0 0.0203125 0.41953125 0.0375 0.0640625
0 0.065625 0.38203125 0.078125 0.0609375
0 0.0796875 0.446875 0.053125 0.05625
0 0.1484375 0.41171875 0.0625 0.0640625
0 0.146875 0.4703125 0.05625 0.05625
0 0.52890625 0.9765625 0.0671875 0.046875
0 0.45546875 0.9671875 0.0640625 0.065625
0 0.378125 0.984375 0.05625 0.03125
0 0.38359375 0.946875 0.0359375 0.034375
0 0.31015625 0.91875 0.0671875 0.0625
0 0.3203125 0.84453125 0.078125 0.0734375
0 0.33046875 0.7703125 0.0578125 0.05625
0 0.403125 0.80234375 0.04375 0.0515625
0 0.4140625 0.71171875 0.053125 0.0484375
0 0.3390625 0.6921875 0.071875 0.078125
0 0.59453125 0.5375 0.0609375 0.065625
0 0.58984375 0.60625 0.0609375 0.05
0 0.50859375 0.58515625 0.0703125 0.0703125
0 0.5171875 0.5203125 0.059375 0.05625
0 0.44765625 0.4984375 0.0734375 0.065625
0 0.440625 0.56171875 0.05625 0.04375
0 0.36953125 0.47421875 0.0578125 0.0734375
0 0.3 0.44921875 0.078125 0.0609375
0 0.2203125 0.42734375 0.065625 0.0734375
0 0.22578125 0.50390625 0.0734375 0.0765625
0 0.29140625 0.5203125 0.0578125 0.0625
0 0.1328125 0.546875 0.071875 0.071875
0 0.05546875 0.52734375 0.0609375 0.0609375
0 0.121875 0.6265625 0.059375 0.065625
0 0.1171875 0.703125 0.06875 0.0625
0 0.03828125 0.66640625 0.0640625 0.0734375
0 0.0234375 0.74609375 0.046875 0.0546875
0 0.0953125 0.77265625 0.059375 0.0609375
0 0.08046875 0.85078125 0.0734375 0.0703125
0 0.02578125 0.8359375 0.0515625 0.078125
0 0.015625 0.91015625 0.03125 0.0546875
0 0.0796875 0.921875 0.059375 0.06875
0 0.14453125 0.953125 0.0609375 0.071875
0 0.1625 0.875 0.05 0.053125
0 0.23203125 0.8984375 0.0578125 0.0625
0 0.25 0.81953125 0.0625 0.0703125
0 0.25625 0.7421875 0.08125 0.078125
0 0.35078125 0.6171875 0.0546875 0.0671875
0 0.50625 0.66328125 0.05 0.0609375
0 0.4265625 0.64296875 0.053125 0.0578125
0 0.7421875 0.5828125 0.0625 0.05625
0 0.73515625 0.659375 0.0703125 0.0671875
0 0.3 0.98203125 0.0625 0.0359375
0 0.22109375 0.97265625 0.046875 0.0453125
0 0.06484375 0.984375 0.0484375 0.03125
0 0.66484375 0.57421875 0.0609375 0.059375
0 0.36328125 0.54375 0.0609375 0.059375
0 0.44140625 0.01640625 0.0609375 0.0328125
0 0.66640625 0.01328125 0.0671875 0.0265625
0 0.9703125 0.0234375 0.059375 0.046875
0 0.984375 0.97578125 0.03125 0.0484375
0 0.98515625 0.90546875 0.0296875 0.0703125