0 0.896875 0.703125 0.06484375 0.08046875
0 0.72734375 0.68515625 0.08046875 0.06953125
0 0.81875 0.6890625 0.053125 0.0546875
0 0.80625 0.7640625 0.0609375 0.05625
0 0.8859375 0.78671875 0.06328125 0.06484375
0 0.875 0.86328125 0.04375 0.0546875
0 0.95 0.87578125 0.07421875 0.06484375
0 0.93515625 0.95 0.06796875 0.06796875
0 0.8640625 0.94140625 0.059375 0.06640625
0 0.77890625 0.93125 0.06796875 0.06328125
0 0.96328125 0.7953125 0.0546875 0.06484375
0 0.98046875 0.715625 0.0390625 0.05625
0 0.93125 0.428125 0.053125 0.05625
0 0.8640625 0.41171875 0.06640625 0.06328125
0 0.778125 0.40546875 0.059375 0.06640625
0 0.7015625 0.390625 0.06796875 0.0609375
0 0.6140625 0.38984375 0.06640625 0.059375
0 0.53984375 0.36875 0.06328125 0.06640625
0 0.459375 0.35625 0.06796875 0.06484375
0 0.44453125 0.43203125 0.0484375 0.0546875
0 0.52578125 0.44609375 0.0578125 0.059375
0 0.596875 0.459375 0.06796875 0.07109375
0 0.67578125 0.46640625 0.07265625 0.06796875
0 0.76015625 0.4765625 0.05625 0.05625
0 0.83828125 0.48203125 0.06953125 0.06796875
0 0.92109375 0.49765625 0.06484375 0.06640625
0 0.984375 0.50546875 0.03046875 0.07578125
0 0.9734375 0.5921875 0.053125 0.06796875
0 0.90625 0.57734375 0.07734375 0.07421875
0 0.82265625 0.565625 0.06796875 0.07265625
0 0.7484375 0.56015625 0.06484375 0.06328125
0 0.66015625 0.546875 0.06953125 0.06796875
0 0.9609375 0.34765625 0.0515625 0.05625
0 0.878125 0.33203125 0.0546875 0.05
0 0.79140625 0.321875 0.059375 0.059375
0 0.71640625 0.31484375 0.0484375 0.0546875
0 0.6390625 0.30859375 0.06484375 0.06640625
0 0.5578125 0.29453125 0.07421875 0.07265625
0 0.73984375 0.23828125 0.07421875 0.06953125
0 0.81640625 0.24375 0.0578125 0.0578125
0 0.89296875 0.25859375 0.06640625 0.07265625
0 0.971875 0.26796875 0.05625 0.06484375
0 0.99296875 0.1140625 0.0140625 0.065625
0 0.9296875 0.10234375 0.05625 0.05
0 0.91171875 0.17890625 0.059375 0.06484375
0 0.98359375 0.19921875 0.03203125 0.05
0 0.95390625 0.028125 0.05625 0.05625
0 0.8546875 0.08984375 0.0609375 0.06328125
0 0.8328125 0.16796875 0.06328125 0.0578125
0 0.75390625 0.1546875 0.059375 0.0578125
0 0.66875 0.15390625 0.06953125 0.07265625
0 0.6546875 0.228125 0.0578125 0.06484375
0 0.79453125 0.0171875 0.07578125 0.03359375
0 0.7734375 0.084375 0.05625 0.05625
0 0.69296875 0.06953125 0.06953125 0.06484375
0 0.70546875 0.0109375 0.0609375 0.021875
0 0.62890625 0.0078125 0.0640625 0.015625
0 0.6109375 0.06171875 0.0484375 0.05
0 0.5984375 0.14375 0.0578125 0.0578125
0 0.5734375 0.2203125 0.06640625 0.06484375
0 0.496875 0.2046875 0.06796875 0.06796875
0 0.51953125 0.13046875 0.0609375 0.0578125
0 0.53203125 0.06015625 0.0609375 0.07265625
0 0.5515625 0.0109375 0.078125 0.021875
0 0.6296875 0.82890625 0.059375 0.06796875
0 0.61328125 0.915625 0.06796875 0.07265625
0 0.53515625 0.9 0.0546875 0.07109375
0 0.5453125 0.81328125 0.0578125 0.06796875
0 0.46171875 0.8046875 0.06328125 0.0578125
0 0.48828125 0.73984375 0.04375 0.05
0 0.5671875 0.65703125 0.06328125 0.06328125
0 0.65390625 0.68359375 0.059375 0.0578125
0 0.64375 0.7515625 0.0546875 0.0578125
0 0.52265625 0.978125 0.0484375 0.04375
0 0.4453125 0.96328125 0.075 0.0734375
0 0.4515625 0.88203125 0.06796875 0.06796875
0 0.371875 0.8890625 0.06640625 0.06484375
0 0.36171875 0.95625 0.06953125 0.07421875
0 0.30234375 0.8703125 0.06953125 0.06953125
0 0.31328125 0.784375 0.07421875 0.07578125
0 0.3859375 0.7984375 0.07265625 0.07734375
0 0.409375 0.72890625 0.0546875 0.0609375
0 0.41796875 0.64765625 0.07421875 0.07578125
0 0.49609375 0.65234375 0.07109375 0.06953125
0 0.9921875 0.9640625 0.015625 0.071875
0 0.84921875 0.9875 0.0484375 0.025
0 0.215625 0.859375 0.06640625 0.06484375
0 0.334375 0.63359375 0.06953125 0.06484375
0 0.2515625 0.62109375 0.06484375 0.06953125
0 0.16796875 0.6109375 0.06953125 0.0578125
0 0.09609375 0.59375 0.06953125 0.07421875
0 0.02109375 0.5953125 0.0421875 0.06796875
0 0.16015625 0.69296875 0.06953125 0.06953125
0 0.15 0.7734375 0.0578125 0.059375
0 0.1328125 0.8484375 0.059375 0.0578125
0 0.0546875 0.8359375 0.06484375 0.06640625
0 0.04453125 0.91640625 0.059375 0.06484375
0 0.1234375 0.92578125 0.06328125 0.06796875
0 0.209375 0.93828125 0.07734375 0.07578125
0 0.1046875 0.98203125 0.07734375 0.03515625
0 0.3265625 0.4953125 0.06953125 0.06796875
0 0.4265625 0.52109375 0.06953125 0.07109375
0 0.49921875 0.52265625 0.07265625 0.06796875
0 0.58203125 0.534375 0.06484375 0.07578125
0 0.43359375 0.03515625 0.06484375 0.0609375
0 0.36640625 0.0328125 0.053125 0.05625
0 0.30859375 0.0265625 0.05625 0.0484375
0 0.2296875 0.02734375 0.06953125 0.0546875
0 0.15546875 0.02109375 0.06328125 0.0421875
0 0.07421875 0.0140625 0.07421875 0.02734375
0 0.05234375 0.08046875 0.059375 0.0609375
0 0.13828125 0.08984375 0.06640625 0.06328125
0 0.215625 0.09453125 0.05625 0.05
0 0.203125 0.17265625 0.0578125 0.0609375
0 0.41328125 0.11796875 0.0515625 0.0484375
0 0.35546875 0.115625 0.059375 0.05
0 0.29296875 0.10625 0.06328125 0.07421875
0 0.39609375 0.19609375 0.053125 0.053125
0 0.340625 0.18828125 0.0421875 0.053125
0 0.27421875 0.184375 0.0546875 0.06953125
0 0.2578125 0.26171875 0.0609375 0.06953125
0 0.3171875 0.259375 0.040625 0.0578125
0 0.375 0.271875 0.06953125 0.07421875
0 0.36015625 0.34921875 0.06640625 0.06640625
0 0.3390625 0.43203125 0.06796875 0.08046875
0 0.2859375 0.34296875 0.053125 0.06953125
0 0.22421875 0.328125 0.07421875 0.06640625
0 0.21875 0.40546875 0.06640625 0.06640625
0 0.271875 0.41875 0.05625 0.059375
0 0.16796875 0.2515625 0.07421875 0.08046875
0 0.1171875 0.16875 0.059375 0.059375
0 0.0359375 0.1515625 0.071875 0.06875
0 0.02578125 0.2328125 0.0515625 0.053125
0 0.096875 0.24296875 0.06796875 0.07421875
0 0.07421875 0.3265625 0.07421875 0.06328125
0 0.0140625 0.3109375 0.02734375 0.06484375
0 0.0078125 0.38203125 0.015625 0.0453125
0 0.0546875 0.39765625 0.07421875 0.07578125
0 0.13359375 0.396875 0.090625 0.08046875
0 0.15703125 0.32734375 0.04375 0.0484375
0 0.11640625 0.4859375 0.0546875 0.059375
0 0.03984375 0.47265625 0.07265625 0.07421875
0 0.19296875 0.4890625 0.08515625 0.08046875
0 0.2796875 0.95703125 0.05625 0.06640625
0 0.01015625 0.74609375 0.0203125 0.0640625
0 0.61328125 0.98359375 0.0546875 0.03203125
0 0.77890625 0.83984375 0.0546875 0.059375
0 0.0765625 0.675 0.06953125 0.059375