0 0.221875 0.42578125 0.08828125 0.08828125
0 0.196875 0.27734375 0.07421875 0.06953125
0 0.1984375 0.34921875 0.040625 0.04375
0 0.28203125 0.3296875 0.07265625 0.06640625
0 0.296875 0.396875 0.0609375 0.0640625
0 0.3109375 0.4875 0.05625 0.059375
0 0.3140625 0.57578125 0.0796875 0.0765625
0 0.2359375 0.515625 0.0640625 0.0640625
0 0.24453125 0.59296875 0.06640625 0.06796875
0 0.1625 0.628125 0.07421875 0.0796875
0 0.17265625 0.7125 0.078125 0.0796875
0 0.2609375 0.76328125 0.07421875 0.09296875
0 0.19140625 0.79140625 0.07109375 0.0640625
0 0.10546875 0.80625 0.06796875 0.0796875
0 0.10078125 0.73359375 0.06640625 0.06796875
0 0.246875 0.6828125 0.06796875 0.05390625
0 0.33203125 0.64765625 0.07109375 0.07265625
0 0.41796875 0.62734375 0.07265625 0.07265625
0 0.49140625 0.60078125 0.078125 0.07265625
0 0.51015625 0.68359375 0.07109375 0.06953125
0 0.42890625 0.7171875 0.08828125 0.06796875
0 0.4421875 0.79140625 0.0578125 0.0578125
0 0.51796875 0.76953125 0.06953125 0.0640625
0 0.5375 0.8484375 0.078125 0.06953125
0 0.45625 0.8859375 0.07421875 0.0828125
0 0.46171875 0.96171875 0.08671875 0.0765625
0 0.54296875 0.93671875 0.06953125 0.06640625
0 0.55859375 0.98046875 0.0765625 0.0390625
0 0.61796875 0.91015625 0.06640625 0.0578125
0 0.640625 0.97265625 0.05390625 0.05390625
0 0.7140625 0.953125 0.06640625 0.059375
0 0.6984375 0.88125 0.06796875 0.06796875
0 0.6828125 0.78984375 0.07109375 0.07109375
0 0.61953125 0.82734375 0.06953125 0.06796875
0 0.35703125 0.81953125 0.06953125 0.05625
0 0.2734375 0.84453125 0.07265625 0.0625
0 0.29296875 0.9234375 0.07109375 0.078125
0 0.29921875 0.98671875 0.0765625 0.0265625
0 0.3859375 0.97421875 0.0765625 0.05078125
0 0.20234375 0.87890625 0.0765625 0.06953125
0 0.21015625 0.95703125 0.08125 0.0765625
0 0.12578125 0.97421875 0.0640625 0.05078125
0 0.1203125 0.90390625 0.07421875 0.06953125
0 0.04609375 0.92265625 0.084375 0.0828125
0 0.03125 0.8421875 0.0625 0.07421875
0 0.02109375 0.76640625 0.0421875 0.0578125
0 0.01796875 0.68046875 0.0359375 0.05625
0 0.08046875 0.65 0.059375 0.05625
0 0.04765625 0.98671875 0.0734375 0.0265625
0 0.1515625 0.0375 0.0765625 0.0640625
0 0.07265625 0.0640625 0.0609375 0.0609375
0 0.10390625 0.146875 0.07265625 0.07265625
0 0.17109375 0.12265625 0.07109375 0.0765625
0 0.25703125 0.0984375 0.07265625 0.0609375
0 0.23984375 0.02890625 0.07265625 0.0578125
0 0.32890625 0.01875 0.0640625 0.0375
0 0.340625 0.06640625 0.0640625 0.07109375
0 0.41875 0.04140625 0.05078125 0.06640625
0 0.48984375 0.0265625 0.07421875 0.05234375
0 0.50859375 0.10859375 0.06796875 0.07109375
0 0.421875 0.13046875 0.0640625 0.0640625
0 0.4421875 0.20703125 0.0640625 0.0640625
0 0.3484375 0.1515625 0.0625 0.06640625
0 0.27265625 0.1828125 0.08125 0.0609375
0 0.26953125 0.25859375 0.0578125 0.059375
0 0.19609375 0.215625 0.06953125 0.0640625
0 0.1109375 0.22421875 0.06796875 0.078125
0 0.028125 0.25078125 0.05625 0.04375
0 0.03828125 0.31796875 0.06953125 0.06640625
0 0.11796875 0.29765625 0.059375 0.059375
0 0.3640625 0.2203125 0.05234375 0.05234375
0 0.36171875 0.29453125 0.0625 0.0640625
0 0.44140625 0.27734375 0.05234375 0.0625
0 0.53203125 0.25 0.04765625 0.04921875
0 0.45078125 0.36015625 0.0578125 0.04921875
0 0.55390625 0.32578125 0.0578125 0.04765625
0 0.46640625 0.4421875 0.0609375 0.0609375
0 0.48203125 0.52109375 0.0765625 0.06640625
0 0.384375 0.4671875 0.06796875 0.0796875
0 0.40546875 0.54765625 0.07421875 0.078125
0 0.7609375 0.08203125 0.0578125 0.05625
0 0.77109375 0.16328125 0.06796875 0.07265625
0 0.7875 0.24140625 0.06640625 0.06640625
0 0.85703125 0.22421875 0.0625 0.06640625
0 0.871875 0.303125 0.06640625 0.0640625
0 0.9421875 0.19375 0.08125 0.06640625
0 0.95234375 0.28125 0.07421875 0.09296875
0 0.96328125 0.36171875 0.07265625 0.06953125
0 0.98671875 0.021875 0.0265625 0.04375
0 0.91953125 0.03125 0.059375 0.05625
0 0.84296875 0.065625 0.06953125 0.0796875
0 0.67421875 0.12265625 0.07109375 0.0765625
0 0.68359375 0.19921875 0.0625 0.06640625
0 0.5921875 0.153125 0.0765625 0.0796875
0 0.009375 0.02109375 0.01875 0.0421875
0 0.0203125 0.09140625 0.040625 0.07109375
0 0.021875 0.17265625 0.04375 0.0578125
0 0.05703125 0.4875 0.04609375 0.0421875
0 0.1375 0.45546875 0.0578125 0.05625
0 0.15390625 0.53359375 0.0578125 0.05078125
0 0.55078125 0.4125 0.05390625 0.04609375
0 0.62734375 0.3828125 0.04375 0.04375
0 0.64453125 0.4703125 0.05078125 0.059375
0 0.5609375 0.5015625 0.0578125 0.0609375
0 0.57890625 0.58203125 0.06640625 0.0625
0 0.65234375 0.55234375 0.05390625 0.05390625
0 0.7375 0.52265625 0.04375 0.05078125
0 0.8125 0.50703125 0.059375 0.0578125
0 0.89140625 0.471875 0.0640625 0.05625
0 0.95546875 0.44296875 0.02890625 0.04609375
0 0.88828125 0.384375 0.0578125 0.0640625
0 0.7796875 0.328125 0.05390625 0.05078125
0 0.7078125 0.3578125 0.05234375 0.0375
0 0.98046875 0.5359375 0.0390625 0.07109375
0 0.98203125 0.61171875 0.0359375 0.07109375
0 0.9890625 0.7015625 0.021875 0.0640625
0 0.9265625 0.72734375 0.06640625 0.07109375
0 0.93203125 0.6359375 0.06796875 0.078125
0 0.909375 0.54765625 0.06640625 0.0609375
0 0.93828125 0.12890625 0.07265625 0.0609375
0 0.79375 0.93125 0.07265625 0.07265625
0 0.8734375 0.89765625 0.0796875 0.07265625
0 0.95859375 0.88125 0.06953125 0.07421875
0 0.86328125 0.75 0.09296875 0.0828125
0 0.7703125 0.7671875 0.06640625 0.06640625
0 0.7578125 0.69375 0.06796875 0.06640625
0 0.85390625 0.6734375 0.08125 0.0828125
0 0.82734375 0.58359375 0.07109375 0.07265625
0 0.74921875 0.60546875 0.05078125 0.0578125
0 0.6625 0.63359375 0.07109375 0.0578125
0 0.6796875 0.72421875 0.07109375 0.0765625
0 0.58203125 0.6640625 0.0625 0.05625
0 0.7875 0.85 0.0765625 0.07265625
0 0.87578125 0.83046875 0.08984375 0.06796875
0 0.9703125 0.97578125 0.059375 0.0484375
0 0.88984375 0.9890625 0.0609375 0.021875
0 0.04765625 0.39765625 0.0609375 0.04921875
0 0.85 0.1359375 0.05234375 0.0609375
0 0.3421875 0.73203125 0.0609375 0.0640625
0 0.6140625 0.3140625 0.04921875 0.059375
0 0.7078125 0.27421875 0.0640625 0.059375