0 0.40625 0.44453125 0.0703125 0.0671875
0 0.38203125 0.3671875 0.0609375 0.0625
0 0.32890625 0.45546875 0.071875 0.0671875
0 0.27265625 0.53671875 0.0671875 0.0640625
0 0.28828125 0.61171875 0.0609375 0.0671875
0 0.303125 0.675 0.059375 0.053125
0 0.32421875 0.76328125 0.0453125 0.0640625
0 0.35234375 0.8328125 0.0546875 0.05625
0 0.13359375 0.634375 0.0546875 0.065625
0 0.153125 0.71015625 0.0625 0.0671875
0 0.16953125 0.78046875 0.0421875 0.0515625
0 0.18828125 0.85390625 0.0546875 0.0515625
0 0.1140625 0.86484375 0.0625 0.0640625
0 0.08828125 0.78671875 0.0515625 0.0578125
0 0.05546875 0.63984375 0.0546875 0.0609375
0 0.0359375 0.56875 0.05625 0.05
0 0.02265625 0.490625 0.0453125 0.059375
0 0.09765625 0.48046875 0.0609375 0.0609375
0 0.11640625 0.5546875 0.0609375 0.06875
0 0.1796875 0.4734375 0.046875 0.05625
0 0.19921875 0.54609375 0.0546875 0.0546875
0 0.21015625 0.61875 0.0453125 0.05
0 0.228125 0.69765625 0.04375 0.0578125
0 0.246875 0.775 0.05625 0.065625
0 0.26640625 0.8453125 0.0484375 0.05625
0 0.2046875 0.92734375 0.059375 0.0640625
0 0.1265625 0.9390625 0.05625 0.059375
0 0.04765625 0.9421875 0.0546875 0.05625
0 0.0328125 0.878125 0.05625 0.059375
0 0.021875 0.8 0.04375 0.0625
0 0.18125 0.1515625 0.059375 0.059375
0 0.1609375 0.078125 0.0625 0.0625
0 0.14921875 0.01875 0.0578125 0.0375
0 0.075 0.01484375 0.040625 0.0296875
0 0.10546875 0.16796875 0.0546875 0.0546875
0 0.08671875 0.08828125 0.0484375 0.0515625
0 0.01640625 0.096875 0.0328125 0.0625
0 0.025 0.17265625 0.05 0.0578125
0 0.0515625 0.253125 0.046875 0.0625
0 0.08125 0.40234375 0.053125 0.0546875
0 0.0640625 0.33203125 0.05625 0.0703125
0 0.00859375 0.3421875 0.0171875 0.05
0 0.01953125 0.41328125 0.0390625 0.0703125
0 0.14375 0.32578125 0.053125 0.046875
0 0.12265625 0.25 0.0640625 0.0796875
0 0.153125 0.39765625 0.046875 0.0546875
0 0.29375 0.97578125 0.0484375 0.0453125
0 0.07265625 0.7171875 0.0515625 0.059375
0 0.24296875 0.075 0.0546875 0.05625
0 0.2578125 0.14765625 0.0625 0.06875
0 0.27578125 0.2296875 0.0578125 0.059375
0 0.2953125 0.3046875 0.075 0.06875
0 0.30703125 0.37734375 0.0578125 0.0578125
0 0.23515625 0.3890625 0.0546875 0.053125
0 0.24609375 0.459375 0.0703125 0.065625
0 0.21875 0.3203125 0.071875 0.0703125
0 0.19296875 0.2265625 0.0515625 0.0625
0 0.35703125 0.21640625 0.0640625 0.0734375
0 0.33515625 0.1390625 0.0453125 0.034375
0 0.321875 0.0671875 0.065625 0.071875
0 0.22734375 0.0109375 0.0640625 0.021875
0 0.3625 0.5984375 0.053125 0.05625
0 0.3859375 0.6734375 0.06875 0.065625
0 0.4 0.75546875 0.065625 0.0640625
0 0.3671875 0.91171875 0.053125 0.0578125
0 0.43359375 0.90078125 0.0609375 0.0578125
0 0.4546875 0.9703125 0.075 0.059375
0 0.378125 0.97421875 0.046875 0.0515625
0 0.284375 0.91953125 0.06875 0.0640625
0 0.21640625 0.98828125 0.0578125 0.0234375
0 0.1453125 0.98828125 0.0625 0.0234375
0 0.0734375 0.9875 0.053125 0.021875
0 0.39609375 0.05234375 0.0578125 0.0578125
0 0.40859375 0.1296875 0.0421875 0.046875
0 0.428125 0.21328125 0.04375 0.0421875
0 0.44453125 0.28125 0.0703125 0.06875
0 0.4625 0.35625 0.065625 0.0625
0 0.54140625 0.34921875 0.0734375 0.0734375
0 0.62109375 0.33359375 0.0609375 0.0734375
0 0.70078125 0.31796875 0.0640625 0.0734375
0 0.48359375 0.440625 0.0703125 0.06875
0 0.56171875 0.421875 0.0609375 0.0625
0 0.578125 0.496875 0.053125 0.0625
0 0.50078125 0.51171875 0.0734375 0.0765625
0 0.51640625 0.59375 0.0734375 0.0625
0 0.4609375 0.65625 0.06875 0.0625
0 0.471875 0.74296875 0.053125 0.0546875
0 0.55546875 0.73125 0.0546875 0.046875
0 0.63359375 0.72421875 0.0640625 0.0640625
0 0.5171875 0.88515625 0.05625 0.0515625
0 0.53515625 0.9640625 0.0609375 0.06875
0 0.60234375 0.94921875 0.0640625 0.0703125
0 0.5875 0.87421875 0.05625 0.0609375
0 0.67890625 0.86875 0.0671875 0.065625
0 0.68984375 0.94765625 0.0578125 0.0578125
0 0.65625 0.7953125 0.0671875 0.059375
0 0.7328125 0.78359375 0.034375 0.0421875
0 0.7078125 0.70703125 0.0625 0.0609375
0 0.778125 0.7015625 0.0625 0.059375
0 0.78984375 0.77109375 0.0484375 0.0515625
0 0.74375 0.865625 0.05 0.059375
0 0.4890625 0.1125 0.071875 0.059375
0 0.5015625 0.18984375 0.0859375 0.0734375
0 0.578125 0.18359375 0.046875 0.0546875
0 0.565625 0.11328125 0.059375 0.0546875
0 0.54375 0.0359375 0.046875 0.05
0 0.62109375 0.028125 0.0609375 0.05625
0 0.65390625 0.10390625 0.0578125 0.0515625
0 0.4671875 0.0453125 0.059375 0.059375
0 0.60078125 0.57265625 0.0765625 0.0671875
0 0.61953125 0.64765625 0.0671875 0.0671875
0 0.53515625 0.65546875 0.0609375 0.0671875
0 0.65390625 0.484375 0.0578125 0.053125
0 0.6765625 0.5578125 0.05625 0.059375
0 0.7359375 0.4703125 0.065625 0.065625
0 0.7421875 0.55078125 0.053125 0.0546875
0 0.76484375 0.62890625 0.0609375 0.0546875
0 0.5265625 0.2828125 0.053125 0.05625
0 0.60234375 0.265625 0.0734375 0.0484375
0 0.73203125 0.028125 0.0515625 0.05
0 0.74921875 0.08671875 0.04375 0.0390625
0 0.765625 0.15078125 0.053125 0.0578125
0 0.784375 0.21875 0.053125 0.06875
0 0.79765625 0.28515625 0.0546875 0.0609375
0 0.81484375 0.35625 0.0578125 0.0625
0 0.82578125 0.4140625 0.0515625 0.053125
0 0.803125 0.02109375 0.065625 0.0421875
0 0.82734375 0.1328125 0.0609375 0.0625
0 0.846875 0.19453125 0.053125 0.053125
0 0.86484375 0.26484375 0.0578125 0.0671875
0 0.87109375 0.32265625 0.0609375 0.0578125
0 0.890625 0.390625 0.06875 0.0703125
0 0.9046875 0.4546875 0.053125 0.065625
0 0.84296875 0.47578125 0.0765625 0.0671875
0 0.85625 0.540625 0.0625 0.05625
0 0.9171875 0.5265625 0.059375 0.059375
0 0.97421875 0.50078125 0.0515625 0.0828125
0 0.9671875 0.43515625 0.065625 0.0640625
0 0.95546875 0.37265625 0.0671875 0.0515625
0 0.93203125 0.84375 0.0671875 0.06875
0 0.9109375 0.7859375 0.046875 0.040625
0 0.8921875 0.7296875 0.05625 0.059375
0 0.88828125 0.6640625 0.0578125 0.053125
0 0.86484375 0.596875 0.0640625 0.059375
0 0.9359375 0.5796875 0.065625 0.05625
0 0.96328125 0.70078125 0.0671875 0.0640625
0 0.96875 0.76640625 0.0625 0.0546875
0 0.9859375 0.82890625 0.028125 0.0546875
0 0.9859375 0.88359375 0.028125 0.0546875
0 0.946875 0.0453125 0.065625 0.059375
0 0.88515625 0.05078125 0.0578125 0.0609375
0 0.8921875 0.11953125 0.05625 0.0578125
0 0.953125 0.09921875 0.0625 0.0578125
0 0.98046875 0.16015625 0.0390625 0.0546875
0 0.9015625 0.17421875 0.059375 0.0578125
0 0.921875 0.23984375 0.06875 0.0578125
0 0.96953125 0.2203125 0.0578125 0.065625
0 0.93671875 0.30546875 0.0703125 0.0546875
0 0.98203125 0.28828125 0.0359375 0.0671875
0 0.42265625 0.82421875 0.0640625 0.0546875
0 0.0140625 0.72109375 0.028125 0.0671875