0 0.21953125 0.03125 0.0828125 0.0625
0 0.1453125 0.06171875 0.06640625 0.0859375
0 0.059375 0.090625 0.0703125 0.08046875
0 0.00859375 0.11015625 0.0171875 0.06640625
0 0.4171875 0.14453125 0.075 0.075
0 0.409375 0.05390625 0.0765625 0.0875
0 0.6703125 0.059375 0.075 0.08046875
0 0.67890625 0.1484375 0.075 0.0734375
0 0.6953125 0.2265625 0.071875 0.08203125
0 0.33828125 0.16796875 0.06796875 0.0703125
0 0.35234375 0.2546875 0.05078125 0.0609375
0 0.36015625 0.340625 0.059375 0.0734375
0 0.378125 0.4234375 0.06796875 0.08046875
0 0.390625 0.51015625 0.05078125 0.0609375
0 0.2671875 0.2859375 0.08359375 0.07890625
0 0.28203125 0.3609375 0.06796875 0.071875
0 0.29609375 0.45546875 0.071875 0.075
0 0.078125 0.16484375 0.071875 0.0703125
0 0.0875 0.2546875 0.06640625 0.07890625
0 0.103125 0.33671875 0.059375 0.075
0 0.1125 0.4203125 0.071875 0.075
0 0.128125 0.50703125 0.075 0.0734375
0 0.14609375 0.59453125 0.06796875 0.0734375
0 0.153125 0.67578125 0.071875 0.071875
0 0.16328125 0.7484375 0.05078125 0.05234375
0 0.071875 0.7078125 0.0765625 0.08359375
0 0.0484375 0.53828125 0.06484375 0.06640625
0 0.03515625 0.446875 0.0703125 0.07890625
0 0.0296875 0.36796875 0.059375 0.075
0 0.02109375 0.2796875 0.0421875 0.0734375
0 0.015625 0.1921875 0.03125 0.06640625
0 0.17734375 0.2234375 0.06796875 0.0703125
0 0.18515625 0.30625 0.059375 0.06640625
0 0.1984375 0.39453125 0.0578125 0.0609375
0 0.20859375 0.47734375 0.0609375 0.0703125
0 0.22734375 0.5546875 0.04921875 0.046875
0 0.246875 0.71875 0.0875 0.0765625
0 0.2625 0.19609375 0.04921875 0.03828125
0 0.31484375 0.01171875 0.04921875 0.02265625
0 0.4828125 0.03125 0.06875 0.0625
0 0.5046875 0.11328125 0.06796875 0.0734375
0 0.51796875 0.1984375 0.07890625 0.07890625
0 0.528125 0.28203125 0.08046875 0.0875
0 0.4453125 0.3078125 0.071875 0.0703125
0 0.46328125 0.39765625 0.06328125 0.06484375
0 0.54609375 0.3734375 0.05390625 0.0609375
0 0.55703125 0.45 0.05078125 0.06484375
0 0.475 0.48046875 0.06796875 0.06640625
0 0.4875 0.5640625 0.0703125 0.06484375
0 0.41796875 0.66484375 0.0765625 0.075
0 0.4984375 0.6375 0.06328125 0.0703125
0 0.5734375 0.60859375 0.08359375 0.08359375
0 0.75 0.03203125 0.059375 0.0640625
0 0.76015625 0.1265625 0.06640625 0.0578125
0 0.77734375 0.20078125 0.071875 0.0734375
0 0.78125 0.2890625 0.06328125 0.0609375
0 0.803125 0.37265625 0.0609375 0.0703125
0 0.81015625 0.45859375 0.06796875 0.075
0 0.70625 0.31171875 0.0703125 0.0609375
0 0.7203125 0.396875 0.0703125 0.0734375
0 0.6125 0.253125 0.075 0.06640625
0 0.6234375 0.34453125 0.07890625 0.08046875
0 0.64140625 0.42421875 0.0703125 0.075
0 0.66015625 0.5875 0.08203125 0.06328125
0 0.65234375 0.51171875 0.06640625 0.06484375
0 0.7421875 0.55703125 0.07890625 0.07890625
0 0.7265625 0.4765625 0.06796875 0.0578125
0 0.42578125 0.221875 0.07890625 0.0734375
0 0.8328125 0.02109375 0.06796875 0.0421875
0 0.84375 0.08671875 0.071875 0.071875
0 0.8515625 0.16640625 0.05625 0.059375
0 0.86953125 0.2578125 0.06484375 0.075
0 0.88828125 0.35546875 0.0734375 0.0609375
0 0.9640625 0.3265625 0.0609375 0.06328125
0 0.96015625 0.2375 0.0703125 0.07890625
0 0.99140625 0.03359375 0.0171875 0.06328125
0 0.93125 0.065625 0.046875 0.06484375
0 0.9734375 0.4109375 0.05234375 0.059375
0 0.975 0.4796875 0.05 0.065625
0 0.90234375 0.5 0.059375 0.059375
0 0.8234375 0.53046875 0.059375 0.0609375
0 0.24296875 0.10234375 0.0703125 0.0609375
0 0.1 0.89140625 0.0875 0.0734375
0 0.10859375 0.96796875 0.0703125 0.0640625
0 0.0265625 0.975 0.053125 0.05
0 0.184375 0.86328125 0.075 0.05234375
0 0.18828125 0.934375 0.071875 0.08203125
0 0.1953125 0.9921875 0.0609375 0.015625
0 0.259375 0.8359375 0.06796875 0.06640625
0 0.27421875 0.9015625 0.0703125 0.06796875
0 0.34296875 0.803125 0.0765625 0.071875
0 0.3546875 0.878125 0.06640625 0.06484375
0 0.36875 0.9546875 0.06640625 0.0703125
0 0.43515625 0.771875 0.0875 0.08203125
0 0.4390625 0.85078125 0.059375 0.0609375
0 0.4515625 0.93984375 0.05078125 0.0578125
0 0.4625 0.98984375 0.05 0.0203125
0 0.5515625 0.97890625 0.075 0.0421875
0 0.534375 0.90625 0.06484375 0.0609375
0 0.52109375 0.8203125 0.0734375 0.0703125
0 0.51640625 0.7515625 0.075 0.0734375
0 0.3171875 0.6203125 0.06796875 0.06640625
0 0.3265625 0.68828125 0.0703125 0.0609375
0 0.234375 0.646875 0.08046875 0.0734375
0 0.3 0.53515625 0.08046875 0.075
0 0.01640625 0.72578125 0.0328125 0.0796875
0 0.0140625 0.8046875 0.028125 0.075
0 0.0578125 0.62578125 0.04921875 0.04921875
0 0.61875 0.88046875 0.059375 0.0609375
0 0.7015625 0.853125 0.06796875 0.06640625
0 0.71640625 0.9421875 0.0734375 0.05625
0 0.79375 0.909375 0.059375 0.06640625
0 0.78203125 0.83828125 0.06484375 0.071875
0 0.76796875 0.7453125 0.071875 0.071875
0 0.6859375 0.76953125 0.08203125 0.0734375
0 0.6703125 0.696875 0.06796875 0.06796875
0 0.5953125 0.721875 0.046875 0.075
0 0.84453125 0.6453125 0.059375 0.05625
0 0.85 0.715625 0.06640625 0.0578125
0 0.8609375 0.8015625 0.06484375 0.06796875
0 0.759375 0.6765625 0.0609375 0.05625
0 0.98125 0.58671875 0.0375 0.0703125
0 0.92109375 0.61875 0.0703125 0.06328125
0 0.93359375 0.68359375 0.059375 0.0703125
0 0.93984375 0.771875 0.06484375 0.08203125
0 0.99296875 0.66328125 0.0140625 0.0578125
0 0.96171875 0.8578125 0.06328125 0.06796875
0 0.97109375 0.94609375 0.0578125 0.0703125
0 0.88515625 0.9640625 0.07890625 0.071875
0 0.58984375 0.078125 0.0578125 0.06484375
0 0.40390625 0.59296875 0.06640625 0.0703125
0 0.79921875 0.9828125 0.0578125 0.034375
0 0.603125 0.18203125 0.03828125 0.0453125
0 0.15859375 0.146875 0.075 0.0875
0 0.021875 0.9203125 0.04375 0.071875