0 0.2171875 0.4546875 0.08125 0.08125
0 0.19375 0.31796875 0.06875 0.0640625
0 0.1953125 0.384375 0.0375 0.040625
0 0.27265625 0.36640625 0.0671875 0.0609375
0 0.2859375 0.428125 0.05625 0.059375
0 0.29921875 0.51171875 0.0515625 0.0546875
0 0.30234375 0.59296875 0.0734375 0.0703125
0 0.2296875 0.5375 0.059375 0.059375
0 0.23828125 0.609375 0.0609375 0.0625
0 0.1625 0.64140625 0.06875 0.0734375
0 0.171875 0.71953125 0.071875 0.0734375
0 0.253125 0.76640625 0.06875 0.0859375
0 0.1890625 0.7921875 0.065625 0.059375
0 0.109375 0.80546875 0.0625 0.0734375
0 0.10546875 0.7390625 0.0609375 0.0625
0 0.23984375 0.6921875 0.0625 0.05
0 0.31875 0.659375 0.065625 0.0671875
0 0.39765625 0.640625 0.0671875 0.0671875
0 0.465625 0.61640625 0.071875 0.0671875
0 0.4828125 0.69296875 0.065625 0.0640625
0 0.4078125 0.7234375 0.08125 0.0625
0 0.4203125 0.7921875 0.053125 0.053125
0 0.48984375 0.771875 0.0640625 0.059375
0 0.5078125 0.84453125 0.071875 0.0640625
0 0.4328125 0.87890625 0.06875 0.0765625
0 0.43828125 0.95078125 0.0796875 0.0734375
0 0.51328125 0.92578125 0.0640625 0.0609375
0 0.52734375 0.97421875 0.0703125 0.0515625
0 0.58203125 0.9015625 0.0609375 0.053125
0 0.603125 0.96171875 0.05 0.0546875
0 0.67109375 0.94140625 0.0609375 0.0546875
0 0.65625 0.875 0.0625 0.0625
0 0.6421875 0.790625 0.065625 0.065625
0 0.58359375 0.825 0.0640625 0.0625
0 0.34140625 0.81796875 0.0640625 0.0515625
0 0.26484375 0.84140625 0.0671875 0.0578125
0 0.2828125 0.9140625 0.065625 0.071875
0 0.28828125 0.9796875 0.0703125 0.0375
0 0.36796875 0.96875 0.0703125 0.0625
0 0.19921875 0.87265625 0.0703125 0.0640625
0 0.20625 0.94453125 0.075 0.0703125
0 0.128125 0.96875 0.059375 0.0625
0 0.1234375 0.89609375 0.06875 0.0640625
0 0.0546875 0.91328125 0.078125 0.0765625
0 0.0390625 0.8390625 0.0625 0.06875
0 0.02578125 0.76875 0.0515625 0.053125
0 0.02265625 0.68984375 0.0453125 0.0515625
0 0.08671875 0.66171875 0.0546875 0.0515625
0 0.05703125 0.9796875 0.0671875 0.0375
0 0.15390625 0.0296875 0.0640625 0.059375
0 0.15234375 0.096875 0.0703125 0.059375
0 0.0796875 0.121875 0.05625 0.05625
0 0.10859375 0.19765625 0.0671875 0.0671875
0 0.1703125 0.17578125 0.065625 0.0703125
0 0.24921875 0.153125 0.0671875 0.05625
0 0.23359375 0.08125 0.0671875 0.06875
0 0.315625 0.0640625 0.059375 0.065625
0 0.3265625 0.1234375 0.059375 0.065625
0 0.3984375 0.10078125 0.046875 0.0609375
0 0.4640625 0.0734375 0.06875 0.075
0 0.48125 0.1625 0.0625 0.065625
0 0.4015625 0.1828125 0.059375 0.059375
0 0.4203125 0.253125 0.059375 0.059375
0 0.33359375 0.20234375 0.0578125 0.0609375
0 0.2640625 0.23125 0.075 0.05625
0 0.2609375 0.30078125 0.053125 0.0546875
0 0.19296875 0.2609375 0.0640625 0.059375
0 0.11484375 0.26953125 0.0625 0.071875
0 0.0359375 0.29375 0.05625 0.040625
0 0.04765625 0.35546875 0.0640625 0.0609375
0 0.12109375 0.33671875 0.0546875 0.0546875
0 0.3484375 0.265625 0.0484375 0.0484375
0 0.34609375 0.334375 0.0578125 0.059375
0 0.41953125 0.31796875 0.0484375 0.0578125
0 0.503125 0.29296875 0.04375 0.0453125
0 0.428125 0.39453125 0.053125 0.0453125
0 0.5234375 0.3625 0.053125 0.04375
0 0.4421875 0.4703125 0.05625 0.05625
0 0.45703125 0.54296875 0.0703125 0.0609375
0 0.3671875 0.49296875 0.0625 0.0734375
0 0.3859375 0.5671875 0.06875 0.071875
0 0.7140625 0.13828125 0.053125 0.0515625
0 0.7234375 0.21328125 0.0625 0.0671875
0 0.73828125 0.28515625 0.0609375 0.0609375
0 0.80234375 0.26953125 0.0578125 0.0609375
0 0.81640625 0.3421875 0.0609375 0.059375
0 0.88125 0.24140625 0.075 0.0609375
0 0.96015625 0.21171875 0.0609375 0.0640625
0 0.9640625 0.29453125 0.059375 0.0640625
0 0.890625 0.321875 0.06875 0.0859375
0 0.90078125 0.39609375 0.0671875 0.0640625
0 0.97578125 0.36640625 0.0453125 0.0671875
0 0.93984375 0.07109375 0.0578125 0.0640625
0 0.98828125 0.03984375 0.0234375 0.0546875
0 0.853125 0.0359375 0.05625 0.040625
0 0.86015625 0.09140625 0.0546875 0.0515625
0 0.78984375 0.12265625 0.0640625 0.0734375
0 0.696875 0.021875 0.090625 0.04375
0 0.634375 0.17578125 0.065625 0.0703125
0 0.64296875 0.24609375 0.0578125 0.0609375
0 0.55859375 0.20390625 0.0703125 0.0734375
0 0.01484375 0.0703125 0.0296875 0.0625
0 0.02734375 0.146875 0.0453125 0.065625
0 0.028125 0.221875 0.05 0.053125
0 0.06484375 0.51171875 0.0421875 0.0390625
0 0.1390625 0.48203125 0.053125 0.0515625
0 0.1546875 0.5546875 0.053125 0.046875
0 0.5203125 0.44296875 0.05 0.0421875
0 0.590625 0.415625 0.040625 0.040625
0 0.60703125 0.49609375 0.046875 0.0546875
0 0.5296875 0.525 0.053125 0.05625
0 0.54609375 0.59921875 0.0609375 0.0578125
0 0.6140625 0.571875 0.05 0.05
0 0.6921875 0.54453125 0.040625 0.046875
0 0.76171875 0.5296875 0.0546875 0.053125
0 0.834375 0.49765625 0.059375 0.0515625
0 0.89296875 0.47109375 0.0265625 0.0421875
0 0.83125 0.4171875 0.053125 0.059375
0 0.73125 0.36484375 0.05 0.046875
0 0.66484375 0.3921875 0.0484375 0.034375
0 0.984375 0.51875 0.03125 0.053125
0 0.92890625 0.55625 0.0609375 0.065625
0 0.93828125 0.6265625 0.0734375 0.065625
0 0.94296875 0.709375 0.0578125 0.059375
0 0.86640625 0.7328125 0.0609375 0.065625
0 0.871875 0.6484375 0.0625 0.071875
0 0.85078125 0.5671875 0.0609375 0.05625
0 0.87734375 0.18125 0.0671875 0.05625
0 0.384375 0.0296875 0.059375 0.059375
0 0.74453125 0.92109375 0.0671875 0.0671875
0 0.81796875 0.88984375 0.0734375 0.0671875
0 0.89609375 0.875 0.0640625 0.06875
0 0.9640625 0.8359375 0.053125 0.0625
0 0.96484375 0.7875 0.0609375 0.059375
0 0.80859375 0.75390625 0.0859375 0.0765625
0 0.72265625 0.76953125 0.0609375 0.0609375
0 0.7109375 0.70234375 0.0625 0.0609375
0 0.8 0.68359375 0.075 0.0765625
0 0.775 0.60078125 0.065625 0.0671875
0 0.703125 0.6203125 0.046875 0.053125
0 0.6234375 0.646875 0.065625 0.053125
0 0.6390625 0.73046875 0.065625 0.0703125
0 0.54921875 0.675 0.0578125 0.0515625
0 0.73828125 0.84609375 0.0703125 0.0671875
0 0.81953125 0.828125 0.0828125 0.0625
0 0.91328125 0.9703125 0.0671875 0.059375
0 0.8328125 0.98203125 0.05625 0.0359375
0 0.97578125 0.9515625 0.0453125 0.059375
0 0.05625 0.42890625 0.05625 0.0453125
0 0.79609375 0.1875 0.0484375 0.05625
0 0.328125 0.7375 0.05625 0.059375
0 0.57890625 0.35234375 0.0453125 0.0546875
0 0.66484375 0.315625 0.059375 0.0546875