0 0.85234375 0.90546875 0.0703125 0.0703125
0 0.77265625 0.92890625 0.0515625 0.0609375
0 0.70390625 0.953125 0.0640625 0.0625
0 0.62578125 0.97265625 0.0546875 0.0546875
0 0.9265625 0.87734375 0.0625 0.0671875
0 0.9375 0.94921875 0.0625 0.0703125
0 0.86796875 0.9765625 0.0546875 0.046875
0 0.78984375 0.984375 0.0703125 0.03125
0 0.709375 0.99375 0.04375 0.0125
0 0.98984375 0.93046875 0.0203125 0.0578125
0 0.9859375 0.85234375 0.028125 0.0546875
0 0.98046875 0.77578125 0.0390625 0.0578125
0 0.91796875 0.80234375 0.0609375 0.0625
0 0.8375 0.8234375 0.075 0.078125
0 0.76171875 0.853125 0.0546875 0.05625
0 0.6890625 0.878125 0.059375 0.0625
0 0.61796875 0.89921875 0.0703125 0.0640625
0 0.6765625 0.7953125 0.05625 0.059375
0 0.603125 0.81953125 0.059375 0.0703125
0 0.7578125 0.7765625 0.053125 0.046875
0 0.82734375 0.7484375 0.0671875 0.065625
0 0.89921875 0.7265625 0.0640625 0.0625
0 0.975 0.70234375 0.04375 0.0515625
0 0.96328125 0.6203125 0.0671875 0.0625
0 0.8875 0.64609375 0.05625 0.0625
0 0.81875 0.67421875 0.059375 0.0671875
0 0.74375 0.7046875 0.05625 0.065625
0 0.66875 0.721875 0.0625 0.059375
0 0.59453125 0.746875 0.0640625 0.0625
0 0.5828125 0.67734375 0.0625 0.0625
0 0.6640625 0.6546875 0.06875 0.065625
0 0.73125 0.63828125 0.05625 0.0625
0 0.8125 0.6078125 0.0625 0.065625
0 0.8859375 0.5765625 0.06875 0.059375
0 0.96484375 0.553125 0.0703125 0.065625
0 0.87578125 0.51875 0.0546875 0.0625
0 0.94453125 0.48984375 0.0609375 0.0640625
0 0.796875 0.5453125 0.0625 0.065625
0 0.7265625 0.565625 0.0625 0.0625
0 0.64765625 0.5875 0.0359375 0.034375
0 0.578125 0.61640625 0.053125 0.0546875
0 0.5640625 0.54296875 0.05625 0.0703125
0 0.64140625 0.51796875 0.0546875 0.0578125
0 0.71875 0.48984375 0.046875 0.0484375
0 0.78671875 0.46796875 0.0640625 0.0703125
0 0.865625 0.43671875 0.059375 0.0546875
0 0.93671875 0.41640625 0.0671875 0.0734375
0 0.98828125 0.39140625 0.0234375 0.0640625
0 0.8515625 0.365625 0.06875 0.075
0 0.7734375 0.3921875 0.06875 0.071875
0 0.7 0.4140625 0.05625 0.0625
0 0.55234375 0.46640625 0.0640625 0.0640625
0 0.540625 0.38359375 0.059375 0.0640625
0 0.61796875 0.3640625 0.0484375 0.0546875
0 0.690625 0.3296875 0.053125 0.05
0 0.76796875 0.31171875 0.0515625 0.0515625
0 0.8359375 0.284375 0.053125 0.0625
0 0.9703125 0.15859375 0.059375 0.0671875
0 0.90078125 0.1859375 0.0515625 0.059375
0 0.7546875 0.2359375 0.040625 0.0390625
0 0.675 0.2578125 0.06875 0.0640625
0 0.521875 0.22734375 0.059375 0.0640625
0 0.59453125 0.20703125 0.0640625 0.0703125
0 0.66796875 0.18046875 0.0546875 0.0640625
0 0.75 0.1515625 0.053125 0.0453125
0 0.8140625 0.1359375 0.059375 0.059375
0 0.89296875 0.10703125 0.0515625 0.0578125
0 0.965625 0.08515625 0.0625 0.0671875
0 0.8859375 0.03515625 0.053125 0.0609375
0 0.9515625 0.01796875 0.065625 0.0359375
0 0.80859375 0.0515625 0.0609375 0.05625
0 0.73359375 0.07734375 0.0609375 0.0671875
0 0.5828125 0.128125 0.05625 0.0609375
0 0.64453125 0.028125 0.0546875 0.05625
0 0.7203125 0.0109375 0.05 0.021875
0 0.79765625 0.0078125 0.0390625 0.015625
0 0.56875 0.0484375 0.059375 0.05625
0 0.4546875 0.0265625 0.08125 0.053125
0 0.46796875 0.9765625 0.0453125 0.046875
0 0.39453125 0.925 0.0390625 0.04375
0 0.459375 0.9171875 0.028125 0.04375
0 0.43671875 0.784375 0.0671875 0.075
0 0.3625 0.79375 0.0375 0.040625
0 0.30625 0.8234375 0.04375 0.046875
0 0.3328125 0.94375 0.0625 0.065625
0 0.34453125 0.98671875 0.0640625 0.0265625
0 0.26953125 0.9578125 0.0546875 0.05625
0 0.2078125 0.97265625 0.046875 0.0546875
0 0.25390625 0.8921875 0.0609375 0.065625
0 0.32109375 0.87421875 0.0484375 0.0390625
0 0.184375 0.85078125 0.05625 0.0515625
0 0.24296875 0.83125 0.0390625 0.046875
0 0.2234375 0.7703125 0.046875 0.040625
0 0.2875 0.75546875 0.059375 0.0578125
0 0.21015625 0.7046875 0.0515625 0.05
0 0.14453125 0.725 0.0453125 0.065625
0 0.1546875 0.7875 0.028125 0.028125
0 0.0390625 0.76796875 0.046875 0.0515625
0 0.0328125 0.7015625 0.05625 0.059375
0 0.021875 0.6265625 0.04375 0.05
0 0.009375 0.5546875 0.0125 0.046875
0 0.2625 0.6234375 0.040625 0.034375
0 0.32734375 0.61171875 0.0609375 0.0578125
0 0.3375 0.675 0.04375 0.04375
0 0.44375 0.64296875 0.04375 0.0515625
0 0.378125 0.59140625 0.028125 0.0265625
0 0.24921875 0.5640625 0.0515625 0.0546875
0 0.31015625 0.54921875 0.0484375 0.0515625
0 0.184375 0.5765625 0.05625 0.05
0 0.12109375 0.5984375 0.0453125 0.040625
0 0.13515625 0.6625 0.0515625 0.05
0 0.10859375 0.53828125 0.0515625 0.0515625
0 0.165625 0.525 0.040625 0.04375
0 0.23125 0.4984375 0.05625 0.059375
0 0.29609375 0.48984375 0.0515625 0.0484375
0 0.40859375 0.4515625 0.0671875 0.059375
0 0.3453125 0.4078125 0.04375 0.05
0 0.40625 0.38828125 0.053125 0.0578125
0 0.27890625 0.42421875 0.0484375 0.0421875
0 0.21796875 0.440625 0.0359375 0.046875
0 0.15625 0.45625 0.053125 0.059375
0 0.090625 0.47578125 0.0625 0.0671875
0 0.2046875 0.378125 0.040625 0.046875
0 0.2625 0.35703125 0.05625 0.0578125
0 0.33359375 0.34375 0.0484375 0.0625
0 0.3921875 0.321875 0.05625 0.065625
0 0.13671875 0.3921875 0.0546875 0.05625
0 0.07421875 0.4109375 0.0453125 0.05625
0 0.059375 0.34609375 0.046875 0.0515625
0 0.1234375 0.33125 0.04375 0.046875
0 0.18359375 0.3109375 0.0546875 0.059375
0 0.2546875 0.290625 0.0625 0.065625
0 0.31640625 0.27890625 0.0546875 0.0578125
0 0.38359375 0.26328125 0.0546875 0.0578125
0 0.30625 0.209375 0.05625 0.059375
0 0.36484375 0.19765625 0.0484375 0.0578125
0 0.23359375 0.22890625 0.0609375 0.0734375
0 0.1734375 0.2453125 0.059375 0.059375
0 0.1109375 0.26328125 0.04375 0.0578125
0 0.046875 0.27890625 0.046875 0.046875
0 0.28984375 0.14765625 0.0703125 0.0671875
0 0.3546875 0.1390625 0.021875 0.034375
0 0.23125 0.16171875 0.03125 0.0484375
0 0.1515625 0.18671875 0.04375 0.0359375
0 0.096875 0.20234375 0.053125 0.053125
0 0.03359375 0.21953125 0.0515625 0.0640625
0 0.0171875 0.15390625 0.034375 0.0421875
0 0.078125 0.1390625 0.046875 0.059375
0 0.14453125 0.1234375 0.0546875 0.059375
0 0.20546875 0.10625 0.0515625 0.05625
0 0.275 0.0875 0.05625 0.0390625
0 0.3375 0.071875 0.04375 0.040625
0 0.25703125 0.02421875 0.0453125 0.0484375
0 0.31875 0.01484375 0.053125 0.0296875
0 0.19140625 0.046875 0.0546875 0.046875
0 0.13203125 0.05703125 0.0453125 0.0515625
0 0.06875 0.0734375 0.028125 0.0390625
0 0.05 0.02421875 0.059375 0.0484375
0 0.11953125 0.0125 0.0421875 0.025
0 0.18515625 0.00625 0.0484375 0.0125
0 0.19609375 0.91796875 0.0546875 0.0453125
0 0.12109375 0.9609375 0.0609375 0.053125
0 0.02578125 0.9875 0.0515625 0.021875
0 0.45078125 0.85703125 0.0484375 0.0515625