0 0.0453125 0.04453125 0.065625 0.0640625
0 0.11875 0.025 0.0546875 0.05
0 0.13203125 0.1 0.0609375 0.059375
0 0.0671875 0.12890625 0.05625 0.0546875
0 0.07109375 0.20078125 0.0546875 0.0734375
0 0.0796875 0.28203125 0.071875 0.0640625
0 0.0921875 0.36015625 0.059375 0.0625
0 0.09453125 0.43515625 0.0640625 0.0734375
0 0.1015625 0.5171875 0.053125 0.065625
0 0.20078125 0.071875 0.0578125 0.071875
0 0.1984375 0.01328125 0.053125 0.0265625
0 0.27421875 0.053125 0.0484375 0.05
0 0.2875 0.12890625 0.059375 0.0609375
0 0.21171875 0.14921875 0.0484375 0.05
0 0.14140625 0.1765625 0.0578125 0.0625
0 0.14921875 0.25390625 0.0546875 0.05625
0 0.16171875 0.33671875 0.0515625 0.071875
0 0.1703125 0.41171875 0.053125 0.0578125
0 0.2484375 0.39453125 0.059375 0.0703125
0 0.2515625 0.46171875 0.05625 0.0546875
0 0.32265625 0.44609375 0.0515625 0.0546875
0 0.31640625 0.365625 0.0609375 0.053125
0 0.2421875 0.31015625 0.0625 0.0578125
0 0.3078125 0.28671875 0.053125 0.0640625
0 0.2984375 0.2140625 0.040625 0.059375
0 0.23203125 0.2328125 0.0640625 0.065625
0 0.015625 0.3015625 0.03125 0.0703125
0 0.02109375 0.384375 0.0421875 0.05625
0 0.025 0.45390625 0.05 0.0640625
0 0.0296875 0.54140625 0.053125 0.0671875
0 0.03984375 0.615625 0.0546875 0.053125
0 0.046875 0.684375 0.053125 0.040625
0 0.0421875 0.7640625 0.053125 0.065625
0 0.11640625 0.74375 0.0609375 0.08125
0 0.1890625 0.71875 0.05625 0.053125
0 0.27578125 0.6984375 0.0671875 0.0671875
0 0.27734375 0.76796875 0.0546875 0.0671875
0 0.3515625 0.75390625 0.0625 0.0546875
0 0.36328125 0.821875 0.0546875 0.065625
0 0.36953125 0.8921875 0.0578125 0.065625
0 0.346875 0.0296875 0.053125 0.059375
0 0.41953125 0.02109375 0.0515625 0.0421875
0 0.4390625 0.08203125 0.05625 0.0609375
0 0.35859375 0.1109375 0.0453125 0.065625
0 0.36484375 0.1828125 0.0515625 0.053125
0 0.38125 0.253125 0.05 0.053125
0 0.3875 0.3296875 0.05625 0.059375
0 0.11484375 0.5921875 0.0578125 0.075
0 0.18984375 0.5703125 0.0578125 0.053125
0 0.1984375 0.62890625 0.053125 0.0484375
0 0.26171875 0.5359375 0.0546875 0.046875
0 0.26328125 0.6 0.0578125 0.059375
0 0.340625 0.57578125 0.05625 0.0515625
0 0.44453125 0.15625 0.0671875 0.0625
0 0.45703125 0.23671875 0.0484375 0.0578125
0 0.46171875 0.31015625 0.0546875 0.0578125
0 0.47734375 0.39296875 0.0546875 0.0609375
0 0.48671875 0.459375 0.0609375 0.053125
0 0.4890625 0.52578125 0.0625 0.053125
0 0.409375 0.5 0.0625 0.0625
0 0.40234375 0.41484375 0.0546875 0.0546875
0 0.34140625 0.51640625 0.0671875 0.0484375
0 0.41640625 0.56328125 0.0578125 0.0484375
0 0.41796875 0.65 0.0546875 0.05
0 0.49140625 0.6125 0.0609375 0.053125
0 0.4984375 0.69375 0.06875 0.065625
0 0.58515625 0.74375 0.0671875 0.065625
0 0.59140625 0.82734375 0.0640625 0.0703125
0 0.60625 0.9046875 0.0625 0.065625
0 0.615625 0.971875 0.06875 0.053125
0 0.69140625 0.95703125 0.0546875 0.0546875
0 0.67421875 0.8875 0.0515625 0.046875
0 0.75625 0.85 0.065625 0.059375
0 0.7625 0.93046875 0.071875 0.0703125
0 0.84140625 0.90859375 0.0578125 0.0578125
0 0.92265625 0.87890625 0.0640625 0.0546875
0 0.9734375 0.8609375 0.05 0.05625
0 0.9625 0.7046875 0.075 0.065625
0 0.8015625 0.6796875 0.071875 0.0625
0 0.81953125 0.75390625 0.0609375 0.059375
0 0.74296875 0.77421875 0.0640625 0.0640625
0 0.671875 0.80390625 0.071875 0.0703125
0 0.65859375 0.7234375 0.0578125 0.0625
0 0.6578125 0.6453125 0.0703125 0.071875
0 0.72734375 0.625 0.0578125 0.053125
0 0.7984375 0.60625 0.05 0.05625
0 0.55859375 0.603125 0.0546875 0.059375
0 0.63671875 0.56953125 0.0765625 0.0765625
0 0.640625 0.48203125 0.0625 0.0578125
0 0.565625 0.50625 0.0671875 0.065625
0 0.5546875 0.44375 0.0625 0.053125
0 0.6375 0.41875 0.0625 0.05625
0 0.69765625 0.390625 0.0671875 0.0625
0 0.71015625 0.45859375 0.0671875 0.0578125
0 0.059375 0.92265625 0.0625 0.0734375
0 0.1390625 0.9015625 0.059375 0.053125
0 0.2125 0.86953125 0.065625 0.0671875
0 0.225 0.94609375 0.05 0.0640625
0 0.15546875 0.97265625 0.0828125 0.0546875
0 0.07421875 0.9796875 0.0546875 0.0375
0 0.31640625 0.984375 0.0703125 0.03125
0 0.378125 0.9703125 0.075 0.059375
0 0.4625 0.95390625 0.059375 0.0484375
0 0.43828125 0.8765625 0.0640625 0.059375
0 0.43203125 0.8015625 0.0671875 0.071875
0 0.51484375 0.13359375 0.0765625 0.0796875
0 0.52578125 0.21328125 0.0609375 0.0671875
0 0.54296875 0.284375 0.0546875 0.053125
0 0.54375 0.3671875 0.071875 0.06875
0 0.62109375 0.3421875 0.0546875 0.059375
0 0.60625 0.271875 0.05625 0.059375
0 0.68203125 0.23515625 0.0578125 0.0640625
0 0.6984375 0.31796875 0.0625 0.0734375
0 0.76796875 0.28359375 0.0578125 0.0515625
0 0.78515625 0.37578125 0.0546875 0.046875
0 0.78515625 0.43828125 0.0453125 0.0484375
0 0.7890625 0.52734375 0.0515625 0.0546875
0 0.85703125 0.5078125 0.0640625 0.0625
0 0.9296875 0.48046875 0.0625 0.0765625
0 0.88359375 0.65390625 0.0578125 0.0578125
0 0.890625 0.740625 0.046875 0.05
0 0.90390625 0.8109375 0.0578125 0.059375
0 0.82734375 0.83203125 0.0671875 0.0609375
0 0.28984375 0.846875 0.046875 0.053125
0 0.58984375 0.11484375 0.059375 0.0640625
0 0.60859375 0.1859375 0.059375 0.065625
0 0.67734375 0.1546875 0.0578125 0.065625
0 0.759375 0.21328125 0.065625 0.0671875
0 0.83359375 0.190625 0.0578125 0.06875
0 0.84609375 0.271875 0.0609375 0.059375
0 0.853125 0.34765625 0.059375 0.0546875
0 0.8625 0.403125 0.0625 0.05625
0 0.9296875 0.315625 0.071875 0.0625
0 0.94453125 0.38828125 0.0671875 0.0640625
0 0.515625 0.05390625 0.078125 0.0671875
0 0.58125 0.03828125 0.0515625 0.0671875
0 0.6515625 0.02109375 0.0625 0.0421875
0 0.66796875 0.0859375 0.0640625 0.06875
0 0.73671875 0.0609375 0.0734375 0.065625
0 0.74921875 0.13515625 0.0671875 0.0578125
0 0.8078125 0.04140625 0.053125 0.0671875
0 0.82109375 0.1140625 0.0640625 0.071875
0 0.9046875 0.0875 0.065625 0.08125
0 0.8875 0.02578125 0.065625 0.0515625
0 0.965625 0.0640625 0.05625 0.071875
0 0.98046875 0.1453125 0.0390625 0.078125
0 0.9078125 0.16953125 0.05625 0.0640625
0 0.9125 0.23671875 0.059375 0.0828125
0 0.984375 0.21171875 0.03125 0.0546875
0 0.984375 0.290625 0.03125 0.059375
0 0.93046875 0.9625 0.0546875 0.065625
0 0.98515625 0.93125 0.0265625 0.040625
0 0.53984375 0.9171875 0.0640625 0.0625
0 0.43125 0.7203125 0.05 0.05625
0 0.73125 0.6984375 0.0625 0.075
0 0.98671875 0.3546875 0.0265625 0.04375