0 0.7171875 0.6125 0.07109375 0.06953125
0 0.63671875 0.6390625 0.06484375 0.05703125
0 0.734375 0.77421875 0.06640625 0.0734375
0 0.66171875 0.796875 0.0734375 0.08125
0 0.584375 0.82421875 0.06484375 0.06953125
0 0.50234375 0.853125 0.06328125 0.06953125
0 0.425 0.8796875 0.05546875 0.05859375
0 0.3484375 0.9 0.0734375 0.0765625
0 0.27265625 0.9265625 0.05859375 0.06484375
0 0.20234375 0.95390625 0.040625 0.06015625
0 0.12109375 0.9671875 0.0734375 0.06484375
0 0.0421875 0.98359375 0.078125 0.0328125
0 0.27890625 0.99296875 0.0546875 0.0140625
0 0.365625 0.97421875 0.06484375 0.0515625
0 0.43828125 0.96015625 0.05859375 0.06640625
0 0.5171875 0.93203125 0.06953125 0.075
0 0.590625 0.9125 0.07109375 0.075
0 0.66953125 0.87734375 0.0734375 0.0734375
0 0.746875 0.85703125 0.06484375 0.06484375
0 0.82421875 0.82109375 0.0734375 0.06484375
0 0.90390625 0.79921875 0.05546875 0.06015625
0 0.9703125 0.77265625 0.059375 0.0734375
0 0.98046875 0.85625 0.0390625 0.06953125
0 0.9125 0.88046875 0.06484375 0.0765625
0 0.9234375 0.9578125 0.07109375 0.06796875
0 0.8390625 0.90703125 0.07109375 0.0734375
0 0.85078125 0.978125 0.07109375 0.04375
0 0.7703125 0.99140625 0.065625 0.0171875
0 0.603125 0.9796875 0.05390625 0.040625
0 0.5296875 0.99296875 0.059375 0.0140625
0 0.75859375 0.93671875 0.05 0.05859375
0 0.9921875 0.98828125 0.015625 0.0203125
0 0.9640625 0.69453125 0.05546875 0.06171875
0 0.8921875 0.72265625 0.06328125 0.06171875
0 0.81328125 0.74765625 0.06171875 0.06953125
0 0.95859375 0.61171875 0.05 0.0515625
0 0.8796875 0.6375 0.0484375 0.05390625
0 0.79921875 0.6625 0.05 0.06171875
0 0.7265625 0.68984375 0.05703125 0.06171875
0 0.64609375 0.7234375 0.06171875 0.05390625
0 0.56796875 0.7421875 0.05859375 0.06796875
0 0.50078125 0.77421875 0.05390625 0.05703125
0 0.4171875 0.8 0.05546875 0.06484375
0 0.33984375 0.825 0.046875 0.0484375
0 0.2609375 0.84453125 0.05 0.0515625
0 0.18046875 0.86796875 0.06171875 0.06640625
0 0.11015625 0.88984375 0.05859375 0.06484375
0 0.03515625 0.9140625 0.06328125 0.06484375
0 0.94453125 0.53515625 0.05546875 0.06484375
0 0.86953125 0.5640625 0.05 0.05390625
0 0.7890625 0.59140625 0.0453125 0.0484375
0 0.5578125 0.66640625 0.0765625 0.06171875
0 0.48359375 0.69296875 0.05859375 0.06796875
0 0.40859375 0.7109375 0.06328125 0.07109375
0 0.32734375 0.740625 0.06328125 0.07109375
0 0.2515625 0.77109375 0.0421875 0.0453125
0 0.175 0.7890625 0.05859375 0.06484375
0 0.0921875 0.81484375 0.08125 0.06796875
0 0.025 0.8390625 0.05 0.06796875
0 0.1734375 0.72265625 0.06484375 0.06796875
0 0.240625 0.70234375 0.0421875 0.04375
0 0.31796875 0.6765625 0.0453125 0.040625
0 0.4703125 0.62109375 0.05703125 0.06015625
0 0.02265625 0.771875 0.0453125 0.05390625
0 0.40234375 0.65 0.0421875 0.0375
0 0.6265625 0.571875 0.0453125 0.05390625
0 0.70390625 0.54609375 0.06953125 0.06640625
0 0.8625 0.490625 0.06328125 0.06796875
0 0.9921875 0.43671875 0.015625 0.0484375
0 0.54921875 0.6 0.06953125 0.06640625
0 0.675 0.9640625 0.06171875 0.05859375
0 0.9859375 0.334375 0.02734375 0.0484375
0 0.91953125 0.36796875 0.06953125 0.06484375
0 0.84453125 0.39296875 0.05859375 0.06796875
0 0.771875 0.415625 0.06640625 0.0484375
0 0.68984375 0.4375 0.06484375 0.06015625
0 0.6109375 0.4703125 0.05390625 0.06015625
0 0.540625 0.490625 0.075 0.075
0 0.45859375 0.51875 0.05 0.0484375
0 0.384375 0.54375 0.05546875 0.06171875
0 0.3125 0.57421875 0.05703125 0.05703125
0 0.22734375 0.58515625 0.06484375 0.0734375
0 0.153125 0.62109375 0.06328125 0.06015625
0 0.075 0.640625 0.06171875 0.06484375
0 0.0125 0.66328125 0.02421875 0.06015625
0 0.06640625 0.57734375 0.06171875 0.05703125
0 0.14140625 0.54765625 0.07109375 0.06953125
0 0.215625 0.5234375 0.05859375 0.06015625
0 0.3 0.49765625 0.06484375 0.06640625
0 0.521875 0.41875 0.06953125 0.078125
0 0.6 0.39375 0.0734375 0.06953125
0 0.67265625 0.37109375 0.046875 0.05703125
0 0.7546875 0.346875 0.05859375 0.0734375
0 0.83203125 0.32109375 0.05 0.06484375
0 0.90859375 0.29765625 0.06328125 0.0734375
0 0.975 0.2703125 0.05 0.0734375
0 0.66953125 0.2953125 0.06640625 0.06796875
0 0.7484375 0.26875 0.06171875 0.0734375
0 0.821875 0.24140625 0.05390625 0.05703125
0 0.89609375 0.2140625 0.06484375 0.06796875
0 0.96796875 0.18671875 0.06328125 0.06171875
0 0.51171875 0.340625 0.06484375 0.06796875
0 0.43515625 0.3640625 0.06171875 0.06015625
0 0.35703125 0.390625 0.06484375 0.06953125
0 0.28828125 0.41640625 0.05 0.06640625
0 0.20625 0.44140625 0.07109375 0.075
0 0.0515625 0.48359375 0.06484375 0.078125
0 0.27109375 0.33515625 0.06484375 0.0734375
0 0.12109375 0.38671875 0.040625 0.0484375
0 0.03984375 0.4109375 0.05703125 0.06171875
0 0.346875 0.30859375 0.05390625 0.06171875
0 0.425 0.2859375 0.06484375 0.06484375
0 0.49609375 0.25625 0.05 0.06484375
0 0.5875 0.2421875 0.05546875 0.05859375
0 0.6546875 0.21015625 0.05390625 0.06015625
0 0.73359375 0.1796875 0.07109375 0.07109375
0 0.80859375 0.159375 0.075 0.0796875
0 0.884375 0.134375 0.05859375 0.06171875
0 0.96015625 0.11328125 0.06953125 0.06171875
0 0.8796875 0.05 0.05546875 0.06484375
0 0.953125 0.03359375 0.06484375 0.06640625
0 0.8 0.075 0.06171875 0.07109375
0 0.721875 0.09921875 0.0734375 0.08125
0 0.64296875 0.12421875 0.06171875 0.06640625
0 0.5671875 0.15078125 0.05703125 0.06328125
0 0.49140625 0.1796875 0.05703125 0.05546875
0 0.4140625 0.203125 0.05859375 0.06796875
0 0.3359375 0.22734375 0.07109375 0.078125
0 0.25859375 0.25625 0.0734375 0.078125
0 0.1828125 0.2734375 0.0734375 0.0734375
0 0.02890625 0.2484375 0.0578125 0.075
0 0.09921875 0.22578125 0.06171875 0.06484375
0 0.175 0.1953125 0.06171875 0.06953125
0 0.2515625 0.17421875 0.06484375 0.06953125
0 0.32421875 0.14609375 0.05703125 0.06171875
0 0.4046875 0.1265625 0.046875 0.046875
0 0.4765625 0.09921875 0.06953125 0.06484375
0 0.6359375 0.04609375 0.06953125 0.0734375
0 0.5578125 0.0734375 0.06953125 0.078125
0 0.71328125 0.02265625 0.05703125 0.0453125
0 0.78359375 0.01171875 0.05 0.02265625
0 0.5484375 0.01171875 0.06796875 0.02265625
0 0.46953125 0.021875 0.05546875 0.04375
0 0.396875 0.04296875 0.06328125 0.06640625
0 0.3140625 0.06328125 0.05390625 0.05859375
0 0.2375 0.0921875 0.05390625 0.05859375
0 0.1625 0.11796875 0.06484375 0.06953125
0 0.08515625 0.146875 0.0734375 0.07109375
0 0.0140625 0.1703125 0.02734375 0.06171875
0 0.06953125 0.06171875 0.075 0.078125
0 0.153125 0.03984375 0.06328125 0.06640625
0 0.22578125 0.02109375 0.0484375 0.0421875
0 0.30546875 0.00625 0.0515625 0.0125
0 0.0109375 0.09140625 0.02109375 0.05703125
0 0.05546875 0.0078125 0.0671875 0.015625
0 0.00546875 0.01484375 0.0109375 0.0296875
0 0.0296875 0.32578125 0.05390625 0.05390625
0 0.10546875 0.3078125 0.0421875 0.0484375
0 0.00546875 0.59609375 0.0109375 0.0640625
0 0.084375 0.74609375 0.06953125 0.06640625
0 0.92578125 0.47421875 0.02734375 0.0359375
0 0.125 0.46484375 0.0484375 0.040625