0 0.40859375 0.55234375 0.0875 0.0828125
0 0.5625 0.50390625 0.06171875 0.06484375
0 0.4875 0.53203125 0.06328125 0.07265625
0 0.47421875 0.45390625 0.06953125 0.0765625
0 0.4 0.47421875 0.0796875 0.0765625
0 0.390625 0.4015625 0.0765625 0.07265625
0 0.37734375 0.32109375 0.07109375 0.0796875
0 0.29609375 0.26640625 0.06796875 0.07109375
0 0.21796875 0.29140625 0.06484375 0.06796875
0 0.2328125 0.37109375 0.05234375 0.06328125
0 0.31171875 0.42734375 0.06796875 0.0765625
0 0.240625 0.45703125 0.03671875 0.04140625
0 0.25 0.5265625 0.06484375 0.06796875
0 0.0953125 0.0375 0.04765625 0.04296875
0 0.10625 0.09765625 0.04765625 0.05234375
0 0.0296875 0.121875 0.05859375 0.06328125
0 0.12109375 0.17734375 0.04609375 0.05390625
0 0.13046875 0.2375 0.06953125 0.07109375
0 0.05 0.2640625 0.05234375 0.05546875
0 0.06640625 0.34296875 0.06328125 0.06640625
0 0.14453125 0.31875 0.06015625 0.06640625
0 0.2625 0.11328125 0.06484375 0.06796875
0 0.18984375 0.06796875 0.05546875 0.05703125
0 0.33828125 0.01640625 0.0453125 0.0328125
0 0.33828125 0.08203125 0.04140625 0.05546875
0 0.3578125 0.159375 0.04921875 0.05859375
0 0.42578125 0.1359375 0.04453125 0.04921875
0 0.53125 0.2640625 0.06171875 0.07109375
0 0.459375 0.29296875 0.07109375 0.07109375
0 0.44296875 0.21328125 0.06953125 0.07109375
0 0.51875 0.1828125 0.05390625 0.06328125
0 0.59140625 0.16015625 0.04921875 0.06015625
0 0.60390625 0.23671875 0.04921875 0.06328125
0 0.58515625 0.078125 0.05234375 0.06015625
0 0.50703125 0.10546875 0.04609375 0.05546875
0 0.4984375 0.021875 0.040625 0.04375
0 0.5671875 0.01484375 0.05 0.0296875
0 0.66796875 0.13359375 0.04453125 0.04609375
0 0.74921875 0.11015625 0.06953125 0.07109375
0 0.65703125 0.0546875 0.03203125 0.03984375
0 0.73515625 0.02890625 0.05703125 0.05703125
0 0.8265625 0.08125 0.06484375 0.0765625
0 0.8078125 0.01796875 0.071875 0.0359375
0 0.89609375 0.06171875 0.07109375 0.0859375
0 0.965625 0.0359375 0.06796875 0.07109375
0 0.9734375 0.11328125 0.05234375 0.06796875
0 0.98125 0.19296875 0.0375 0.0796875
0 0.98515625 0.27265625 0.0296875 0.0703125
0 0.84609375 0.2375 0.07265625 0.07109375
0 0.85390625 0.31953125 0.07265625 0.06796875
0 0.9296875 0.29609375 0.06484375 0.07109375
0 0.94140625 0.3796875 0.06015625 0.06328125
0 0.94921875 0.45703125 0.06015625 0.07265625
0 0.89375 0.56171875 0.06015625 0.0765625
0 0.7984375 0.50625 0.05703125 0.06015625
0 0.72421875 0.52578125 0.06796875 0.078125
0 0.79375 0.42421875 0.05703125 0.06484375
0 0.78203125 0.34609375 0.05546875 0.05546875
0 0.7 0.37109375 0.04453125 0.04765625
0 0.69296875 0.290625 0.04609375 0.05546875
0 0.61796875 0.3203125 0.05546875 0.06328125
0 0.428125 0.63203125 0.078125 0.07109375
0 0.1890625 0.628125 0.06953125 0.07421875
0 0.1140625 0.6578125 0.06953125 0.07109375
0 0.0390625 0.68359375 0.06171875 0.06328125
0 0.0265625 0.60859375 0.05234375 0.06796875
0 0.04296875 0.759375 0.06953125 0.07421875
0 0.06640625 0.87578125 0.06953125 0.11875
0 0.13984375 0.8765625 0.06015625 0.06328125
0 0.2171875 0.8515625 0.06328125 0.07109375
0 0.29609375 0.82421875 0.084375 0.0765625
0 0.3609375 0.803125 0.04921875 0.06015625
0 0.36015625 0.7375 0.06328125 0.06171875
0 0.26875 0.684375 0.06171875 0.06015625
0 0.25625 0.6046875 0.06171875 0.06640625
0 0.19453125 0.71171875 0.05546875 0.05859375
0 0.12109375 0.73515625 0.06171875 0.05546875
0 0.09765625 0.5734375 0.05234375 0.05546875
0 0.73984375 0.68046875 0.06015625 0.06796875
0 0.66484375 0.703125 0.06328125 0.05703125
0 0.5984375 0.72421875 0.06953125 0.06796875
0 0.4390625 0.7109375 0.05234375 0.06640625
0 0.57578125 0.58203125 0.07109375 0.06796875
0 0.51015625 0.71640625 0.078125 0.13203125
0 0.65 0.55859375 0.06171875 0.06328125
0 0.54375 0.34609375 0.04921875 0.05078125
0 0.55234375 0.421875 0.05703125 0.06015625
0 0.4640625 0.37421875 0.05546875 0.06015625
0 0.96796875 0.60078125 0.06328125 0.06796875
0 0.9796875 0.78125 0.040625 0.065625
0 0.91484375 0.80390625 0.06171875 0.06796875
0 0.9125 0.73515625 0.06328125 0.06640625
0 0.81796875 0.64921875 0.06484375 0.0765625
0 0.76875 0.846875 0.06015625 0.05859375
0 0.86015625 0.903125 0.06953125 0.0765625
0 0.86796875 0.9734375 0.06328125 0.05234375
0 0.7953125 0.98515625 0.06875 0.0296875
0 0.703125 0.959375 0.05703125 0.06171875
0 0.690625 0.878125 0.05703125 0.07265625
0 0.61953125 0.8953125 0.06484375 0.06328125
0 0.4578125 0.8734375 0.06796875 0.08125
0 0.38515625 0.90703125 0.06484375 0.07109375
0 0.3140625 0.98125 0.06875 0.0375
0 0.1546875 0.97578125 0.059375 0.0484375
0 0.2421875 0.965625 0.05546875 0.06796875
0 0.5515625 0.9828125 0.059375 0.034375
0 0.9078125 0.13984375 0.06328125 0.06640625
0 0.921875 0.21875 0.04453125 0.05078125
0 0.20546875 0.21484375 0.05546875 0.05859375
0 0.07578125 0.421875 0.05546875 0.05078125
0 0.0859375 0.4984375 0.05390625 0.04765625
0 0.01484375 0.5265625 0.0296875 0.05625
0 0.15 0.39765625 0.05546875 0.05859375
0 0.17421875 0.55390625 0.05703125 0.06328125
0 0.39453125 0.9734375 0.05234375 0.05234375
0 0.20703125 0.7875 0.05234375 0.05390625
0 0.76796875 0.26171875 0.05390625 0.04921875
0 0.7515625 0.184375 0.03671875 0.04453125
0 0.68046875 0.2125 0.05859375 0.05390625
0 0.03984375 0.1890625 0.04140625 0.04609375
0 0.621875 0.4015625 0.05390625 0.05703125
0 0.7171875 0.453125 0.06796875 0.05859375
0 0.76171875 0.7703125 0.07265625 0.07421875
0 0.8453125 0.7578125 0.06484375 0.06484375
0 0.84453125 0.8296875 0.05390625 0.04921875
0 0.928125 0.8796875 0.06171875 0.06953125
0 0.98515625 0.85625 0.0296875 0.078125
0 0.61484375 0.828125 0.05546875 0.06171875
0 0.33125 0.58125 0.05859375 0.05390625
0 0.30703125 0.92890625 0.05859375 0.06328125
0 0.0734375 0.98984375 0.04609375 0.0203125
0 0.00859375 0.92265625 0.0171875 0.07109375
0 0.77890625 0.93046875 0.07421875 0.0765625
0 0.27890625 0.74765625 0.07421875 0.06640625
0 0.66171875 0.63671875 0.07265625 0.0765625
0 0.73359375 0.61015625 0.06796875 0.06171875
0 0.96328125 0.5390625 0.05390625 0.06171875
0 0.99375 0.35625 0.0125 0.05546875
0 0.99375 0.43203125 0.0125 0.06328125
0 0.26171875 0.0375 0.06328125 0.07421875
0 0.975 0.71328125 0.05 0.0640625
0 0.42734375 0.0546875 0.05390625 0.04609375
0 0.8734375 0.4828125 0.05859375 0.05390625