0 0.0328125 0.04375 0.065625 0.0875
0 0.04453125 0.19921875 0.0796875 0.0640625
0 0.065625 0.284375 0.084375 0.075
0 0.128125 0.2671875 0.06875 0.0875
0 0.11875 0.178125 0.071875 0.075
0 0.11640625 0.10234375 0.0609375 0.0703125
0 0.18984375 0.0765625 0.0671875 0.075
0 0.25625 0.05 0.08125 0.075
0 0.26953125 0.1296875 0.0640625 0.065625
0 0.19765625 0.15703125 0.0578125 0.065625
0 0.2109375 0.23828125 0.06875 0.0703125
0 0.2765625 0.21171875 0.075 0.0703125
0 0.284375 0.2859375 0.0625 0.0640625
0 0.215625 0.31796875 0.065625 0.0734375
0 0.14609375 0.353125 0.0734375 0.0875
0 0.06484375 0.3671875 0.0609375 0.06875
0 0.08125 0.44765625 0.075 0.0671875
0 0.16015625 0.43203125 0.0640625 0.0671875
0 0.2265625 0.39375 0.078125 0.075
0 0.29921875 0.36640625 0.0734375 0.0828125
0 0.37265625 0.35234375 0.0734375 0.0625
0 0.3828125 0.42109375 0.0625 0.0609375
0 0.45625 0.39921875 0.06875 0.0703125
0 0.46484375 0.47265625 0.0640625 0.0640625
0 0.54765625 0.45859375 0.0546875 0.0578125
0 0.61328125 0.4328125 0.0640625 0.06875
0 0.62734375 0.52421875 0.0609375 0.0640625
0 0.54921875 0.53671875 0.0671875 0.0671875
0 0.3296875 0.0296875 0.06875 0.059375
0 0.40859375 0.0265625 0.0671875 0.053125
0 0.4203125 0.084375 0.059375 0.059375
0 0.3515625 0.1078125 0.0625 0.06875
0 0.3515625 0.1875 0.0625 0.06875
0 0.3671875 0.2609375 0.06875 0.075
0 0.43671875 0.2421875 0.0609375 0.053125
0 0.43046875 0.16015625 0.0546875 0.0640625
0 0.49609375 0.134375 0.0703125 0.071875
0 0.48359375 0.06015625 0.0609375 0.0578125
0 0.56328125 0.0265625 0.0703125 0.053125
0 0.64765625 0.02265625 0.059375 0.0453125
0 0.64453125 0.08828125 0.0640625 0.0609375
0 0.58828125 0.1953125 0.0671875 0.0625
0 0.55859375 0.1140625 0.0390625 0.040625
0 0.51015625 0.22265625 0.0515625 0.0546875
0 0.5203125 0.2984375 0.05625 0.065625
0 0.52578125 0.36953125 0.0515625 0.0609375
0 0.44140625 0.31796875 0.0640625 0.0671875
0 0.5953125 0.26875 0.059375 0.06875
0 0.6703125 0.24609375 0.08125 0.0859375
0 0.68671875 0.3359375 0.059375 0.06875
0 0.6125 0.35546875 0.0625 0.0703125
0 0.69453125 0.4171875 0.059375 0.06875
0 0.70234375 0.4953125 0.059375 0.075
0 0.7046875 0.571875 0.0546875 0.071875
0 0.78828125 0.5328125 0.0765625 0.08125
0 0.771875 0.4625 0.059375 0.08125
0 0.7609375 0.3796875 0.06875 0.071875
0 0.7484375 0.2953125 0.06875 0.06875
0 0.7359375 0.2296875 0.059375 0.06875
0 0.7359375 0.14609375 0.08125 0.0796875
0 0.73515625 0.0640625 0.0640625 0.071875
0 0.80703125 0.04609375 0.0734375 0.0921875
0 0.87109375 0.0265625 0.0640625 0.053125
0 0.93671875 0.01796875 0.0515625 0.0359375
0 0.95703125 0.0734375 0.0640625 0.06875
0 0.88515625 0.10546875 0.0578125 0.0703125
0 0.81328125 0.203125 0.0703125 0.06875
0 0.88671875 0.18046875 0.0703125 0.0703125
0 0.9625 0.15859375 0.05 0.0671875
0 0.9734375 0.23125 0.05 0.078125
0 0.90234375 0.25859375 0.0640625 0.0796875
0 0.8234375 0.2765625 0.0625 0.06875
0 0.8453125 0.359375 0.059375 0.06875
0 0.91015625 0.33359375 0.0640625 0.0890625
0 0.93046875 0.41796875 0.0703125 0.0765625
0 0.840625 0.434375 0.05625 0.065625
0 0.85 0.521875 0.059375 0.075
0 0.871875 0.60703125 0.071875 0.0734375
0 0.95703125 0.571875 0.0859375 0.08125
0 0.98671875 0.540625 0.0265625 0.0546875
0 0.98828125 0.46484375 0.0234375 0.0703125
0 0.98203125 0.37890625 0.0359375 0.0703125
0 0.97265625 0.30703125 0.0546875 0.0828125
0 0.78125 0.6140625 0.0625 0.071875
0 0.72109375 0.64453125 0.0515625 0.0546875
0 0.64609375 0.675 0.0734375 0.06875
0 0.5640625 0.615625 0.05 0.059375
0 0.4953125 0.6375 0.053125 0.05625
0 0.5015625 0.7140625 0.065625 0.0671875
0 0.41875 0.740625 0.065625 0.06875
0 0.35390625 0.77109375 0.0578125 0.0671875
0 0.271875 0.7921875 0.059375 0.06875
0 0.33515625 0.68671875 0.0609375 0.059375
0 0.33203125 0.6125 0.0625 0.06875
0 0.40625 0.571875 0.0625 0.071875
0 0.484375 0.5484375 0.0625 0.065625
0 0.321875 0.52890625 0.065625 0.0671875
0 0.30703125 0.45625 0.0609375 0.06875
0 0.2375 0.4703125 0.06875 0.059375
0 0.24921875 0.5515625 0.0609375 0.05625
0 0.25859375 0.63515625 0.0703125 0.0734375
0 0.1859375 0.659375 0.06875 0.0671875
0 0.165625 0.58125 0.0640625 0.06875
0 0.16640625 0.496875 0.0609375 0.071875
0 0.0828125 0.5296875 0.071875 0.08125
0 0.0953125 0.61484375 0.059375 0.0734375
0 0.109375 0.6859375 0.0625 0.075
0 0.12265625 0.7625 0.0578125 0.065625
0 0.1984375 0.7375 0.06875 0.084375
0 0.26328125 0.71875 0.0671875 0.06875
0 0.41484375 0.67265625 0.0484375 0.0703125
0 0.0609375 0.85703125 0.08125 0.0671875
0 0.1390625 0.83984375 0.075 0.0859375
0 0.03515625 0.7828125 0.0640625 0.065625
0 0.0375 0.70078125 0.06875 0.0578125
0 0.034375 0.625 0.053125 0.078125
0 0.02265625 0.540625 0.0453125 0.065625
0 0.10703125 0.97421875 0.0671875 0.0515625
0 0.20390625 0.9625 0.0859375 0.075
0 0.25390625 0.94453125 0.0765625 0.0765625
0 0.353125 0.92578125 0.071875 0.0703125
0 0.4328125 0.89609375 0.06875 0.0671875
0 0.49375 0.86328125 0.05625 0.0640625
0 0.57578125 0.84140625 0.0671875 0.0734375
0 0.57421875 0.91484375 0.0765625 0.0703125
0 0.5859375 0.97890625 0.0625 0.0421875
0 0.6609375 0.96796875 0.065625 0.0609375
0 0.6578125 0.9046875 0.065625 0.059375
0 0.73125 0.86796875 0.078125 0.0796875
0 0.72265625 0.7984375 0.0765625 0.071875
0 0.725 0.703125 0.059375 0.0625
0 0.79765625 0.684375 0.0546875 0.065625
0 0.7953125 0.76953125 0.06875 0.0765625
0 0.87109375 0.74609375 0.0640625 0.0859375
0 0.94453125 0.72265625 0.0609375 0.0765625
0 0.94296875 0.6453125 0.0671875 0.071875
0 0.96875 0.884375 0.0625 0.0875
0 0.97421875 0.940625 0.0515625 0.06875
0 0.91171875 0.9671875 0.0734375 0.065625
0 0.8796875 0.89375 0.065625 0.084375
0 0.815625 0.92265625 0.075 0.0796875
0 0.83046875 0.98046875 0.0734375 0.0390625
0 0.73671875 0.9515625 0.0734375 0.096875
0 0.43828125 0.96640625 0.0703125 0.0671875
0 0.35625 0.98046875 0.071875 0.0390625
0 0.01171875 0.46796875 0.0234375 0.0703125
0 0.0453125 0.990625 0.05 0.01875
0 0.10078125 0.01953125 0.0515625 0.0390625
0 0.81953125 0.1296875 0.0515625 0.065625
0 0.6328125 0.59609375 0.0625 0.0671875
0 0.1796875 0.015625 0.0625 0.03125