0 0.13828125 0.0171875 0.0609375 0.034375
0 0.23828125 0.0640625 0.05546875 0.059375
0 0.31328125 0.03984375 0.04296875 0.0453125
0 0.3296875 0.1296875 0.059375 0.0578125
0 0.2484375 0.14921875 0.05 0.06796875
0 0.26015625 0.23984375 0.06328125 0.06484375
0 0.17421875 0.26953125 0.0609375 0.06796875
0 0.15234375 0.1796875 0.0453125 0.05
0 0.078125 0.2078125 0.04140625 0.059375
0 0.06171875 0.11328125 0.06328125 0.0703125
0 0.009375 0.13828125 0.01796875 0.07578125
0 0.49921875 0.075 0.06328125 0.05546875
0 0.415625 0.10546875 0.05 0.06328125
0 0.4296875 0.18984375 0.0609375 0.06328125
0 0.51171875 0.16171875 0.06328125 0.06796875
0 0.53046875 0.234375 0.05390625 0.059375
0 0.43671875 0.271875 0.046875 0.05390625
0 0.35 0.29140625 0.06328125 0.0578125
0 0.3375 0.2203125 0.0375 0.0484375
0 0.18515625 0.340625 0.046875 0.05390625
0 0.1015625 0.37265625 0.05234375 0.0578125
0 0.08828125 0.29765625 0.04296875 0.059375
0 0.02265625 0.3203125 0.0453125 0.071875
0 0.0296875 0.396875 0.059375 0.08125
0 0.03671875 0.5203125 0.0734375 0.084375
0 0.11875 0.49453125 0.06796875 0.06796875
0 0.12578125 0.565625 0.06484375 0.05546875
0 0.16328125 0.83125 0.07578125 0.08671875
0 0.08359375 0.86328125 0.07734375 0.08671875
0 0.015625 0.890625 0.03046875 0.09375
0 0.09375 0.94765625 0.0609375 0.06484375
0 0.17890625 0.9265625 0.08125 0.08671875
0 0.19609375 0.9859375 0.0703125 0.028125
0 0.45703125 0.9890625 0.07890625 0.021875
0 0.5390625 0.9796875 0.053125 0.040625
0 0.5125 0.82109375 0.06484375 0.0734375
0 0.49921875 0.73359375 0.05546875 0.071875
0 0.4921875 0.640625 0.059375 0.071875
0 0.475 0.5484375 0.0609375 0.06796875
0 0.39140625 0.578125 0.06328125 0.0734375
0 0.375 0.41484375 0.059375 0.059375
0 0.45703125 0.3875 0.0609375 0.06328125
0 0.3796875 0.4875 0.06796875 0.071875
0 0.4625 0.46171875 0.0609375 0.0734375
0 0.54296875 0.4328125 0.0609375 0.059375
0 0.53359375 0.346875 0.05234375 0.05390625
0 0.63671875 0.40234375 0.0609375 0.06328125
0 0.5609375 0.5171875 0.0609375 0.07734375
0 0.64765625 0.4953125 0.05390625 0.059375
0 0.65703125 0.58984375 0.05546875 0.06796875
0 0.575 0.60703125 0.06328125 0.06640625
0 0.58515625 0.70859375 0.0734375 0.0828125
0 0.59921875 0.79296875 0.06796875 0.071875
0 0.76328125 0.73359375 0.05234375 0.071875
0 0.78515625 0.82109375 0.07734375 0.0734375
0 0.70234375 0.84921875 0.05546875 0.0578125
0 0.7984375 0.9109375 0.0609375 0.0734375
0 0.8046875 0.9796875 0.08125 0.040625
0 0.7328125 0.990625 0.08125 0.01796875
0 0.309375 0.6015625 0.0609375 0.071875
0 0.3203125 0.69609375 0.06796875 0.0578125
0 0.2375 0.72421875 0.07890625 0.07734375
0 0.19765625 0.4703125 0.06484375 0.0734375
0 0.0125 0.2296875 0.025 0.06640625
0 0.77265625 0.0765625 0.0703125 0.084375
0 0.85625 0.046875 0.06796875 0.071875
0 0.94296875 0.021875 0.05234375 0.04296875
0 0.9765625 0.2015625 0.046875 0.06796875
0 0.9765625 0.28828125 0.046875 0.06328125
0 0.8953125 0.315625 0.06484375 0.08125
0 0.809375 0.346875 0.06484375 0.06796875
0 0.72421875 0.36953125 0.06328125 0.059375
0 0.71484375 0.29765625 0.05546875 0.059375
0 0.69765625 0.1765625 0.05 0.05234375
0 0.60859375 0.2078125 0.059375 0.059375
0 0.5796875 0.040625 0.0375 0.0484375
0 0.6765625 0.02265625 0.05 0.0453125
0 0.99140625 0.5546875 0.0171875 0.065625
0 0.91640625 0.4921875 0.06328125 0.08125
0 0.84140625 0.52421875 0.06484375 0.0734375
0 0.821875 0.43359375 0.071875 0.071875
0 0.9296875 0.58828125 0.07890625 0.08125
0 0.8453125 0.615625 0.06484375 0.059375
0 0.74765625 0.559375 0.05546875 0.071875
0 0.859375 0.7 0.0828125 0.0828125
0 0.95625 0.7703125 0.0703125 0.08125
0 0.9671875 0.84765625 0.065625 0.0734375
0 0.89296875 0.9640625 0.0703125 0.071875
0 0.9671875 0.93828125 0.065625 0.0671875
0 0.1359375 0.65234375 0.0734375 0.07734375
0 0.15390625 0.74453125 0.0734375 0.0828125
0 0.26875 0.31796875 0.06328125 0.06328125
0 0.04921875 0.68046875 0.0734375 0.08828125
0 0.86953125 0.12265625 0.059375 0.0609375
0 0.75234375 0.64453125 0.04140625 0.0453125
0 0.9046875 0.40390625 0.03984375 0.0484375
0 0.9875 0.3734375 0.025 0.0484375
0 0.9890625 0.45703125 0.021875 0.06484375
0 0.2296875 0.6328125 0.06328125 0.06796875