0 0.58359375 0.42890625 0.075 0.071875
0 0.609375 0.346875 0.06484375 0.06640625
0 0.665625 0.440625 0.0765625 0.071875
0 0.72578125 0.52734375 0.071875 0.06796875
0 0.709375 0.6078125 0.06484375 0.071875
0 0.69296875 0.675 0.06328125 0.05703125
0 0.67109375 0.76953125 0.0484375 0.06796875
0 0.640625 0.84296875 0.05859375 0.06015625
0 0.87421875 0.63203125 0.05859375 0.0703125
0 0.853125 0.7125 0.06640625 0.071875
0 0.8359375 0.7875 0.0453125 0.0546875
0 0.815625 0.865625 0.05859375 0.0546875
0 0.8953125 0.87734375 0.06640625 0.06796875
0 0.92265625 0.79453125 0.0546875 0.06171875
0 0.9578125 0.6375 0.05859375 0.06484375
0 0.97421875 0.56171875 0.0515625 0.053125
0 0.984375 0.47734375 0.03125 0.0640625
0 0.9125 0.4671875 0.06484375 0.06484375
0 0.8921875 0.546875 0.06484375 0.0734375
0 0.825 0.46015625 0.05 0.06015625
0 0.80390625 0.5375 0.05859375 0.05859375
0 0.7921875 0.61484375 0.0484375 0.053125
0 0.7734375 0.69921875 0.046875 0.06171875
0 0.753125 0.78203125 0.06015625 0.0703125
0 0.7328125 0.85703125 0.0515625 0.06015625
0 0.7984375 0.94453125 0.06328125 0.06796875
0 0.88203125 0.95703125 0.06015625 0.06328125
0 0.965625 0.96015625 0.05859375 0.06015625
0 0.97578125 0.89140625 0.0484375 0.06328125
0 0.98515625 0.80859375 0.0296875 0.06640625
0 0.8234375 0.11640625 0.06328125 0.06328125
0 0.8453125 0.03828125 0.06640625 0.06640625
0 0.90390625 0.134375 0.05859375 0.05859375
0 0.92421875 0.04921875 0.0515625 0.0546875
0 0.990625 0.05859375 0.01796875 0.06640625
0 0.98203125 0.13828125 0.0359375 0.0609375
0 0.96171875 0.225 0.05 0.06640625
0 0.9296875 0.384375 0.05703125 0.05859375
0 0.9484375 0.309375 0.06015625 0.075
0 0.9875 0.39609375 0.025 0.075
0 0.86328125 0.30234375 0.05703125 0.05
0 0.8859375 0.221875 0.06796875 0.08515625
0 0.853125 0.37890625 0.05 0.05859375
0 0.70390625 0.9859375 0.0515625 0.028125
0 0.9390625 0.7203125 0.0546875 0.06328125
0 0.7578125 0.03515625 0.05859375 0.06015625
0 0.74140625 0.1125 0.06640625 0.0734375
0 0.72265625 0.2 0.06171875 0.06328125
0 0.7015625 0.2796875 0.0796875 0.0734375
0 0.6890625 0.3578125 0.06171875 0.06171875
0 0.765625 0.3703125 0.05859375 0.05703125
0 0.75390625 0.4453125 0.075 0.0703125
0 0.78359375 0.296875 0.0765625 0.075
0 0.8109375 0.196875 0.0546875 0.06640625
0 0.6359375 0.1859375 0.06796875 0.078125
0 0.659375 0.103125 0.0484375 0.03671875
0 0.6734375 0.0328125 0.0703125 0.06484375
0 0.6296875 0.59296875 0.05703125 0.06015625
0 0.6046875 0.6734375 0.0734375 0.0703125
0 0.58984375 0.7609375 0.0703125 0.06796875
0 0.625 0.92734375 0.05703125 0.06171875
0 0.55390625 0.915625 0.06484375 0.06171875
0 0.53203125 0.97890625 0.0796875 0.04140625
0 0.6140625 0.9828125 0.05 0.034375
0 0.71328125 0.9359375 0.0734375 0.06796875
0 0.59453125 0.02109375 0.06171875 0.04140625
0 0.58046875 0.09296875 0.0453125 0.05
0 0.56015625 0.1828125 0.046875 0.0453125
0 0.5421875 0.2546875 0.075 0.0734375
0 0.5234375 0.33515625 0.0703125 0.06640625
0 0.4390625 0.32734375 0.078125 0.078125
0 0.35390625 0.3109375 0.06484375 0.078125
0 0.26953125 0.29453125 0.06796875 0.078125
0 0.50078125 0.425 0.075 0.0734375
0 0.4171875 0.4046875 0.06484375 0.06640625
0 0.4 0.48515625 0.05703125 0.06640625
0 0.4828125 0.50078125 0.078125 0.08203125
0 0.465625 0.58828125 0.078125 0.06640625
0 0.525 0.6546875 0.0734375 0.06640625
0 0.51328125 0.74765625 0.05703125 0.05859375
0 0.42421875 0.73515625 0.05859375 0.05
0 0.340625 0.72734375 0.06796875 0.06796875
0 0.46484375 0.89921875 0.06015625 0.0546875
0 0.44609375 0.9734375 0.06484375 0.053125
0 0.37421875 0.96484375 0.06796875 0.0703125
0 0.38984375 0.8875 0.06015625 0.06484375
0 0.2921875 0.88203125 0.071875 0.0703125
0 0.28046875 0.965625 0.06171875 0.06171875
0 0.31640625 0.803125 0.071875 0.06328125
0 0.23515625 0.790625 0.03671875 0.0453125
0 0.26171875 0.709375 0.06640625 0.06484375
0 0.18671875 0.703125 0.06640625 0.06328125
0 0.17421875 0.77734375 0.0515625 0.0546875
0 0.2234375 0.878125 0.053125 0.06328125
0 0.4953125 0.075 0.0765625 0.06328125
0 0.48203125 0.1578125 0.09140625 0.078125
0 0.4 0.15078125 0.05 0.05859375
0 0.41328125 0.07578125 0.06328125 0.05859375
0 0.43671875 0.01015625 0.05 0.0203125
0 0.35390625 0.0078125 0.06484375 0.01484375
0 0.31953125 0.065625 0.06171875 0.0546875
0 0.51875 0.0171875 0.0625 0.034375
0 0.37578125 0.565625 0.08203125 0.071875
0 0.35546875 0.64609375 0.071875 0.071875
0 0.44609375 0.65390625 0.06484375 0.071875
0 0.31953125 0.471875 0.06171875 0.05703125
0 0.2953125 0.55 0.06015625 0.06328125
0 0.23203125 0.45703125 0.0703125 0.0703125
0 0.225 0.5421875 0.05703125 0.05859375
0 0.20078125 0.62578125 0.06484375 0.05859375
0 0.4546875 0.25703125 0.05703125 0.06015625
0 0.37421875 0.23828125 0.078125 0.0515625
0 0.23671875 0.00546875 0.0546875 0.0109375
0 0.2171875 0.04765625 0.046875 0.04140625
0 0.2 0.115625 0.05703125 0.06171875
0 0.1796875 0.18828125 0.05703125 0.0734375
0 0.165625 0.259375 0.05859375 0.06484375
0 0.14765625 0.33515625 0.06171875 0.06640625
0 0.1359375 0.396875 0.0546875 0.05703125
0 0.134375 0.096875 0.06484375 0.06640625
0 0.11328125 0.1625 0.05703125 0.05703125
0 0.09453125 0.2375 0.06171875 0.071875
0 0.0875 0.29921875 0.06484375 0.06171875
0 0.06640625 0.371875 0.0734375 0.075
0 0.0515625 0.43984375 0.05703125 0.0703125
0 0.1171875 0.4625 0.08203125 0.071875
0 0.103125 0.53203125 0.06640625 0.06015625
0 0.03828125 0.51640625 0.06328125 0.06328125
0 0.01015625 0.41953125 0.0203125 0.06796875
0 0.0171875 0.35234375 0.034375 0.0546875
0 0.0296875 0.85390625 0.059375 0.0734375
0 0.0453125 0.79296875 0.05 0.04296875
0 0.06484375 0.73359375 0.06015625 0.06328125
0 0.06953125 0.66328125 0.06171875 0.05703125
0 0.09453125 0.59140625 0.06796875 0.06328125
0 0.0265625 0.5734375 0.053125 0.06015625
0 0.0125 0.70234375 0.025 0.06796875
0 0.00859375 0.77265625 0.01640625 0.05859375
0 0.021875 0.0171875 0.040625 0.034375
0 0.07265625 0.02109375 0.06171875 0.04140625
0 0.06484375 0.0828125 0.06015625 0.06171875
0 0.0171875 0.06015625 0.034375 0.0609375
0 0.0546875 0.140625 0.06328125 0.06171875
0 0.03515625 0.2109375 0.0703125 0.06171875
0 0.00703125 0.18984375 0.01328125 0.0703125
0 0.02734375 0.28046875 0.0546875 0.05859375
0 0.565625 0.834375 0.06796875 0.05859375
0 0.99296875 0.72421875 0.01328125 0.071875