0 0.43671875 0.178125 0.0765625 0.075
0 0.50234375 0.159375 0.0578125 0.059375
0 0.51953125 0.23984375 0.0765625 0.0828125
0 0.4390625 0.25234375 0.071875 0.0734375
0 0.3703125 0.26796875 0.084375 0.0671875
0 0.29296875 0.27578125 0.0765625 0.0828125
0 0.184375 0.12578125 0.071875 0.0640625
0 0.1953125 0.203125 0.078125 0.071875
0 0.21796875 0.284375 0.0703125 0.059375
0 0.13359375 0.296875 0.05 0.046875
0 0.11953125 0.209375 0.0671875 0.053125
0 0.1 0.14140625 0.06875 0.0734375
0 0.0921875 0.0546875 0.075 0.071875
0 0.0453125 0.2203125 0.08125 0.08125
0 0.06171875 0.29921875 0.0703125 0.0828125
0 0.075 0.384375 0.0625 0.065625
0 0.08984375 0.45390625 0.0703125 0.0640625
0 0.1515625 0.37265625 0.059375 0.0640625
0 0.22734375 0.36015625 0.0640625 0.071875
0 0.31328125 0.353125 0.0640625 0.05625
0 0.38671875 0.3453125 0.0765625 0.065625
0 0.45859375 0.32265625 0.0734375 0.0734375
0 0.53828125 0.32890625 0.0703125 0.0640625
0 0.5578125 0.390625 0.053125 0.0625
0 0.48515625 0.403125 0.0640625 0.071875
0 0.40859375 0.41875 0.0671875 0.0625
0 0.3265625 0.4328125 0.06875 0.06875
0 0.25 0.43203125 0.0625 0.0671875
0 0.16796875 0.45078125 0.0609375 0.0734375
0 0.18828125 0.5328125 0.0734375 0.08125
0 0.2578125 0.5265625 0.071875 0.075
0 0.34296875 0.50625 0.0671875 0.075
0 0.4203125 0.4984375 0.065625 0.06875
0 0.5015625 0.48203125 0.065625 0.0734375
0 0.575 0.47734375 0.05625 0.0734375
0 0.25 0.0375 0.0625 0.065625
0 0.3203125 0.034375 0.0703125 0.06875
0 0.33671875 0.10703125 0.0640625 0.0625
0 0.35078125 0.18515625 0.0703125 0.0734375
0 0.2765625 0.2015625 0.059375 0.065625
0 0.39921875 0.0296875 0.0734375 0.059375
0 0.41015625 0.0921875 0.0703125 0.059375
0 0.4734375 0.02109375 0.05625 0.0421875
0 0.49453125 0.08984375 0.0671875 0.0765625
0 0.56015625 0.08046875 0.0578125 0.0671875
0 0.5484375 0.015625 0.059375 0.03125
0 0.64765625 0.0625 0.0671875 0.06875
0 0.66796875 0.14140625 0.0609375 0.0640625
0 0.67578125 0.22265625 0.0609375 0.0609375
0 0.6046875 0.23125 0.0671875 0.0625
0 0.62421875 0.3078125 0.0671875 0.06875
0 0.62890625 0.3859375 0.0546875 0.06875
0 0.71875 0.38359375 0.0625 0.0734375
0 0.6984375 0.29375 0.059375 0.0703125
0 0.775 0.28203125 0.05625 0.0546875
0 0.8515625 0.27421875 0.0625 0.0640625
0 0.93515625 0.26171875 0.0734375 0.0609375
0 0.7421875 0.13046875 0.053125 0.0640625
0 0.803125 0.0453125 0.059375 0.059375
0 0.88828125 0.03515625 0.0640625 0.0609375
0 0.89921875 0.10546875 0.0640625 0.0546875
0 0.81953125 0.11796875 0.0703125 0.0640625
0 0.828125 0.1953125 0.0625 0.084375
0 0.75546875 0.20703125 0.0734375 0.0703125
0 0.96171875 0.0203125 0.0640625 0.040625
0 0.98203125 0.1671875 0.0359375 0.059375
0 0.909375 0.18671875 0.053125 0.0609375
0 0.590625 0.15625 0.0625 0.0625
0 0.16796875 0.05390625 0.0609375 0.0609375
0 0.06484375 0.61640625 0.0734375 0.0703125
0 0.1390625 0.6078125 0.059375 0.053125
0 0.20390625 0.60703125 0.0640625 0.0734375
0 0.27890625 0.59453125 0.0640625 0.0640625
0 0.359375 0.5875 0.0703125 0.065625
0 0.4375 0.57265625 0.071875 0.0578125
0 0.5171875 0.559375 0.05625 0.05625
0 0.59453125 0.546875 0.0734375 0.053125
0 0.65859375 0.540625 0.0671875 0.065625
0 0.6578125 0.46328125 0.065625 0.0671875
0 0.1078125 0.53671875 0.04375 0.0515625
0 0.078125 0.703125 0.071875 0.078125
0 0.1453125 0.69140625 0.0734375 0.0703125
0 0.22265625 0.68984375 0.0609375 0.0671875
0 0.30234375 0.671875 0.0640625 0.071875
0 0.3796875 0.65859375 0.0625 0.0671875
0 0.4484375 0.646875 0.059375 0.04375
0 0.53359375 0.63515625 0.0734375 0.0578125
0 0.5515625 0.709375 0.0625 0.065625
0 0.47265625 0.71953125 0.0703125 0.0546875
0 0.38671875 0.74453125 0.0609375 0.0578125
0 0.31015625 0.75234375 0.0640625 0.0734375
0 0.23515625 0.7625 0.0546875 0.0625
0 0.15703125 0.76875 0.0484375 0.053125
0 0.090625 0.7859375 0.0625 0.05625
0 0.10078125 0.86796875 0.0671875 0.0640625
0 0.19609375 0.91875 0.0734375 0.05625
0 0.2734375 0.9125 0.053125 0.053125
0 0.25703125 0.83203125 0.0765625 0.0765625
0 0.334375 0.8296875 0.06875 0.05625
0 0.3484375 0.8984375 0.0703125 0.071875
0 0.3609375 0.975 0.065625 0.05
0 0.2875 0.9765625 0.065625 0.046875
0 0.21171875 0.97421875 0.0734375 0.0515625
0 0.13203125 0.9859375 0.0515625 0.028125
0 0.72421875 0.05703125 0.0421875 0.0421875
0 0.79453125 0.36328125 0.0640625 0.0609375
0 0.8671875 0.35 0.0625 0.065625
0 0.95078125 0.34140625 0.0578125 0.0734375
0 0.9640625 0.42421875 0.059375 0.0578125
0 0.97578125 0.4984375 0.0453125 0.065625
0 0.88515625 0.42734375 0.0578125 0.0640625
0 0.8125 0.44375 0.0625 0.065625
0 0.73125 0.45546875 0.05 0.0578125
0 0.74609375 0.53046875 0.0609375 0.0703125
0 0.76796875 0.6078125 0.0671875 0.065625
0 0.68984375 0.6203125 0.0578125 0.059375
0 0.70859375 0.68046875 0.046875 0.0484375
0 0.628125 0.703125 0.0671875 0.071875
0 0.615625 0.6171875 0.065625 0.071875
0 0.828125 0.5140625 0.053125 0.053125
0 0.90546875 0.50546875 0.0703125 0.0640625
0 0.9265625 0.584375 0.0625 0.065625
0 0.84375 0.596875 0.0625 0.075
0 0.859375 0.67421875 0.071875 0.0734375
0 0.9421875 0.6625 0.0625 0.065625
0 0.9859375 0.5875 0.028125 0.059375
0 0.7828125 0.68515625 0.05625 0.0640625
0 0.73203125 0.75625 0.0640625 0.059375
0 0.80078125 0.7546875 0.0546875 0.0625
0 0.88046875 0.7453125 0.0578125 0.053125
0 0.95390625 0.73515625 0.0640625 0.0640625
0 0.96953125 0.80625 0.0578125 0.05625
0 0.98046875 0.8953125 0.0390625 0.0625
0 0.9109375 0.8890625 0.0625 0.059375
0 0.8953125 0.815625 0.0625 0.06875
0 0.815625 0.83203125 0.059375 0.0609375
0 0.8359375 0.903125 0.0625 0.05625
0 0.753125 0.91953125 0.059375 0.0640625
0 0.74765625 0.840625 0.0515625 0.0625
0 0.6390625 0.77421875 0.053125 0.0546875
0 0.50546875 0.87421875 0.0640625 0.0609375
0 0.60703125 0.93515625 0.0734375 0.0734375
0 0.496875 0.8 0.0625 0.059375
0 0.41484375 0.81015625 0.0546875 0.0515625
0 0.4296875 0.890625 0.0703125 0.071875
0 0.44921875 0.96640625 0.0546875 0.0578125
0 0.53046875 0.9515625 0.0671875 0.065625
0 0.58125 0.85625 0.059375 0.05625
0 0.5734375 0.7890625 0.04375 0.046875
0 0.65546875 0.84921875 0.0765625 0.0640625
0 0.70078125 0.98671875 0.0640625 0.0265625
0 0.7734375 0.98125 0.071875 0.034375
0 0.853125 0.96875 0.065625 0.0625
0 0.928125 0.97109375 0.053125 0.0578125
0 0.68046875 0.9265625 0.0546875 0.05
0 0.02109375 0.95078125 0.0421875 0.0609375
0 0.6203125 0.9890625 0.0625 0.021875
0 0.98828125 0.9625 0.0234375 0.05625
0 0.6328125 0.0109375 0.05 0.021875
0 0.97421875 0.096875 0.0515625 0.08125
0 0.9859375 0.24375 0.028125 0.075