0 0.98984375 0.98359375 0.0203125 0.0328125
0 0.93125 0.97890625 0.075 0.04140625
0 0.953125 0.9046875 0.059375 0.05546875
0 0.8640625 0.90078125 0.05390625 0.05546875
0 0.9640625 0.81953125 0.07109375 0.08671875
0 0.87734375 0.8109375 0.04375 0.059375
0 0.91640625 0.6375 0.05234375 0.059375
0 0.9921875 0.64921875 0.015625 0.05546875
0 0.9578125 0.4703125 0.05 0.0609375
0 0.98203125 0.2890625 0.0359375 0.06875
0 0.97421875 0.378125 0.04140625 0.0453125
0 0.490625 0.03828125 0.05390625 0.065625
0 0.44609375 0.01875 0.0390625 0.0375
0 0.55625 0.05390625 0.05390625 0.065625
0 0.628125 0.07109375 0.065625 0.065625
0 0.7203125 0.02578125 0.0625 0.0515625
0 0.7078125 0.08828125 0.05390625 0.05546875
0 0.7703125 0.10625 0.06796875 0.07265625
0 0.8375 0.11796875 0.05390625 0.0453125
0 0.91328125 0.1390625 0.06953125 0.06953125
0 0.9 0.2125 0.05 0.0609375
0 0.8265625 0.19609375 0.059375 0.06953125
0 0.75546875 0.16953125 0.07265625 0.06796875
0 0.6796875 0.1609375 0.05703125 0.0609375
0 0.6140625 0.140625 0.04375 0.0484375
0 0.790625 0.0296875 0.05390625 0.059375
0 0.86015625 0.053125 0.0609375 0.0609375
0 0.93828125 0.0125 0.05390625 0.02421875
0 0.646875 0.0140625 0.05390625 0.028125
0 0.875 0.278125 0.059375 0.059375
0 0.86640625 0.35859375 0.0765625 0.075
0 0.78828125 0.3328125 0.04140625 0.046875
0 0.8484375 0.425 0.078125 0.06953125
0 0.77890625 0.40859375 0.05 0.05390625
0 0.703125 0.39765625 0.0625 0.065625
0 0.6375 0.3734375 0.065625 0.06953125
0 0.56328125 0.3578125 0.075 0.08359375
0 0.48984375 0.334375 0.065625 0.078125
0 0.41953125 0.3171875 0.05703125 0.0609375
0 0.65859375 0.3 0.05703125 0.0625
0 0.57890625 0.28359375 0.05 0.05390625
0 0.509375 0.2625 0.06796875 0.0625
0 0.4484375 0.24453125 0.0328125 0.03828125
0 0.7421875 0.2546875 0.05390625 0.05703125
0 0.8046875 0.2734375 0.04375 0.04375
0 0.6703125 0.22421875 0.05234375 0.0484375
0 0.8296875 0.49921875 0.05234375 0.0609375
0 0.76484375 0.48125 0.0609375 0.059375
0 0.690625 0.46875 0.05234375 0.05234375
0 0.62265625 0.453125 0.0609375 0.0609375
0 0.55234375 0.4265625 0.05234375 0.0609375
0 0.4828125 0.41328125 0.05234375 0.05234375
0 0.40703125 0.39609375 0.05703125 0.0625
0 0.39375 0.465625 0.065625 0.0625
0 0.46875 0.47890625 0.065625 0.0625
0 0.5375 0.5 0.05703125 0.0625
0 0.60859375 0.51640625 0.05390625 0.0609375
0 0.67421875 0.53828125 0.0609375 0.06953125
0 0.7484375 0.55546875 0.059375 0.06953125
0 0.81484375 0.57578125 0.03984375 0.046875
0 0.80390625 0.64609375 0.05234375 0.059375
0 0.72890625 0.6296875 0.0625 0.06796875
0 0.6609375 0.6125 0.05390625 0.0625
0 0.58671875 0.590625 0.05234375 0.059375
0 0.52265625 0.571875 0.059375 0.05703125
0 0.44765625 0.553125 0.05234375 0.05390625
0 0.384375 0.5421875 0.05703125 0.0609375
0 0.375 0.60859375 0.059375 0.0609375
0 0.43125 0.621875 0.0609375 0.0625
0 0.575 0.665625 0.06953125 0.06953125
0 0.6453125 0.68515625 0.05 0.0609375
0 0.71640625 0.6953125 0.05390625 0.0609375
0 0.78359375 0.71796875 0.06796875 0.07109375
0 0.70234375 0.76640625 0.05703125 0.05703125
0 0.55546875 0.73125 0.0484375 0.05546875
0 0.4828125 0.71796875 0.05234375 0.05234375
0 0.41484375 0.6953125 0.04140625 0.05390625
0 0.4015625 0.76796875 0.05703125 0.078125
0 0.47578125 0.7859375 0.059375 0.06796875
0 0.61015625 0.82890625 0.05 0.05
0 0.68125 0.8359375 0.05390625 0.05703125
0 0.75234375 0.8609375 0.05 0.065625
0 0.7453125 0.934375 0.03984375 0.05234375
0 0.721875 0.97890625 0.06953125 0.04140625
0 0.65078125 0.97578125 0.0484375 0.0484375
0 0.575 0.96640625 0.059375 0.0640625
0 0.50234375 0.94375 0.075 0.08828125
0 0.48515625 0.9875 0.075 0.02421875
0 0.41796875 0.98125 0.0609375 0.0375
0 0.35 0.97265625 0.053125 0.0546875
0 0.66953125 0.9125 0.0609375 0.0609375
0 0.59453125 0.89296875 0.07109375 0.06796875
0 0.52109375 0.87265625 0.0625 0.06796875
0 0.4546875 0.859375 0.065625 0.06953125
0 0.38203125 0.83359375 0.0484375 0.059375
0 0.11484375 0.03359375 0.0703125 0.0671875
0 0.0328125 0.01796875 0.059375 0.0359375
0 0.02890625 0.09609375 0.05703125 0.078125
0 0.196875 0.0640625 0.04375 0.0765625
0 0.26875 0.175 0.0484375 0.0484375
0 0.24921875 0.26484375 0.06796875 0.078125
0 0.24375 0.35234375 0.078125 0.0796875
0 0.06875 0.375 0.075 0.08359375
0 0.01640625 0.34609375 0.0328125 0.0921875
0 0.05546875 0.46953125 0.065625 0.07109375
0 0.13515625 0.5 0.0796875 0.08671875
0 0.2203125 0.5203125 0.065625 0.078125
0 0.21328125 0.609375 0.0796875 0.0796875
0 0.12734375 0.57890625 0.06796875 0.0640625
0 0.03984375 0.55390625 0.06953125 0.08359375
0 0.11484375 0.6671875 0.0765625 0.08515625
0 0.03125 0.71953125 0.0625 0.0921875
0 0.10390625 0.7453125 0.0796875 0.08515625
0 0.02421875 0.18671875 0.0484375 0.06796875
0 0.0890625 0.8328125 0.06796875 0.075
0 0.07890625 0.90546875 0.0609375 0.0640625
0 0.009375 0.88359375 0.01875 0.05546875
0 0.17109375 0.85859375 0.078125 0.08515625
0 0.20234375 0.92265625 0.05 0.0640625
0 0.01875 0.80625 0.0375 0.06875
0 0.62734375 0.75546875 0.06796875 0.0765625
0 0.54453125 0.8046875 0.04375 0.05234375
0 0.440625 0.92890625 0.04140625 0.034375
0 0.175 0.2421875 0.034375 0.05703125
0 0.09453125 0.125 0.02265625 0.0328125
0 0.0265625 0.63984375 0.03671875 0.046875