0 0.00703125 0.9703125 0.01328125 0.059375
0 0.1140625 0.9578125 0.059375 0.07265625
0 0.25859375 0.93984375 0.05 0.04765625
0 0.4703125 0.9828125 0.06328125 0.034375
0 0.571875 0.9890625 0.046875 0.021875
0 0.44609375 0.91171875 0.07265625 0.0765625
0 0.34453125 0.925 0.05 0.0578125
0 0.54296875 0.89765625 0.05546875 0.0671875
0 0.640625 0.88125 0.0671875 0.08046875
0 0.66484375 0.971875 0.0578125 0.05546875
0 0.7546875 0.96328125 0.0765625 0.07265625
0 0.85078125 0.953125 0.0578125 0.06328125
0 0.9421875 0.94765625 0.0578125 0.07109375
0 0.9921875 0.840625 0.015625 0.0765625
0 0.91953125 0.85234375 0.06875 0.07265625
0 0.8265625 0.86328125 0.0671875 0.075
0 0.73671875 0.87734375 0.0671875 0.07265625
0 0.62265625 0.78984375 0.05 0.07109375
0 0.7125 0.7828125 0.06875 0.0859375
0 0.80390625 0.7671875 0.059375 0.0671875
0 0.9796875 0.74921875 0.03984375 0.09609375
0 0.97265625 0.65546875 0.0546875 0.0828125
0 0.88046875 0.66640625 0.0671875 0.07265625
0 0.78515625 0.67421875 0.07265625 0.08046875
0 0.6890625 0.69140625 0.059375 0.0578125
0 0.59609375 0.703125 0.06484375 0.0671875
0 0.50078125 0.7125 0.05546875 0.0609375
0 0.30546875 0.740625 0.0671875 0.059375
0 0.2171875 0.7515625 0.05546875 0.06328125
0 0.23359375 0.84375 0.05 0.06328125
0 0.325 0.82734375 0.0671875 0.0671875
0 0.06796875 0.76640625 0.06328125 0.08046875
0 0.09453125 0.86796875 0.04765625 0.0578125
0 0.0375 0.5921875 0.04765625 0.05
0 0.20078125 0.6625 0.05390625 0.0578125
0 0.2875 0.6515625 0.06875 0.08046875
0 0.38671875 0.63828125 0.0578125 0.0578125
0 0.47890625 0.6328125 0.05 0.04765625
0 0.403125 0.72890625 0.06328125 0.06328125
0 0.5203125 0.80859375 0.03671875 0.04765625
0 0.5796875 0.6109375 0.059375 0.06875
0 0.66796875 0.6 0.05546875 0.05390625
0 0.76953125 0.584375 0.075 0.08046875
0 0.92890625 0.46875 0.07265625 0.08984375
0 0.740625 0.47578125 0.05546875 0.0671875
0 0.6453125 0.49453125 0.05 0.05390625
0 0.54921875 0.50703125 0.05546875 0.059375
0 0.45390625 0.521875 0.0578125 0.06328125
0 0.36328125 0.53828125 0.02890625 0.03828125
0 0.26171875 0.55546875 0.05546875 0.0609375
0 0.175 0.5640625 0.05546875 0.0578125
0 0.02109375 0.49921875 0.0421875 0.0671875
0 0.0734375 0.47578125 0.04375 0.04765625
0 0.15234375 0.475 0.0671875 0.07265625
0 0.24921875 0.46484375 0.06875 0.08984375
0 0.33515625 0.43671875 0.05390625 0.0578125
0 0.44140625 0.42890625 0.06328125 0.06875
0 0.53125 0.42265625 0.059375 0.0671875
0 0.63203125 0.40390625 0.05 0.0578125
0 0.8171875 0.3859375 0.075 0.07890625
0 0.9140625 0.37265625 0.06875 0.07109375
0 0.9875 0.36328125 0.025 0.07109375
0 0.97109375 0.27109375 0.0578125 0.07890625
0 0.88203125 0.2828125 0.06328125 0.06328125
0 0.7 0.30390625 0.06328125 0.0671875
0 0.60234375 0.31484375 0.07890625 0.07109375
0 0.509375 0.34375 0.04609375 0.0578125
0 0.409375 0.3515625 0.05546875 0.0671875
0 0.32265625 0.35 0.05546875 0.06328125
0 0.228125 0.36484375 0.06484375 0.0671875
0 0.1328125 0.38203125 0.0671875 0.07109375
0 0.00859375 0.4 0.0171875 0.06875
0 0.9609375 0.1796875 0.075 0.08828125
0 0.865625 0.18671875 0.05 0.07109375
0 0.77265625 0.19609375 0.08203125 0.08203125
0 0.67734375 0.21171875 0.075 0.0859375
0 0.5796875 0.22890625 0.07890625 0.0765625
0 0.4859375 0.23671875 0.075 0.0859375
0 0.39375 0.2484375 0.06328125 0.07109375
0 0.296875 0.2640625 0.07265625 0.0765625
0 0.2046875 0.2796875 0.06875 0.09609375
0 0.103125 0.2890625 0.0765625 0.0765625
0 0.93671875 0.08828125 0.0765625 0.0765625
0 0.75 0.109375 0.075 0.08828125
0 0.8484375 0.090625 0.07265625 0.06328125
0 0.6578125 0.12578125 0.05546875 0.1015625
0 0.56484375 0.1328125 0.08828125 0.08984375
0 0.4625 0.14296875 0.0671875 0.07109375
0 0.3734375 0.15625 0.05 0.059375
0 0.27890625 0.16640625 0.06328125 0.06875
0 0.18515625 0.1796875 0.075 0.0765625
0 0.08125 0.18984375 0.07890625 0.08828125
0 0.16484375 0.0875 0.06484375 0.08203125
0 0.0640625 0.10234375 0.08203125 0.0859375
0 0.259375 0.0765625 0.06328125 0.08046875
0 0.34453125 0.0671875 0.06875 0.08046875
0 0.44765625 0.05625 0.075 0.07890625
0 0.53984375 0.0421875 0.0765625 0.08046875
0 0.63515625 0.03046875 0.0671875 0.0609375
0 0.72890625 0.025 0.06328125 0.05
0 0.821875 0.02109375 0.06484375 0.0421875
0 0.92109375 0.015625 0.06484375 0.03046875
0 0.23359375 0.0078125 0.0578125 0.015625
0 0.13828125 0.0140625 0.0765625 0.028125
0 0.046875 0.025 0.0859375 0.05
0 0.95390625 0.55625 0.07265625 0.08203125