0 0.93828125 0.1640625 0.07421875 0.07734375
0 0.91953125 0.25546875 0.07890625 0.07265625
0 0.90390625 0.3265625 0.065625 0.07265625
0 0.97421875 0.33359375 0.05078125 0.0859375
0 0.96484375 0.409375 0.0703125 0.084375
0 0.94609375 0.49921875 0.07421875 0.08046875
0 0.8609375 0.15078125 0.05625 0.0609375
0 0.8359375 0.234375 0.07265625 0.06953125
0 0.82109375 0.31796875 0.06796875 0.07109375
0 0.803125 0.39765625 0.07109375 0.07578125
0 0.7890625 0.47890625 0.07578125 0.07890625
0 0.76484375 0.55546875 0.0640625 0.06796875
0 0.84609375 0.56875 0.07734375 0.07109375
0 0.865625 0.48671875 0.07109375 0.07890625
0 0.88125 0.40546875 0.0625 0.0578125
0 0.9890625 0.58671875 0.02109375 0.0578125
0 0.9265625 0.58203125 0.07109375 0.07421875
0 0.91015625 0.659375 0.0640625 0.0609375
0 0.83046875 0.64765625 0.07421875 0.0640625
0 0.81328125 0.73046875 0.07578125 0.07421875
0 0.8921875 0.7390625 0.06953125 0.07109375
0 0.9671875 0.75546875 0.05625 0.05625
0 0.7765625 0.1515625 0.06796875 0.07890625
0 0.696875 0.1375 0.07734375 0.07734375
0 0.6109375 0.12421875 0.06953125 0.0640625
0 0.5328125 0.11640625 0.053125 0.0578125
0 0.45859375 0.11171875 0.053125 0.0640625
0 0.3671875 0.0984375 0.07734375 0.07734375
0 0.28515625 0.09375 0.07578125 0.0859375
0 0.1203125 0.0578125 0.07578125 0.0625
0 0.03125 0.04375 0.0625 0.07734375
0 0.984375 0.25859375 0.03125 0.06796875
0 0.75078125 0.2296875 0.06953125 0.06953125
0 0.67890625 0.21640625 0.07109375 0.065625
0 0.5984375 0.2046875 0.07734375 0.06953125
0 0.51328125 0.2 0.065625 0.065625
0 0.43984375 0.19140625 0.0640625 0.059375
0 0.34921875 0.171875 0.07421875 0.059375
0 0.26015625 0.16640625 0.07734375 0.07578125
0 0.1875 0.15625 0.07421875 0.07109375
0 0.09921875 0.1359375 0.059375 0.07109375
0 0.02578125 0.121875 0.05078125 0.07890625
0 0.015625 0.2015625 0.03125 0.06953125
0 0.08046875 0.22734375 0.05625 0.07265625
0 0.16484375 0.23125 0.059375 0.07265625
0 0.2453125 0.24375 0.0640625 0.07109375
0 0.31328125 0.3359375 0.053125 0.04921875
0 0.22578125 0.32109375 0.06953125 0.0609375
0 0.1453125 0.315625 0.059375 0.06796875
0 0.13046875 0.390625 0.07265625 0.0609375
0 0.03984375 0.36640625 0.0625 0.0625
0 0.00703125 0.296875 0.0140625 0.05625
0 0.66171875 0.290625 0.065625 0.07421875
0 0.74375 0.3046875 0.07578125 0.07734375
0 0.71875 0.3828125 0.07578125 0.06953125
0 0.70390625 0.46640625 0.08046875 0.07421875
0 0.61875 0.4609375 0.06953125 0.0609375
0 0.60546875 0.5375 0.06953125 0.07421875
0 0.68515625 0.5546875 0.06953125 0.065625
0 0.6625 0.63125 0.0875 0.07421875
0 0.58203125 0.6234375 0.07734375 0.065625
0 0.4984375 0.61171875 0.07890625 0.08046875
0 0.52890625 0.52734375 0.06796875 0.07109375
0 0.571875 0.284375 0.08046875 0.0875
0 0.49453125 0.27578125 0.07109375 0.07890625
0 0.4078125 0.26953125 0.07890625 0.084375
0 0.32578125 0.26015625 0.06796875 0.0640625
0 0.6390625 0.3828125 0.06796875 0.06953125
0 0.55703125 0.3671875 0.07734375 0.07421875
0 0.4734375 0.365625 0.0859375 0.07734375
0 0.3828125 0.36171875 0.06953125 0.06953125
0 0.38125 0.428125 0.07109375 0.0609375
0 0.4640625 0.44296875 0.0828125 0.07734375
0 0.43515625 0.52109375 0.0578125 0.053125
0 0.3609375 0.5109375 0.07421875 0.07109375
0 0.29453125 0.4171875 0.07421875 0.07265625
0 0.20859375 0.403125 0.07109375 0.07109375
0 0.1953125 0.48203125 0.07421875 0.06953125
0 0.10859375 0.475 0.07265625 0.07578125
0 0.03828125 0.45703125 0.07578125 0.0859375
0 0.01953125 0.5375 0.0390625 0.059375
0 0.01171875 0.61484375 0.0234375 0.07109375
0 0.64765625 0.7171875 0.084375 0.07734375
0 0.79453125 0.81328125 0.07421875 0.07109375
0 0.7109375 0.809375 0.07421875 0.0640625
0 0.63046875 0.7921875 0.07890625 0.07890625
0 0.559375 0.70234375 0.07265625 0.07421875
0 0.48125 0.69375 0.07421875 0.07421875
0 0.3984375 0.67734375 0.07421875 0.0640625
0 0.4234375 0.609375 0.07109375 0.07734375
0 0.340625 0.590625 0.07109375 0.07109375
0 0.24921875 0.5765625 0.065625 0.0609375
0 0.17890625 0.56171875 0.07421875 0.07421875
0 0.08828125 0.54921875 0.07421875 0.07578125
0 0.06875 0.6359375 0.07109375 0.07421875
0 0.15859375 0.6421875 0.07265625 0.06953125
0 0.23203125 0.6625 0.07734375 0.07734375
0 0.31484375 0.67109375 0.07578125 0.06796875
0 0.29921875 0.75234375 0.07109375 0.0828125
0 0.2203125 0.73671875 0.0640625 0.07734375
0 0.13828125 0.72890625 0.05625 0.0546875
0 0.059375 0.71484375 0.07265625 0.05625
0 0.0296875 0.790625 0.059375 0.0625
0 0.21015625 0.81328125 0.0609375 0.065625
0 0.1 0.88046875 0.0578125 0.06796875
0 0.365625 0.84296875 0.08046875 0.065625
0 0.34765625 0.93125 0.06796875 0.07109375
0 0.26328125 0.915625 0.0609375 0.07890625
0 0.25703125 0.97890625 0.0671875 0.0421875
0 0.16796875 0.97109375 0.06953125 0.0578125
0 0.54609375 0.78515625 0.065625 0.065625
0 0.4625 0.7703125 0.06796875 0.06953125
0 0.3828125 0.7546875 0.06953125 0.0640625
0 0.52734375 0.85859375 0.07734375 0.07421875
0 0.44296875 0.85390625 0.0640625 0.07421875
0 0.434375 0.93046875 0.059375 0.053125
0 0.515625 0.9453125 0.06796875 0.065625
0 0.4984375 0.99296875 0.075 0.0140625
0 0.41796875 0.990625 0.07421875 0.01796875
0 0.33046875 0.98515625 0.07421875 0.0296875
0 0.69765625 0.88046875 0.059375 0.0578125
0 0.6203125 0.86953125 0.0828125 0.07890625
0 0.59140625 0.9625 0.07421875 0.07421875
0 0.6828125 0.96171875 0.07890625 0.07578125
0 0.76328125 0.97265625 0.0609375 0.0546875
0 0.84609375 0.97109375 0.07734375 0.0578125
0 0.85625 0.9078125 0.0625 0.07890625
0 0.93671875 0.9125 0.084375 0.0828125
0 0.95 0.83203125 0.06796875 0.06953125
0 0.98125 0.98359375 0.0375 0.0328125
0 0.9328125 0.9765625 0.0578125 0.04609375
0 0.97734375 0.66796875 0.04453125 0.0625
0 0.27734375 0.8328125 0.059375 0.0546875
0 0.18203125 0.89765625 0.0578125 0.059375
0 0.12109375 0.809375 0.0640625 0.0640625
0 0.08671875 0.97109375 0.06796875 0.0578125
0 0.01953125 0.94609375 0.0390625 0.0703125
0 0.871875 0.82890625 0.0640625 0.07109375
0 0.72890625 0.72265625 0.07109375 0.065625
0 0.0171875 0.8671875 0.034375 0.0578125
0 0.78203125 0.896875 0.04609375 0.05078125