0 0.09609375 0.915625 0.0640625 0.0609375
0 0.02421875 0.90625 0.0484375 0.065625
0 0.015625 0.98046875 0.03125 0.0390625
0 0.07890625 0.984375 0.059375 0.03125
0 0.171875 0.9828125 0.059375 0.034375
0 0.3421875 0.94375 0.0734375 0.0640625
0 0.3296875 0.98984375 0.065625 0.01953125
0 0.41328125 0.95078125 0.04609375 0.0625
0 0.5046875 0.9578125 0.04296875 0.04453125
0 0.58515625 0.971875 0.0625 0.05546875
0 0.83046875 0.98671875 0.05390625 0.0265625
0 0.98828125 0.94609375 0.02265625 0.059375
0 0.9265625 0.9328125 0.0625 0.07578125
0 0.846875 0.92578125 0.0703125 0.0671875
0 0.7640625 0.9140625 0.065625 0.0703125
0 0.68046875 0.90234375 0.07578125 0.08671875
0 0.6 0.896875 0.065625 0.06875
0 0.51796875 0.878125 0.065625 0.0734375
0 0.43125 0.8765625 0.059375 0.0609375
0 0.19921875 0.84296875 0.04765625 0.059375
0 0.36328125 0.86328125 0.0375 0.04453125
0 0.85234375 0.7984375 0.0625 0.0734375
0 0.934375 0.81015625 0.0625 0.07578125
0 0.99296875 0.815625 0.0140625 0.0625
0 0.7484375 0.7828125 0.0640625 0.07734375
0 0.61953125 0.7703125 0.065625 0.06875
0 0.5390625 0.76484375 0.04921875 0.05078125
0 0.45625 0.753125 0.0640625 0.0609375
0 0.38046875 0.7359375 0.0625 0.059375
0 0.3 0.728125 0.065625 0.059375
0 0.2171875 0.72578125 0.05078125 0.0609375
0 0.14375 0.70625 0.0671875 0.065625
0 0.06015625 0.7015625 0.0640625 0.0625
0 0.003125 0.6953125 0.00625 0.065625
0 0.07890625 0.62578125 0.04921875 0.05703125
0 0.015625 0.61015625 0.03125 0.07890625
0 0.1609375 0.63203125 0.04921875 0.05703125
0 0.2359375 0.64609375 0.05546875 0.059375
0 0.315625 0.64921875 0.065625 0.065625
0 0.39921875 0.66328125 0.0640625 0.065625
0 0.478125 0.66796875 0.0640625 0.0703125
0 0.565625 0.67734375 0.07890625 0.08203125
0 0.64296875 0.6890625 0.0625 0.0703125
0 0.70703125 0.70234375 0.0375 0.040625
0 0.76640625 0.70546875 0.0671875 0.0703125
0 0.87578125 0.71796875 0.05546875 0.0625
0 0.95546875 0.7328125 0.059375 0.06875
0 0.8890625 0.640625 0.0671875 0.065625
0 0.78359375 0.6265625 0.065625 0.06875
0 0.9671875 0.653125 0.059375 0.05703125
0 0.65546875 0.615625 0.0625 0.0703125
0 0.58125 0.60234375 0.0375 0.0375
0 0.496875 0.60234375 0.065625 0.0703125
0 0.41796875 0.58671875 0.059375 0.0625
0 0.33828125 0.57421875 0.05390625 0.05703125
0 0.25390625 0.565625 0.0625 0.0625
0 0.1796875 0.55703125 0.0703125 0.07890625
0 0.02578125 0.540625 0.05078125 0.0625
0 0.1203125 0.4671875 0.05703125 0.0625
0 0.03984375 0.45625 0.0703125 0.0734375
0 0.19609375 0.478125 0.0703125 0.0671875
0 0.27578125 0.48828125 0.04921875 0.0625
0 0.3578125 0.496875 0.04765625 0.0625
0 0.4375 0.51171875 0.0625 0.05703125
0 0.52421875 0.515625 0.0625 0.065625
0 0.6 0.5265625 0.065625 0.08203125
0 0.68046875 0.540625 0.059375 0.06875
0 0.740625 0.546875 0.04609375 0.05703125
0 0.79921875 0.54609375 0.0671875 0.0625
0 0.9796875 0.57265625 0.040625 0.07734375
0 0.8203125 0.46953125 0.040625 0.05078125
0 0.7671875 0.46484375 0.04296875 0.05703125
0 0.6984375 0.46328125 0.05546875 0.0609375
0 0.92734375 0.47734375 0.0671875 0.065625
0 0.9890625 0.49453125 0.02109375 0.0671875
0 0.6234375 0.44609375 0.05703125 0.059375
0 0.540625 0.4390625 0.059375 0.0625
0 0.459375 0.4296875 0.0625 0.06875
0 0.3765625 0.4234375 0.05390625 0.0640625
0 0.290625 0.4109375 0.05078125 0.05703125
0 0.2171875 0.3984375 0.0671875 0.0625
0 0.13359375 0.390625 0.05390625 0.05703125
0 0.053125 0.3765625 0.05078125 0.0671875
0 0.31171875 0.3359375 0.059375 0.0625
0 0.39609375 0.34296875 0.05390625 0.05703125
0 0.4765625 0.35078125 0.05703125 0.059375
0 0.559375 0.36328125 0.065625 0.0671875
0 0.6390625 0.3734375 0.0625 0.065625
0 0.7140625 0.3859375 0.05703125 0.0703125
0 0.78359375 0.39296875 0.04921875 0.05078125
0 0.840625 0.39921875 0.04921875 0.05703125
0 0.23203125 0.3234375 0.0375 0.05390625
0 0.009375 0.2921875 0.01796875 0.05546875
0 0.1765625 0.2375 0.05078125 0.0625
0 0.25625 0.24765625 0.0640625 0.0671875
0 0.32890625 0.259375 0.040625 0.0625
0 0.41796875 0.2703125 0.0625 0.06875
0 0.49609375 0.27421875 0.05078125 0.05390625
0 0.58046875 0.2828125 0.05546875 0.0609375
0 0.65390625 0.296875 0.05546875 0.065625
0 0.73984375 0.2984375 0.04765625 0.040625
0 0.796875 0.3125 0.05546875 0.05703125
0 0.8625 0.31640625 0.04921875 0.0625
0 0.9625 0.32734375 0.0625 0.065625
0 0.09453125 0.22265625 0.05078125 0.05078125
0 0.0171875 0.21015625 0.034375 0.04921875
0 0.11171875 0.14765625 0.059375 0.06875
0 0.190625 0.15546875 0.0640625 0.06875
0 0.2703125 0.1609375 0.07578125 0.08046875
0 0.3546875 0.1734375 0.0375 0.04921875
0 0.434375 0.18828125 0.04609375 0.0625
0 0.51328125 0.2 0.065625 0.06875
0 0.60078125 0.21015625 0.05390625 0.0625
0 0.67890625 0.21640625 0.05546875 0.06875
0 0.76015625 0.22109375 0.05703125 0.06875
0 0.8171875 0.2328125 0.04765625 0.05234375
0 0.87421875 0.234375 0.0640625 0.065625
0 0.97421875 0.253125 0.05078125 0.07734375
0 0.0296875 0.13828125 0.059375 0.0671875
0 0.134375 0.0703125 0.0625 0.0625
0 0.371875 0.10234375 0.0625 0.07734375
0 0.29375 0.08984375 0.05546875 0.06875
0 0.453125 0.10546875 0.04765625 0.05078125
0 0.5375 0.121875 0.059375 0.0671875
0 0.615625 0.128125 0.05703125 0.0625
0 0.696875 0.134375 0.0625 0.06875
0 0.77890625 0.14921875 0.059375 0.08203125
0 0.84296875 0.14296875 0.0390625 0.05234375
0 0.8953125 0.1609375 0.065625 0.07890625
0 0.95390625 0.16015625 0.0296875 0.0375
0 0.98828125 0.17265625 0.02265625 0.05390625
0 0.04609375 0.0625 0.065625 0.065625
0 0.1515625 0.01796875 0.0671875 0.0359375
0 0.06875 0.0078125 0.05625 0.015625
0 0.22421875 0.0140625 0.05234375 0.028125
0 0.38671875 0.0296875 0.065625 0.059375
0 0.46796875 0.03046875 0.05703125 0.05703125
0 0.5515625 0.03671875 0.0640625 0.0703125
0 0.63671875 0.053125 0.05703125 0.05390625
0 0.715625 0.059375 0.08046875 0.08203125
0 0.79609375 0.06484375 0.040625 0.0609375
0 0.85625 0.065625 0.01796875 0.0359375
0 0.91484375 0.078125 0.065625 0.0703125
0 0.98046875 0.0828125 0.0265625 0.0375
0 0.9375 0.0171875 0.0625 0.034375
0 0.87734375 0.01015625 0.04296875 0.01953125
0 0.8125 0.01875 0.05703125 0.0375
0 0.0953125 0.5453125 0.059375 0.0609375
0 0.71796875 0.62109375 0.04921875 0.05234375
0 0.94921875 0.4015625 0.05546875 0.05546875