0 0.15078125 0.4265625 0.0984375 0.1015625
0 0.17421875 0.521875 0.08125 0.08515625
0 0.18671875 0.61953125 0.08515625 0.06953125
0 0.28046875 0.603125 0.0734375 0.06640625
0 0.37421875 0.5875 0.0734375 0.08515625
0 0.4671875 0.56875 0.0625 0.0734375
0 0.45078125 0.48125 0.07578125 0.07578125
0 0.36640625 0.496875 0.07578125 0.0890625
0 0.2671875 0.5109375 0.09609375 0.090625
0 0.0140625 0.553125 0.028125 0.07890625
0 0.0515625 0.4390625 0.08125 0.0890625
0 0.0671875 0.53203125 0.0828125 0.1015625
0 0.0953125 0.628125 0.0734375 0.07890625
0 0.02265625 0.64375 0.0453125 0.090625
0 0.0328125 0.73046875 0.065625 0.0765625
0 0.12421875 0.72109375 0.08671875 0.08125
0 0.21015625 0.703125 0.07734375 0.0890625
0 0.31015625 0.68515625 0.0890625 0.07890625
0 0.3984375 0.6734375 0.07578125 0.07578125
0 0.49609375 0.65859375 0.08125 0.090625
0 0.51484375 0.75625 0.071875 0.07890625
0 0.4171875 0.77421875 0.08671875 0.0890625
0 0.32578125 0.78359375 0.06953125 0.07734375
0 0.01484375 0.16796875 0.0296875 0.0828125
0 0.08203125 0.1484375 0.08515625 0.08125
0 0.07578125 0.0640625 0.07890625 0.071875
0 0.1515625 0.046875 0.08515625 0.08671875
0 0.18046875 0.14453125 0.08515625 0.07890625
0 0.203125 0.228125 0.08125 0.07890625
0 0.09921875 0.23515625 0.08125 0.0734375
0 0.02421875 0.25546875 0.0484375 0.0640625
0 0.12734375 0.3375 0.06953125 0.0640625
0 0.246875 0.39375 0.09453125 0.0890625
0 0.3109375 0.303125 0.071875 0.06953125
0 0.3359375 0.3984375 0.071875 0.0640625
0 0.428125 0.38671875 0.07890625 0.07578125
0 0.40546875 0.296875 0.07890625 0.07734375
0 0.39609375 0.20859375 0.07890625 0.0890625
0 0.37265625 0.11796875 0.0890625 0.07734375
0 0.2734375 0.13359375 0.071875 0.07890625
0 0.28984375 0.21484375 0.0734375 0.0828125
0 0.07734375 0.9140625 0.08671875 0.0734375
0 0.04453125 0.82265625 0.08515625 0.07890625
0 0.13671875 0.803125 0.06953125 0.06953125
0 0.22734375 0.78359375 0.0734375 0.06953125
0 0.15625 0.89609375 0.0640625 0.06796875
0 0.25 0.88125 0.08125 0.07578125
0 0.34453125 0.87578125 0.08125 0.08125
0 0.453125 0.86484375 0.090625 0.0890625
0 0.53671875 0.8484375 0.0890625 0.0734375
0 0.55625 0.946875 0.0640625 0.05625
0 0.46953125 0.9578125 0.05625 0.06640625
0 0.46875 0.01953125 0.059375 0.0390625
0 0.34140625 0.03203125 0.07578125 0.0640625
0 0.49453125 0.096875 0.0984375 0.0921875
0 0.528125 0.2859375 0.0640625 0.0734375
0 0.53671875 0.36875 0.06953125 0.06953125
0 0.6515625 0.16953125 0.08125 0.06796875
0 0.73671875 0.1546875 0.0734375 0.08671875
0 0.76640625 0.2578125 0.07578125 0.0734375
0 0.66484375 0.27734375 0.0625 0.07578125
0 0.690625 0.346875 0.0640625 0.0640625
0 0.79375 0.3484375 0.08515625 0.0734375
0 0.621875 0.646875 0.07734375 0.06796875
0 0.7375 0.54140625 0.0640625 0.07578125
0 0.828125 0.5234375 0.07578125 0.07734375
0 0.91796875 0.5046875 0.06640625 0.05859375
0 0.89609375 0.42734375 0.07890625 0.0734375
0 0.8078125 0.4375 0.090625 0.0828125
0 0.70859375 0.4515625 0.0734375 0.0734375
0 0.840625 0.1453125 0.0921875 0.09453125
0 0.92890625 0.13203125 0.06953125 0.06796875
0 0.94609375 0.22109375 0.05859375 0.05625
0 0.85859375 0.25 0.071875 0.07734375
0 0.97265625 0.3109375 0.0546875 0.07578125
0 0.87578125 0.3359375 0.06015625 0.04921875
0 0.90859375 0.046875 0.046875 0.06015625
0 0.81640625 0.06015625 0.0625 0.0640625
0 0.72109375 0.06875 0.06796875 0.08125
0 0.640625 0.0828125 0.07734375 0.0640625
0 0.6375 0.7375 0.08125 0.090625
0 0.66015625 0.83203125 0.071875 0.07890625
0 0.67890625 0.928125 0.0640625 0.07578125
0 0.68984375 0.9921875 0.08515625 0.01484375
0 0.8328125 0.98125 0.06640625 0.0375
0 0.18046875 0.975 0.0640625 0.05
0 0.27265625 0.971875 0.07734375 0.05625
0 0.76328125 0.63671875 0.09609375 0.0890625
0 0.77421875 0.728125 0.0734375 0.071875
0 0.8 0.81484375 0.08671875 0.08125
0 0.88984375 0.81015625 0.0890625 0.08515625
0 0.9234375 0.896875 0.07734375 0.0890625
0 0.82890625 0.91796875 0.07734375 0.08515625
0 0.75390625 0.91328125 0.05078125 0.0625
0 0.98203125 0.409375 0.0359375 0.08671875
0 0.98828125 0.5046875 0.0234375 0.06875
0 0.93203125 0.6046875 0.06015625 0.0625
0 0.85625 0.6140625 0.07578125 0.07734375
0 0.87109375 0.71328125 0.0890625 0.0984375
0 0.97265625 0.77734375 0.0546875 0.07578125
0 0.9640625 0.69921875 0.0453125 0.05625
0 0.98828125 0.8796875 0.0234375 0.08125
0 0.9359375 0.9765625 0.0828125 0.046875
0 0.596875 0.2734375 0.05859375 0.06796875
0 0.57421875 0.45859375 0.06953125 0.06796875
0 0.98359375 0.03515625 0.03203125 0.0625
0 0.99609375 0.13203125 0.0078125 0.07578125
0 0.99296875 0.2 0.0140625 0.053125
0 0.6109375 0.01015625 0.05625 0.0203125
0 0.7078125 0.009375 0.07890625 0.01875
0 0.80625 0.0046875 0.0625 0.009375
0 0.51328125 0.1921875 0.06015625 0.05625