0 0.93828125 0.21875 0.05546875 0.05078125
0 0.95859375 0.14375 0.0625 0.0640625
0 0.96640625 0.0609375 0.0671875 0.0671875
0 0.89296875 0.0515625 0.059375 0.065625
0 0.87109375 0.12890625 0.0625 0.05234375
0 0.85546875 0.2171875 0.065625 0.07578125
0 0.8171875 0.0359375 0.059375 0.071875
0 0.790625 0.12421875 0.0609375 0.0828125
0 0.72890625 0.02734375 0.05234375 0.05390625
0 0.70390625 0.11171875 0.07578125 0.08984375
0 0.68359375 0.19453125 0.065625 0.07421875
0 0.6359375 0.021875 0.065625 0.04375
0 0.621875 0.0890625 0.07109375 0.0796875
0 0.59296875 0.1765625 0.0671875 0.0859375
0 0.51953125 0.16640625 0.07421875 0.07578125
0 0.534375 0.08515625 0.07578125 0.07421875
0 0.565625 0.01328125 0.05 0.0265625
0 0.48125 0.01953125 0.0875 0.0390625
0 0.44609375 0.0671875 0.0578125 0.07109375
0 0.42578125 0.16015625 0.07265625 0.07109375
0 0.34765625 0.14375 0.0671875 0.0640625
0 0.36484375 0.0515625 0.05390625 0.07265625
0 0.28125 0.0484375 0.065625 0.065625
0 0.21015625 0.0359375 0.0671875 0.071875
0 0.1859375 0.12421875 0.0578125 0.07578125
0 0.1203125 0.034375 0.05390625 0.065625
0 0.096875 0.1125 0.0625 0.07109375
0 0.03125 0.02421875 0.0625 0.0484375
0 0.0203125 0.10546875 0.040625 0.07265625
0 0.9875 0.365625 0.025 0.0796875
0 0.76171875 0.42421875 0.084375 0.084375
0 0.9109375 0.54140625 0.07265625 0.065625
0 0.8859375 0.60625 0.07265625 0.0609375
0 0.728125 0.59453125 0.07578125 0.07109375
0 0.6375 0.57578125 0.07265625 0.07734375
0 0.55859375 0.48203125 0.0796875 0.07578125
0 0.4828125 0.56171875 0.07734375 0.07265625
0 0.4328125 0.63984375 0.0671875 0.084375
0 0.36484375 0.62265625 0.05390625 0.03515625
0 0.29453125 0.61171875 0.04765625 0.04375
0 0.19140625 0.678125 0.059375 0.0859375
0 0.28203125 0.70390625 0.04765625 0.05234375
0 0.3765625 0.70859375 0.0875 0.0796875
0 0.3515625 0.79453125 0.07109375 0.07578125
0 0.8921875 0.69453125 0.0875 0.07265625
0 0.8625 0.77421875 0.05234375 0.04765625
0 0.94609375 0.7859375 0.07421875 0.07265625
0 0.93359375 0.88359375 0.05546875 0.0578125
0 0.93671875 0.9609375 0.08984375 0.07734375
0 0.76796875 0.85703125 0.08984375 0.0796875
0 0.76953125 0.934375 0.0859375 0.08125
0 0.7390625 0.990625 0.05546875 0.01875
0 0.66015625 0.9859375 0.0796875 0.028125
0 0.57109375 0.98046875 0.0875 0.0390625
0 0.60078125 0.83203125 0.0796875 0.07265625
0 0.7 0.75234375 0.0828125 0.07265625
0 0.6171875 0.74765625 0.06953125 0.1
0 0.53359375 0.73046875 0.0671875 0.0796875
0 0.5296875 0.8109375 0.06953125 0.0875
0 0.4953125 0.978125 0.08125 0.04375
0 0.409375 0.96796875 0.07265625 0.0640625
0 0.1515625 0.93984375 0.07265625 0.0796875
0 0.253125 0.8734375 0.07109375 0.07109375
0 0.27421875 0.79140625 0.05546875 0.065625
0 0.23125 0.521875 0.0578125 0.0609375
0 0.13359375 0.50390625 0.05078125 0.0828125
0 0.0484375 0.496875 0.09296875 0.09453125
0 0.01015625 0.40546875 0.0203125 0.08125
0 0.34453125 0.27734375 0.0578125 0.05234375
0 0.32734375 0.3671875 0.07265625 0.0796875
0 0.26015625 0.26875 0.0578125 0.0671875
0 0.26328125 0.13984375 0.05390625 0.0640625
0 0.01875 0.2375 0.0375 0.09296875
0 0.15859375 0.2453125 0.0578125 0.0578125
0 0.50625 0.30546875 0.07265625 0.09140625
0 0.43359375 0.30546875 0.059375 0.0578125
0 0.925 0.36796875 0.0796875 0.07421875
0 0.86875 0.35 0.0390625 0.05390625
0 0.02734375 0.7375 0.05390625 0.07265625
0 0.1109375 0.665625 0.0796875 0.09453125
0 0.09609375 0.75703125 0.0640625 0.0640625
0 0.0609375 0.98203125 0.0671875 0.03515625
0 0.01171875 0.9796875 0.0234375 0.040625
0 0.2421875 0.3703125 0.0859375 0.07734375
0 0.6765625 0.3296875 0.0796875 0.07421875
0 0.8671875 0.8484375 0.0796875 0.0625
0 0.85390625 0.95546875 0.0453125 0.04921875
0 0.8390625 0.99453125 0.059375 0.0109375
0 0.97734375 0.72109375 0.0453125 0.07421875
0 0.76796875 0.35234375 0.065625 0.0671875