0 0.90625 0.01328125 0.071875 0.0265625
0 0.97578125 0.02421875 0.04765625 0.04765625
0 0.9578125 0.09140625 0.05625 0.059375
0 0.8828125 0.08203125 0.059375 0.0578125
0 0.7921875 0.0765625 0.0546875 0.0578125
0 0.70625 0.0640625 0.06171875 0.06328125
0 0.621875 0.05390625 0.059375 0.059375
0 0.5421875 0.04375 0.059375 0.059375
0 0.45625 0.03125 0.06875 0.0625
0 0.36640625 0.0203125 0.059375 0.040625
0 0.28828125 0.01484375 0.06171875 0.02890625
0 0.2046875 0.009375 0.06796875 0.01875
0 0.184375 0.0625 0.04765625 0.053125
0 0.0671875 0.053125 0.0703125 0.06796875
0 0.03671875 0.13828125 0.06328125 0.078125
0 0.26328125 0.0828125 0.059375 0.059375
0 0.34921875 0.0859375 0.053125 0.04921875
0 0.42421875 0.11171875 0.0734375 0.0734375
0 0.425 0.19140625 0.06171875 0.06171875
0 0.39921875 0.275 0.06171875 0.06796875
0 0.309375 0.2609375 0.0703125 0.06484375
0 0.23046875 0.24453125 0.06796875 0.06640625
0 0.14453125 0.2328125 0.08671875 0.078125
0 0.1296875 0.3 0.0578125 0.06796875
0 0.2109375 0.32265625 0.0734375 0.0765625
0 0.29375 0.328125 0.06171875 0.06328125
0 0.3734375 0.34921875 0.06171875 0.05625
0 0.4640625 0.3640625 0.06171875 0.059375
0 0.475 0.28828125 0.075 0.06796875
0 0.49921875 0.21015625 0.059375 0.06484375
0 0.51875 0.12421875 0.0546875 0.0578125
0 0.3265625 0.17421875 0.0515625 0.04453125
0 0.02578125 0.2984375 0.0515625 0.071875
0 0.8125 0.01171875 0.065625 0.0234375
0 0.9375 0.1796875 0.0703125 0.0734375
0 0.9328125 0.26328125 0.04609375 0.0515625
0 0.90546875 0.3453125 0.06640625 0.06328125
0 0.88125 0.428125 0.0703125 0.075
0 0.80703125 0.425 0.06484375 0.06171875
0 0.72734375 0.3984375 0.06484375 0.06640625
0 0.64140625 0.39140625 0.0578125 0.05625
0 0.5609375 0.37421875 0.06328125 0.06328125
0 0.5703125 0.30703125 0.04453125 0.0578125
0 0.58515625 0.21484375 0.0578125 0.053125
0 0.60078125 0.128125 0.06796875 0.06484375
0 0.68515625 0.1484375 0.06328125 0.06171875
0 0.671875 0.234375 0.06328125 0.0734375
0 0.65703125 0.3140625 0.040625 0.06171875
0 0.74609375 0.32578125 0.06171875 0.0578125
0 0.82578125 0.34140625 0.06171875 0.06484375
0 0.8390625 0.25625 0.05625 0.0578125
0 0.76484375 0.2375 0.06484375 0.06171875
0 0.77265625 0.15703125 0.0578125 0.06171875
0 0.86171875 0.16875 0.0515625 0.053125
0 0.96953125 0.44140625 0.0609375 0.0671875
0 0.909375 0.56796875 0.06484375 0.0578125
0 0.82265625 0.5640625 0.06796875 0.06640625
0 0.73671875 0.54453125 0.06328125 0.06796875
0 0.72421875 0.63515625 0.059375 0.06171875
0 0.7078125 0.7125 0.06796875 0.06328125
0 0.62578125 0.70703125 0.06328125 0.05625
0 0.61953125 0.7890625 0.0578125 0.06328125
0 0.68359375 0.8765625 0.06640625 0.06640625
0 0.6765625 0.9671875 0.06328125 0.0546875
0 0.85546875 0.909375 0.0703125 0.0578125
0 0.8453125 0.98125 0.04921875 0.0375
0 0.93125 0.984375 0.05625 0.03046875
0 0.9875 0.28125 0.025 0.071875
0 0.98203125 0.3578125 0.0359375 0.053125
0 0.984375 0.5734375 0.03046875 0.0515625
0 0.978125 0.64921875 0.04375 0.0515625
0 0.89609375 0.65625 0.0734375 0.06328125
0 0.80546875 0.646875 0.06796875 0.06796875
0 0.8796875 0.7484375 0.06640625 0.059375
0 0.9578125 0.75078125 0.06328125 0.0578125
0 0.95 0.8328125 0.0515625 0.0578125
0 0.85859375 0.82265625 0.06484375 0.071875
0 0.778125 0.8140625 0.06484375 0.06171875
0 0.79375 0.72421875 0.0515625 0.04609375
0 0.478125 0.5125 0.075 0.0765625
0 0.38046875 0.5109375 0.05625 0.0703125
0 0.3015625 0.57265625 0.0703125 0.08359375
0 0.23125 0.478125 0.06640625 0.071875
0 0.1484375 0.4609375 0.06171875 0.04765625
0 0.05859375 0.44765625 0.053125 0.06328125
0 0.046875 0.5375 0.059375 0.071875
0 0.12265625 0.54609375 0.06171875 0.071875
0 0.11640625 0.628125 0.06484375 0.0734375
0 0.2046875 0.646875 0.06796875 0.06796875
0 0.28515625 0.6578125 0.06171875 0.06640625
0 0.371875 0.675 0.0578125 0.0765625
0 0.45546875 0.76953125 0.06171875 0.06796875
0 0.34765625 0.83515625 0.06328125 0.06328125
0 0.25859375 0.83203125 0.0703125 0.0734375
0 0.1765625 0.81875 0.0734375 0.06484375
0 0.19375 0.7328125 0.0734375 0.0703125
0 0.10703125 0.721875 0.059375 0.06484375
0 0.02734375 0.70390625 0.0546875 0.0734375
0 0.021875 0.7890625 0.04375 0.075
0 0.0109375 0.88046875 0.021875 0.06796875
0 0.08984375 0.803125 0.06640625 0.0734375
0 0.0734375 0.8796875 0.075 0.06640625
0 0.06171875 0.965625 0.06484375 0.06796875
0 0.00859375 0.96328125 0.0171875 0.0734375
0 0.32421875 0.921875 0.0734375 0.06484375
0 0.25703125 0.9125 0.0765625 0.06328125
0 0.2328125 0.97578125 0.08046875 0.04765625
0 0.15859375 0.97265625 0.0578125 0.0546875
0 0.50546875 0.9484375 0.08203125 0.06796875
0 0.484375 0.99296875 0.04765625 0.01328125
0 0.3953125 0.996875 0.090625 0.00625
0 0.99375 0.92734375 0.01171875 0.059375
0 0.9328125 0.91640625 0.04609375 0.04453125