0 0.01953125 0.034375 0.0390625 0.06875
0 0.09453125 0.02421875 0.07109375 0.0484375
0 0.096875 0.0828125 0.0796875 0.078125
0 0.10625 0.17109375 0.08671875 0.08125
0 0.0265625 0.18359375 0.053125 0.0703125
0 0.0140625 0.54453125 0.028125 0.08125
0 0.0765625 0.53828125 0.0796875 0.065625
0 0.06328125 0.4421875 0.08125 0.0921875
0 0.0484375 0.35234375 0.08359375 0.0765625
0 0.03671875 0.27109375 0.06953125 0.0625
0 0.17109375 0.01328125 0.08515625 0.02578125
0 0.18828125 0.078125 0.08515625 0.08359375
0 0.20078125 0.1671875 0.078125 0.08125
0 0.29453125 0.16171875 0.07109375 0.08671875
0 0.27421875 0.0609375 0.0765625 0.08359375
0 0.36640625 0.053125 0.0765625 0.08515625
0 0.3625 0.1453125 0.06953125 0.07109375
0 0.3859375 0.2171875 0.0640625 0.0765625
0 0.465625 0.22578125 0.08359375 0.0765625
0 0.45390625 0.13359375 0.08828125 0.090625
0 0.440625 0.0390625 0.0796875 0.06796875
0 0.5203125 0.034375 0.05703125 0.059375
0 0.6171875 0.03125 0.0921875 0.0625
0 0.696875 0.0234375 0.0609375 0.046875
0 0.628125 0.1078125 0.090625 0.07265625
0 0.53984375 0.121875 0.05234375 0.059375
0 0.5625 0.21640625 0.0625 0.075
0 0.640625 0.196875 0.0796875 0.08125
0 0.66171875 0.2890625 0.0796875 0.07109375
0 0.5640625 0.30625 0.07265625 0.07109375
0 0.478125 0.3109375 0.075 0.07265625
0 0.41484375 0.39921875 0.08671875 0.0765625
0 0.3203125 0.42109375 0.07109375 0.078125
0 0.2390625 0.43046875 0.08125 0.0765625
0 0.225 0.35078125 0.07109375 0.07265625
0 0.1375 0.34296875 0.06953125 0.06796875
0 0.12265625 0.26875 0.06796875 0.08359375
0 0.303125 0.2453125 0.07109375 0.08125
0 0.2109375 0.26015625 0.0609375 0.08359375
0 0.02109375 0.6296875 0.04140625 0.075
0 0.025 0.7078125 0.05 0.075
0 0.0921875 0.6328125 0.0765625 0.075
0 0.11484375 0.71171875 0.075 0.08359375
0 0.16484375 0.52109375 0.090625 0.08359375
0 0.17421875 0.6078125 0.078125 0.075
0 0.2609375 0.59453125 0.078125 0.075
0 0.1875 0.690625 0.065625 0.075
0 0.2796875 0.68515625 0.08671875 0.08125
0 0.3609375 0.67265625 0.065625 0.075
0 0.353125 0.5984375 0.078125 0.075
0 0.32578125 0.503125 0.05703125 0.065625
0 0.42734375 0.4953125 0.06953125 0.06796875
0 0.50234375 0.4796875 0.07109375 0.08125
0 0.80625 0.08046875 0.0640625 0.0640625
0 0.96328125 0.053125 0.07265625 0.0953125
0 0.8921875 0.08046875 0.0625 0.06953125
0 0.89765625 0.16328125 0.10078125 0.090625
0 0.809375 0.17421875 0.05234375 0.0609375
0 0.828125 0.26328125 0.07265625 0.07109375
0 0.7359375 0.26875 0.0625 0.065625
0 0.8359375 0.334375 0.08125 0.075
0 0.9203125 0.3375 0.065625 0.075
0 0.91640625 0.2453125 0.059375 0.0640625
0 0.99296875 0.31015625 0.0140625 0.075
0 0.99296875 0.40390625 0.0140625 0.0953125
0 0.94609375 0.41640625 0.059375 0.065625
0 0.853125 0.4265625 0.07109375 0.06796875
0 0.89296875 0.50625 0.10625 0.08125
0 0.7859375 0.5125 0.05703125 0.059375
0 0.6953125 0.5359375 0.0484375 0.0609375
0 0.70625 0.634375 0.07265625 0.08515625
0 0.71328125 0.71171875 0.0796875 0.065625
0 0.5328125 0.65390625 0.05546875 0.07109375
0 0.62421875 0.646875 0.0640625 0.06796875
0 0.634375 0.73203125 0.075 0.09921875
0 0.54140625 0.734375 0.07265625 0.0796875
0 0.54921875 0.81484375 0.05390625 0.05703125
0 0.03125 0.80234375 0.0625 0.07265625
0 0.04765625 0.87421875 0.0921875 0.07109375
0 0.05 0.96328125 0.0625 0.059375
0 0.13828125 0.95390625 0.08125 0.0921875
0 0.20546875 0.790625 0.08515625 0.10234375
0 0.2140625 0.8625 0.0609375 0.059375
0 0.22421875 0.9375 0.06953125 0.059375
0 0.246875 0.99296875 0.090625 0.0140625
0 0.29765625 0.7671875 0.07109375 0.07265625
0 0.3734375 0.75703125 0.065625 0.0796875
0 0.453125 0.740625 0.0765625 0.0640625
0 0.4453125 0.6625 0.0609375 0.08125
0 0.43515625 0.575 0.05 0.05234375
0 0.31484375 0.9359375 0.0609375 0.0625
0 0.4046875 0.92265625 0.08359375 0.08125
0 0.47578125 0.9140625 0.06953125 0.07109375
0 0.475 0.8375 0.06796875 0.078125
0 0.378125 0.84140625 0.065625 0.05703125
0 0.49921875 0.9796875 0.075 0.03984375
0 0.41328125 0.98671875 0.065625 0.02578125
0 0.33046875 0.984375 0.078125 0.03125
0 0.725 0.80234375 0.05703125 0.065625
0 0.63984375 0.8125 0.0609375 0.06953125
0 0.659375 0.90078125 0.065625 0.0625
0 0.79140625 0.615625 0.06953125 0.0640625
0 0.81796875 0.69609375 0.059375 0.0625
0 0.8984375 0.69296875 0.0921875 0.090625
0 0.90859375 0.77578125 0.08515625 0.090625
0 0.978125 0.76328125 0.04375 0.08125
0 0.971875 0.59375 0.05546875 0.065625
0 0.9828125 0.23515625 0.034375 0.0609375
0 0.98671875 0.846875 0.02578125 0.05234375
0 0.98671875 0.915625 0.02578125 0.078125
0 0.9296875 0.934375 0.075 0.08671875