0 0.38984375 0.25078125 0.0671875 0.0640625
0 0.09921875 0.05546875 0.0640625 0.0640625
0 0.1203125 0.1359375 0.053125 0.059375
0 0.14140625 0.20859375 0.0546875 0.0578125
0 0.15703125 0.28125 0.0546875 0.0625
0 0.17265625 0.3546875 0.0546875 0.059375
0 0.1921875 0.43359375 0.046875 0.0546875
0 0.2046875 0.51171875 0.059375 0.0703125
0 0.13046875 0.525 0.0640625 0.0703125
0 0.109375 0.4359375 0.0625 0.065625
0 0.059375 0.21953125 0.0625 0.0640625
0 0.03984375 0.14453125 0.0640625 0.0703125
0 0.0171875 0.3046875 0.034375 0.0625
0 0.0234375 0.38125 0.046875 0.065625
0 0.08046875 0.29140625 0.0578125 0.0578125
0 0.03515625 0.459375 0.0546875 0.065625
0 0.05546875 0.5296875 0.0546875 0.065625
0 0.08984375 0.68359375 0.0546875 0.0703125
0 0.103125 0.753125 0.059375 0.0625
0 0.34453125 0.4125 0.0546875 0.059375
0 0.30625 0.25859375 0.05625 0.0546875
0 0.2953125 0.1828125 0.059375 0.0609375
0 0.27421875 0.11484375 0.0546875 0.0625
0 0.26015625 0.03203125 0.0515625 0.0484375
0 0.1828125 0.04609375 0.053125 0.0546875
0 0.1984375 0.121875 0.053125 0.05625
0 0.21484375 0.1953125 0.0546875 0.0625
0 0.23046875 0.275 0.0609375 0.0703125
0 0.2859375 0.4921875 0.0625 0.0625
0 0.30390625 0.571875 0.0609375 0.065625
0 0.32421875 0.64609375 0.0546875 0.0578125
0 0.34375 0.728125 0.053125 0.0546875
0 0.3609375 0.7953125 0.059375 0.065625
0 0.375 0.8734375 0.053125 0.059375
0 0.29921875 0.8890625 0.0671875 0.059375
0 0.2828125 0.81484375 0.05625 0.0671875
0 0.2 0.821875 0.071875 0.08125
0 0.2171875 0.9015625 0.059375 0.059375
0 0.14140625 0.90625 0.0703125 0.078125
0 0.125 0.8328125 0.053125 0.05625
0 0.04609375 0.84296875 0.0671875 0.0703125
0 0.06640625 0.9171875 0.0609375 0.059375
0 0.0328125 0.76875 0.05625 0.059375
0 0.01953125 0.690625 0.0390625 0.0625
0 0.1484375 0.59921875 0.053125 0.0625
0 0.225 0.5828125 0.059375 0.05625
0 0.240625 0.6625 0.059375 0.059375
0 0.16796875 0.6703125 0.0609375 0.065625
0 0.1828125 0.74765625 0.053125 0.0578125
0 0.25859375 0.73671875 0.0640625 0.0578125
0 0.24921875 0.35078125 0.0453125 0.0546875
0 0.35625 0.096875 0.0625 0.059375
0 0.36796875 0.178125 0.0546875 0.065625
0 0.4109375 0.02109375 0.05625 0.0421875
0 0.33359375 0.02421875 0.0484375 0.0484375
0 0.459375 0.978125 0.059375 0.04375
0 0.61171875 0.96640625 0.0609375 0.0671875
0 0.5328125 0.97265625 0.04375 0.0546875
0 0.6953125 0.96328125 0.0625 0.0578125
0 0.77421875 0.94765625 0.0546875 0.0578125
0 0.8453125 0.934375 0.059375 0.071875
0 0.92109375 0.92734375 0.0671875 0.0640625
0 0.984375 0.91640625 0.03125 0.0671875
0 0.4484375 0.86875 0.06875 0.071875
0 0.51015625 0.77578125 0.0671875 0.0734375
0 0.528125 0.85546875 0.0625 0.0703125
0 0.60078125 0.84609375 0.0609375 0.0671875
0 0.59140625 0.771875 0.0484375 0.065625
0 0.43671875 0.7875 0.0609375 0.065625
0 0.42109375 0.72578125 0.0515625 0.0671875
0 0.40078125 0.6421875 0.0515625 0.0546875
0 0.49921875 0.7046875 0.0609375 0.065625
0 0.56875 0.690625 0.059375 0.0625
0 0.63203125 0.60859375 0.0453125 0.0546875
0 0.55546875 0.615625 0.0546875 0.059375
0 0.459375 0.55625 0.059375 0.0703125
0 0.37890625 0.5625 0.0609375 0.0625
0 0.43828125 0.4828125 0.0546875 0.065625
0 0.51484375 0.47109375 0.0609375 0.0671875
0 0.6703125 0.4546875 0.059375 0.065625
0 0.59296875 0.4609375 0.0609375 0.0625
0 0.6890625 0.528125 0.05625 0.071875
0 0.7078125 0.6046875 0.0625 0.075
0 0.55859375 0.3046875 0.0703125 0.0625
0 0.57890625 0.3875 0.0484375 0.05625
0 0.49609375 0.3984375 0.0546875 0.0625
0 0.4625 0.24453125 0.05625 0.0671875
0 0.4453125 0.1703125 0.06875 0.075
0 0.52734375 0.159375 0.0546875 0.059375
0 0.5421875 0.23671875 0.053125 0.0578125
0 0.61796875 0.2140625 0.0546875 0.0609375
0 0.63671875 0.29765625 0.0609375 0.0625
0 0.6921875 0.2125 0.05625 0.05625
0 0.67734375 0.13984375 0.0640625 0.0671875
0 0.5984375 0.14765625 0.05625 0.0671875
0 0.57890625 0.0765625 0.0640625 0.075
0 0.5078125 0.08203125 0.053125 0.0546875
0 0.40625 0.3296875 0.053125 0.05625
0 0.64765625 0.68515625 0.0609375 0.0734375
0 0.66484375 0.7578125 0.0640625 0.0625
0 0.68671875 0.83359375 0.0609375 0.0640625
0 0.76171875 0.8234375 0.0609375 0.0625
0 0.821875 0.74609375 0.05625 0.0703125
0 0.74609375 0.75546875 0.0609375 0.078125
0 0.8375 0.8171875 0.059375 0.071875
0 0.98203125 0.71796875 0.0359375 0.0703125
0 0.97421875 0.6453125 0.0515625 0.065625
0 0.94609375 0.49296875 0.0390625 0.0484375
0 0.84453125 0.50078125 0.0640625 0.0640625
0 0.76484375 0.5171875 0.0671875 0.065625
0 0.78359375 0.59140625 0.0671875 0.0734375
0 0.80546875 0.6703125 0.0546875 0.05
0 0.36640625 0.4953125 0.0453125 0.046875
0 0.715625 0.290625 0.0625 0.065625
0 0.65 0.378125 0.05625 0.0625
0 0.73359375 0.365625 0.0453125 0.04375
0 0.746875 0.44296875 0.05625 0.0640625
0 0.8109375 0.35703125 0.059375 0.0625
0 0.8234375 0.43125 0.053125 0.05625
0 0.75546875 0.128125 0.0484375 0.04375
0 0.73671875 0.0546875 0.0515625 0.0625
0 0.65859375 0.0578125 0.0515625 0.053125
0 0.834375 0.04296875 0.059375 0.0703125
0 0.85625 0.11875 0.0625 0.065625
0 0.89453125 0.271875 0.0609375 0.059375
0 0.875 0.19765625 0.0625 0.0734375
0 0.925 0.18125 0.0375 0.05
0 0.9859375 0.25390625 0.028125 0.0546875
0 0.96953125 0.10625 0.0484375 0.05625
0 0.9546875 0.040625 0.05625 0.08125
0 0.89375 0.0421875 0.0375 0.046875
0 0.89375 0.7265625 0.053125 0.0625
0 0.915625 0.80625 0.059375 0.0703125
0 0.30078125 0.98828125 0.0546875 0.0234375
0 0.371875 0.984375 0.040625 0.03125
0 0.4171875 0.4 0.0375 0.040625
0 0.90703125 0.34609375 0.0484375 0.0578125
0 0.79296875 0.28671875 0.0609375 0.0734375
0 0.94921875 0.265625 0.0453125 0.0484375
0 0.96875 0.34296875 0.053125 0.0546875
0 0.9265625 0.4265625 0.046875 0.05625
0 0.77265625 0.21015625 0.0515625 0.0515625
0 0.98828125 0.48671875 0.0234375 0.0515625
0 0.5609375 0.0140625 0.04375 0.028125
0 0.490625 0.0171875 0.065625 0.034375
0 0.53515625 0.5421875 0.0609375 0.0625
0 0.4765625 0.63125 0.046875 0.05
0 0.96875 0.5671875 0.0625 0.0625
0 0.0984375 0.36484375 0.0625 0.0625
0 0.2671875 0.428125 0.05625 0.065625
0 0.33203125 0.33828125 0.0609375 0.0671875
0 0.609375 0.5375 0.0625 0.065625
0 0.06875 0.6109375 0.059375 0.065625
0 0.728125 0.671875 0.04375 0.046875
0 0.88046875 0.65625 0.0640625 0.0625
0 0.978125 0.18828125 0.04375 0.0796875
0 0.98046875 0.41875 0.0390625 0.046875
0 0.93359375 0.984375 0.0546875 0.03125
0 0.01484375 0.61484375 0.0296875 0.0640625