0 0.60078125 0.0546875 0.0703125 0.071875
0 0.590625 0.13671875 0.071875 0.0765625
0 0.5765625 0.21171875 0.059375 0.0734375
0 0.56953125 0.29921875 0.0609375 0.0578125
0 0.56640625 0.3828125 0.0703125 0.0703125
0 0.55234375 0.453125 0.0640625 0.071875
0 0.63359375 0.45 0.0640625 0.0625
0 0.6359375 0.3796875 0.0671875 0.0625
0 0.64765625 0.30078125 0.0671875 0.0703125
0 0.65390625 0.22421875 0.0734375 0.0734375
0 0.66796875 0.146875 0.0609375 0.065625
0 0.67734375 0.06328125 0.0578125 0.0796875
0 0.75390625 0.07421875 0.0703125 0.0765625
0 0.7390625 0.15390625 0.05625 0.0734375
0 0.73828125 0.23359375 0.0703125 0.0765625
0 0.7234375 0.31796875 0.0625 0.0796875
0 0.7125 0.39296875 0.065625 0.0671875
0 0.71015625 0.4609375 0.0609375 0.06875
0 0.79375 0.38671875 0.05625 0.0609375
0 0.78515625 0.4625 0.0609375 0.065625
0 0.87109375 0.4703125 0.0609375 0.065625
0 0.87578125 0.3984375 0.0640625 0.0625
0 0.88203125 0.32578125 0.0609375 0.0578125
0 0.809375 0.3171875 0.0625 0.0625
0 0.8140625 0.2390625 0.065625 0.071875
0 0.81875 0.159375 0.065625 0.06875
0 0.903125 0.17265625 0.071875 0.0734375
0 0.9171875 0.08515625 0.059375 0.0609375
0 0.8890625 0.25 0.053125 0.0625
0 0.97109375 0.2515625 0.0578125 0.05625
0 0.97421875 0.171875 0.0515625 0.071875
0 0.98046875 0.0875 0.0390625 0.075
0 0.54453125 0.60703125 0.0640625 0.0640625
0 0.546875 0.6875 0.0625 0.078125
0 0.61171875 0.69453125 0.0671875 0.0671875
0 0.6203125 0.62109375 0.053125 0.0609375
0 0.62734375 0.5484375 0.0671875 0.065625
0 0.70078125 0.559375 0.0640625 0.0625
0 0.69453125 0.62578125 0.0703125 0.0734375
0 0.69296875 0.70390625 0.0578125 0.0546875
0 0.67109375 0.78046875 0.0703125 0.0671875
0 0.66953125 0.8546875 0.0640625 0.075
0 0.6609375 0.92890625 0.0625 0.0609375
0 0.58203125 0.92890625 0.0609375 0.0671875
0 0.51953125 0.9296875 0.0609375 0.0625
0 0.52734375 0.98046875 0.0546875 0.0390625
0 0.5828125 0.98828125 0.05 0.0234375
0 0.6453125 0.9859375 0.0625 0.028125
0 0.54375 0.76484375 0.0625 0.0671875
0 0.53984375 0.84765625 0.0640625 0.0765625
0 0.59765625 0.8546875 0.0546875 0.06875
0 0.6046875 0.77421875 0.059375 0.0734375
0 0.96640625 0.32109375 0.0671875 0.0671875
0 0.95703125 0.40546875 0.0609375 0.0703125
0 0.9484375 0.47578125 0.053125 0.0609375
0 0.7796875 0.5609375 0.065625 0.065625
0 0.85625 0.5703125 0.0625 0.0625
0 0.7734375 0.63046875 0.053125 0.0640625
0 0.76875 0.709375 0.059375 0.065625
0 0.75546875 0.784375 0.0734375 0.075
0 0.75 0.86015625 0.0625 0.0734375
0 0.73515625 0.9375 0.0546875 0.06875
0 0.734375 0.98984375 0.046875 0.0203125
0 0.81953125 0.94609375 0.0609375 0.0640625
0 0.83046875 0.865625 0.0578125 0.059375
0 0.765625 0.01484375 0.0625 0.0296875
0 0.9171875 0.01796875 0.053125 0.0359375
0 0.84765625 0.6390625 0.0609375 0.059375
0 0.84140625 0.71015625 0.0578125 0.0671875
0 0.8390625 0.78828125 0.059375 0.0671875
0 0.9109375 0.7921875 0.05625 0.06875
0 0.91796875 0.703125 0.0609375 0.0625
0 0.928125 0.63203125 0.065625 0.0609375
0 0.90859375 0.87265625 0.0578125 0.0640625
0 0.8953125 0.94921875 0.05 0.0546875
0 0.97265625 0.953125 0.0546875 0.0625
0 0.975 0.88046875 0.05 0.0734375
0 0.98046875 0.80078125 0.0390625 0.0546875
0 0.984375 0.73046875 0.03125 0.0546875
0 0.98671875 0.65078125 0.0265625 0.0515625