0 0.0171875 0.07265625 0.034375 0.0828125
0 0.0125 0.1546875 0.025 0.075
0 0.01015625 0.23515625 0.0203125 0.0796875
0 0.06171875 0.2421875 0.0703125 0.078125
0 0.07109375 0.15859375 0.0640625 0.0671875
0 0.16328125 0.08203125 0.053125 0.0609375
0 0.23125 0.084375 0.05625 0.059375
0 0.24296875 0.02109375 0.0484375 0.0421875
0 0.16875 0.01953125 0.0625 0.0390625
0 0.3234375 0.02421875 0.053125 0.0484375
0 0.309375 0.103125 0.0625 0.08125
0 0.3046875 0.18359375 0.046875 0.0609375
0 0.3 0.25 0.053125 0.078125
0 0.2921875 0.340625 0.053125 0.0625
0 0.2796875 0.4203125 0.053125 0.059375
0 0.2671875 0.48984375 0.040625 0.0640625
0 0.19609375 0.47890625 0.0640625 0.0671875
0 0.2046875 0.39921875 0.065625 0.0640625
0 0.209375 0.328125 0.059375 0.0703125
0 0.21796875 0.2578125 0.053125 0.053125
0 0.22734375 0.17421875 0.0484375 0.0671875
0 0.1390625 0.16328125 0.06875 0.0765625
0 0.13671875 0.253125 0.0546875 0.075
0 0.134375 0.3265625 0.05625 0.06875
0 0.12265625 0.4046875 0.0625 0.065625
0 0.12421875 0.47578125 0.0671875 0.0671875
0 0.0390625 0.45625 0.046875 0.059375
0 0.0421875 0.38125 0.053125 0.053125
0 0.0578125 0.31796875 0.053125 0.0640625
0 0.39765625 0.0296875 0.0671875 0.059375
0 0.38125 0.11015625 0.059375 0.0796875
0 0.38203125 0.18359375 0.0703125 0.0765625
0 0.375 0.259375 0.046875 0.05625
0 0.3703125 0.34140625 0.059375 0.0734375
0 0.35625 0.4046875 0.0625 0.075
0 0.34609375 0.4875 0.0578125 0.059375
0 0.42734375 0.49296875 0.0578125 0.0546875
0 0.4375 0.4171875 0.046875 0.053125
0 0.4421875 0.3453125 0.05625 0.065625
0 0.4453125 0.26640625 0.0625 0.0546875
0 0.4671875 0.20625 0.06875 0.075
0 0.484375 0.1140625 0.0625 0.078125
0 0.484375 0.05625 0.071875 0.090625
0 0.55546875 0.128125 0.0546875 0.06875
0 0.53671875 0.190625 0.046875 0.059375
0 0.53515625 0.27890625 0.0703125 0.0640625
0 0.53046875 0.36171875 0.04375 0.0578125
0 0.51015625 0.43828125 0.053125 0.0640625
0 0.51328125 0.49453125 0.046875 0.0421875
0 0.58203125 0.50546875 0.0609375 0.0640625
0 0.5984375 0.4359375 0.0625 0.075
0 0.6015625 0.353125 0.0671875 0.065625
0 0.61484375 0.28359375 0.0640625 0.0671875
0 0.6234375 0.2 0.059375 0.0625
0 0.6125 0.125 0.0515625 0.0625
0 0.64296875 0.046875 0.0578125 0.071875
0 0.7 0.134375 0.0625 0.08125
0 0.690625 0.20625 0.059375 0.059375
0 0.6828125 0.28828125 0.04375 0.0671875
0 0.675 0.36015625 0.04375 0.046875
0 0.66328125 0.43671875 0.04375 0.0671875
0 0.6625 0.50625 0.053125 0.053125
0 0.03046875 0.56328125 0.0609375 0.0734375
0 0.0234375 0.634375 0.046875 0.075
0 0.021875 0.70546875 0.04375 0.0671875
0 0.021875 0.78984375 0.04375 0.0703125
0 0.01796875 0.8640625 0.0359375 0.071875
0 0.10078125 0.56171875 0.0703125 0.0671875
0 0.1 0.63203125 0.06875 0.0609375
0 0.08671875 0.71015625 0.0546875 0.0609375
0 0.090625 0.7890625 0.0625 0.071875
0 0.08046875 0.8671875 0.0578125 0.071875
0 0.06953125 0.93671875 0.0609375 0.0703125
0 0.15234375 0.95546875 0.0546875 0.0578125
0 0.16015625 0.86640625 0.0609375 0.0703125
0 0.15546875 0.7984375 0.0609375 0.065625
0 0.17734375 0.71796875 0.0734375 0.0703125
0 0.19140625 0.63828125 0.0765625 0.0734375
0 0.2671875 0.5828125 0.05625 0.05
0 0.35078125 0.59296875 0.0828125 0.0609375
0 0.3390625 0.665625 0.053125 0.0859375
0 0.2671875 0.6515625 0.05625 0.0671875
0 0.871875 0.06875 0.05625 0.065625
0 0.95078125 0.06953125 0.0515625 0.0671875
0 0.93671875 0.15703125 0.0609375 0.0734375
0 0.86015625 0.1453125 0.0640625 0.071875
0 0.77578125 0.13671875 0.0671875 0.0609375
0 0.7703125 0.21953125 0.0625 0.0640625
0 0.8546875 0.2296875 0.059375 0.075
0 0.93359375 0.2265625 0.0546875 0.071875
0 0.934375 0.30859375 0.0625 0.0609375
0 0.9125 0.39453125 0.059375 0.0609375
0 0.83515625 0.309375 0.0609375 0.0625
0 0.76640625 0.29453125 0.0640625 0.0734375
0 0.74765625 0.36328125 0.0515625 0.0546875
0 0.828125 0.3859375 0.0625 0.06875
0 0.825 0.4671875 0.05 0.065625
0 0.75234375 0.45390625 0.0671875 0.0734375
0 0.4203125 0.590625 0.059375 0.0625
0 0.4984375 0.6 0.059375 0.059375
0 0.49296875 0.65859375 0.0734375 0.0578125
0 0.40859375 0.659375 0.0671875 0.0671875
0 0.3984375 0.72890625 0.053125 0.0578125
0 0.39609375 0.81953125 0.0734375 0.0703125
0 0.25078125 0.72421875 0.0546875 0.0640625
0 0.24296875 0.7953125 0.0640625 0.075
0 0.23125 0.87265625 0.0625 0.0640625
0 0.21796875 0.95234375 0.0671875 0.0703125
0 0.29765625 0.9625 0.071875 0.075
0 0.3046875 0.88671875 0.053125 0.0609375
0 0.3828125 0.88671875 0.0703125 0.0546875
0 0.37109375 0.9625 0.0703125 0.075
0 0.4578125 0.9671875 0.078125 0.065625
0 0.46640625 0.89375 0.0734375 0.06875
0 0.46875 0.81953125 0.071875 0.0671875
0 0.48359375 0.75 0.0703125 0.0671875
0 0.56875 0.746875 0.065625 0.0625
0 0.57265625 0.68046875 0.0734375 0.0640625
0 0.56953125 0.60390625 0.0609375 0.0828125
0 0.65625 0.61015625 0.053125 0.0640625
0 0.64453125 0.690625 0.0546875 0.053125
0 0.646875 0.75703125 0.065625 0.0703125
0 0.61953125 0.83828125 0.0578125 0.0671875
0 0.6140625 0.91328125 0.05 0.0609375
0 0.6140625 0.97890625 0.0625 0.0421875
0 0.53046875 0.97421875 0.0546875 0.0515625
0 0.55 0.90234375 0.075 0.0859375
0 0.55390625 0.82265625 0.0703125 0.0734375
0 0.7390625 0.6328125 0.071875 0.0828125
0 0.715625 0.76015625 0.0625 0.0828125
0 0.70859375 0.8578125 0.0421875 0.053125
0 0.6953125 0.9265625 0.046875 0.071875
0 0.6890625 0.9796875 0.05625 0.0375
0 0.9046875 0.46328125 0.059375 0.0671875
0 0.81796875 0.5328125 0.0640625 0.065625
0 0.88671875 0.6375 0.0546875 0.05625
0 0.81328125 0.634375 0.0546875 0.065625
0 0.80703125 0.69375 0.0671875 0.059375
0 0.88984375 0.70859375 0.0703125 0.0515625
0 0.8859375 0.79140625 0.059375 0.0578125
0 0.87421875 0.86484375 0.0609375 0.0734375
0 0.78359375 0.83828125 0.0734375 0.0671875
0 0.78515625 0.92421875 0.0546875 0.0515625
0 0.86484375 0.94765625 0.0734375 0.0734375
0 0.77265625 0.98046875 0.04375 0.0390625
0 0.553125 0.05234375 0.053125 0.0640625
0 0.903125 0.5359375 0.071875 0.065625
0 0.98125 0.465625 0.0375 0.084375
0 0.98515625 0.309375 0.0296875 0.075
0 0.96953125 0.79296875 0.0609375 0.0640625
0 0.96484375 0.86875 0.0703125 0.075
0 0.9609375 0.94609375 0.078125 0.0703125
0 0.9703125 0.6859375 0.059375 0.121875
0 0.70703125 0.05390625 0.0421875 0.0546875
0 0.3203125 0.73828125 0.053125 0.0703125
0 0.31875 0.809375 0.053125 0.065625