0 0.4515625 0.46484375 0.075 0.1015625
0 0.475 0.68671875 0.090625 0.1484375
0 0.38984375 0.78125 0.0828125 0.125
0 0.1328125 0.928125 0.06875 0.128125
0 0.11875 0.721875 0.075 0.121875
0 0.17265625 0.60859375 0.0859375 0.1328125
0 0.2609375 0.48359375 0.084375 0.1171875
0 0.1640625 0.396875 0.084375 0.096875
0 0.02734375 0.60703125 0.0546875 0.109375
0 0.075 0.50703125 0.11875 0.0828125
0 0.0359375 0.81015625 0.046875 0.1046875
0 0.07109375 0.2875 0.0859375 0.08125
0 0.14609375 0.1578125 0.0953125 0.103125
0 0.196875 0.05703125 0.103125 0.1140625
0 0.31171875 0.1421875 0.1140625 0.096875
0 0.24296875 0.26953125 0.0796875 0.0859375
0 0.5171875 0.3578125 0.090625 0.10625
0 0.4140625 0.2375 0.084375 0.084375
0 0.33984375 0.36953125 0.0859375 0.1046875
0 0.50390625 0.140625 0.0859375 0.09375
0 0.41328125 0.04921875 0.0828125 0.0984375
0 0.57109375 0.04609375 0.0890625 0.0921875
0 0.66875 0.11171875 0.0875 0.1140625
0 0.75859375 0.0328125 0.1109375 0.065625
0 0.86015625 0.11640625 0.0859375 0.0984375
0 0.78359375 0.2140625 0.0515625 0.0453125
0 0.7125 0.3375 0.071875 0.128125
0 0.59921875 0.22578125 0.0953125 0.1296875
0 0.61953125 0.45 0.0984375 0.103125
0 0.559375 0.56875 0.078125 0.096875
0 0.64609375 0.66171875 0.0953125 0.109375
0 0.71953125 0.54453125 0.1109375 0.1046875
0 0.809375 0.41796875 0.09375 0.1015625
0 0.87578125 0.3140625 0.0640625 0.08125
0 0.95859375 0.190625 0.0828125 0.09375
0 0.93984375 0.01796875 0.0984375 0.0359375
0 0.97265625 0.4015625 0.0546875 0.109375
0 0.9109375 0.52421875 0.0875 0.1109375
0 0.83046875 0.64609375 0.0828125 0.1359375
0 0.74453125 0.7625 0.0515625 0.078125
0 0.67109375 0.878125 0.0765625 0.125
0 0.5640625 0.7765625 0.075 0.121875
0 0.48828125 0.89296875 0.0703125 0.1046875
0 0.29921875 0.9125 0.1140625 0.10625
0 0.20703125 0.796875 0.1015625 0.109375
0 0.58203125 0.959375 0.0859375 0.08125
0 0.765625 0.9546875 0.1 0.090625
0 0.853125 0.84453125 0.05625 0.0796875
0 0.9859375 0.6140625 0.028125 0.078125
0 0.93515625 0.87890625 0.1296875 0.2421875
0 0.9265625 0.72890625 0.071875 0.0828125
0 0.28125 0.6984375 0.115625 0.13125
0 0.04609375 0.0734375 0.0828125 0.13125
0 0.01484375 0.40625 0.0296875 0.09375
0 0.0203125 0.715625 0.040625 0.078125
0 0.01015625 0.93515625 0.0203125 0.0734375