0 0.46953125 0.41640625 0.090625 0.12265625
0 0.44140625 0.68359375 0.109375 0.17890625
0 0.54453125 0.7984375 0.1 0.15078125
0 0.8546875 0.94921875 0.0828125 0.1015625
0 0.871875 0.7265625 0.090625 0.146875
0 0.80625 0.58984375 0.10390625 0.16015625
0 0.7 0.4390625 0.1015625 0.14140625
0 0.8171875 0.33359375 0.1015625 0.1171875
0 0.97421875 0.58671875 0.05078125 0.13203125
0 0.92421875 0.4671875 0.14375 0.1
0 0.971875 0.8328125 0.05625 0.1265625
0 0.92890625 0.2015625 0.10390625 0.0984375
0 0.8390625 0.05390625 0.11484375 0.1078125
0 0.6390625 0.0421875 0.1375 0.084375
0 0.721875 0.18046875 0.09609375 0.10390625
0 0.390625 0.28671875 0.109375 0.128125
0 0.51484375 0.14140625 0.1015625 0.1015625
0 0.6046875 0.30078125 0.10390625 0.1265625
0 0.40625 0.040625 0.10390625 0.08125
0 0.20859375 0.02890625 0.1046875 0.0578125
0 0.06875 0.11328125 0.0625 0.0546875
0 0.1546875 0.2625 0.08671875 0.1546875
0 0.29140625 0.12734375 0.11484375 0.15625
0 0.2671875 0.3984375 0.11875 0.12421875
0 0.33984375 0.54140625 0.09453125 0.1171875
0 0.23515625 0.65390625 0.11484375 0.13203125
0 0.14609375 0.5125 0.13359375 0.1265625
0 0.04765625 0.35859375 0.0953125 0.1234375
0 0.03125 0.63515625 0.0625 0.1640625
0 0.11640625 0.77578125 0.0625 0.09453125
0 0.2046875 0.91484375 0.0921875 0.15078125
0 0.33359375 0.7921875 0.090625 0.146875
0 0.42578125 0.9328125 0.08515625 0.1265625
0 0.65390625 0.94609375 0.1375 0.1078125
0 0.76484375 0.8171875 0.12265625 0.13203125
0 0.3125 0.98203125 0.10390625 0.0359375
0 0.090625 0.9765625 0.12109375 0.046875
0 0.009375 0.87421875 0.01875 0.09609375
0 0.67578125 0.6984375 0.13984375 0.15859375
0 0.98984375 0.34453125 0.0203125 0.1140625
0 0.9828125 0.71875 0.03359375 0.09453125
0 0.9953125 0.96953125 0.009375 0.06015625