0 0.42421875 0.4859375 0.08125 0.11015625
0 0.44921875 0.72578125 0.09765625 0.16015625
0 0.35703125 0.82734375 0.08984375 0.13515625
0 0.0796875 0.95859375 0.07421875 0.0828125
0 0.0640625 0.76328125 0.08125 0.13203125
0 0.12265625 0.64140625 0.09296875 0.14375
0 0.21796875 0.50625 0.09140625 0.1265625
0 0.11328125 0.4125 0.09140625 0.1046875
0 0.040625 0.53125 0.08125 0.08984375
0 0.0296875 0.29375 0.059375 0.0875
0 0.09375 0.15390625 0.103125 0.11171875
0 0.1484375 0.053125 0.11171875 0.10625
0 0.27265625 0.13671875 0.1234375 0.1046875
0 0.1984375 0.27421875 0.0859375 0.09296875
0 0.4953125 0.3703125 0.09765625 0.11484375
0 0.38359375 0.23984375 0.09140625 0.09140625
0 0.303125 0.3828125 0.09296875 0.11328125
0 0.48046875 0.13515625 0.09296875 0.1015625
0 0.38203125 0.04453125 0.0890625 0.0890625
0 0.553125 0.04140625 0.09609375 0.0828125
0 0.65859375 0.10390625 0.09453125 0.1234375
0 0.75625 0.02734375 0.1203125 0.05390625
0 0.865625 0.10859375 0.09296875 0.10625
0 0.7828125 0.21484375 0.05546875 0.04921875
0 0.70625 0.34765625 0.07734375 0.13828125
0 0.58359375 0.22734375 0.103125 0.13984375
0 0.60546875 0.46953125 0.10625 0.11171875
0 0.540625 0.59765625 0.084375 0.1046875
0 0.634375 0.6984375 0.103125 0.11796875
0 0.7140625 0.571875 0.1203125 0.11328125
0 0.8109375 0.43515625 0.1015625 0.11015625
0 0.8828125 0.32265625 0.06953125 0.0875
0 0.96328125 0.18828125 0.0734375 0.1015625
0 0.94921875 0.0109375 0.1015625 0.021875
0 0.97890625 0.4171875 0.0421875 0.11796875
0 0.9203125 0.55 0.09453125 0.1203125
0 0.83359375 0.68125 0.08984375 0.146875
0 0.740625 0.8078125 0.05546875 0.084375
0 0.66015625 0.93203125 0.0828125 0.1359375
0 0.5453125 0.82265625 0.08125 0.13203125
0 0.4640625 0.94609375 0.07578125 0.1078125
0 0.259375 0.95625 0.1234375 0.0875
0 0.159375 0.84453125 0.11015625 0.11796875
0 0.56484375 0.98828125 0.09296875 0.0234375
0 0.76328125 0.9828125 0.1078125 0.03359375
0 0.8578125 0.89609375 0.0609375 0.0859375
0 0.99296875 0.646875 0.01328125 0.084375
0 0.93828125 0.90078125 0.1234375 0.1984375
0 0.9375 0.77109375 0.07734375 0.08984375
0 0.23984375 0.73828125 0.125 0.1421875
0 0.01484375 0.06640625 0.0296875 0.1328125