0 0.30546875 0.5296875 0.08359375 0.11484375
0 0.22734375 0.40234375 0.07265625 0.121875
0 0.1453125 0.26796875 0.08359375 0.11796875
0 0.28359375 0.20546875 0.10546875 0.13828125
0 0.37421875 0.3265625 0.0875 0.11796875
0 0.5234375 0.2671875 0.06875 0.10546875
0 0.08671875 0.8125 0.08203125 0.12734375
0 0.03671875 0.9796875 0.07265625 0.03984375
0 0.240625 0.7390625 0.1109375 0.13984375
0 0.1578125 0.60703125 0.090625 0.1234375
0 0.45390625 0.47109375 0.10703125 0.1421875
0 0.6046875 0.38828125 0.09296875 0.13984375
0 0.68671875 0.534375 0.05625 0.0875
0 0.74375 0.3375 0.0796875 0.12734375
0 0.66875 0.1921875 0.0875 0.12890625
0 0.5765625 0.06015625 0.07265625 0.1203125
0 0.4390625 0.1171875 0.05234375 0.06171875
0 0.73125 0.0265625 0.08359375 0.05234375
0 0.8046875 0.12890625 0.08203125 0.13125
0 0.88828125 0.26328125 0.09609375 0.12890625
0 0.9546875 0.059375 0.090625 0.11796875
0 0.15625 0.0875 0.2875 0.17421875
0 0.02109375 0.66796875 0.0421875 0.0453125
0 0.1734375 0.9484375 0.05625 0.06015625
0 0.32734375 0.884375 0.0546875 0.10390625
0 0.40859375 0.9859375 0.0546875 0.028125
0 0.55546875 0.95234375 0.03828125 0.0578125
0 0.8515625 0.81640625 0.06015625 0.0875
0 0.98125 0.74296875 0.0375 0.0953125
0 0.90546875 0.60390625 0.1015625 0.1421875
0 0.83359375 0.4765625 0.09609375 0.1453125
0 0.96328125 0.4 0.07265625 0.12734375
0 0.5328125 0.70234375 0.2765625 0.28515625
0 0.0234375 0.33671875 0.046875 0.1453125
0 0.08203125 0.46875 0.05625 0.1015625