0 0.8265625 0.0796875 0.08515625 0.12265625
0 0.890625 0.22265625 0.09375 0.1328125
0 0.8109375 0.3203125 0.0515625 0.06171875
0 0.74609375 0.190625 0.09921875 0.11171875
0 0.6671875 0.06484375 0.09765625 0.12578125
0 0.60078125 0.1765625 0.08125 0.11171875
0 0.53515625 0.053125 0.09609375 0.10625
0 0.446875 0.1703125 0.078125 0.1171875
0 0.38984375 0.04453125 0.078125 0.08828125
0 0.31171875 0.16875 0.09921875 0.13828125
0 0.26796875 0.0421875 0.0640625 0.084375
0 0.18515625 0.1671875 0.09765625 0.11171875
0 0.21796875 0.29765625 0.103125 0.12421875
0 0.375 0.29609375 0.0796875 0.11015625
0 0.4296875 0.428125 0.09375 0.12578125
0 0.5140625 0.31328125 0.078125 0.11875
0 0.659375 0.31484375 0.10625 0.1328125
0 0.72421875 0.44140625 0.090625 0.134375
0 0.58046875 0.434375 0.0765625 0.103125
0 0.50078125 0.55859375 0.1046875 0.13828125
0 0.5609375 0.68359375 0.1078125 0.1328125
0 0.6625 0.5640625 0.090625 0.12421875
0 0.9609375 0.34453125 0.078125 0.11171875
0 0.9546875 0.47421875 0.090625 0.146875
0 0.86875 0.4609375 0.078125 0.13828125
0 0.784375 0.5828125 0.08671875 0.1078125
0 0.71015625 0.70234375 0.0765625 0.134375
0 0.6328125 0.8203125 0.08828125 0.11171875
0 0.69296875 0.93984375 0.0671875 0.1203125
0 0.77890625 0.83671875 0.06953125 0.103125
0 0.9203125 0.8515625 0.0640625 0.115625
0 0.86640625 0.70546875 0.090625 0.10625
0 0.9421875 0.58515625 0.04453125 0.08828125
0 0.9890625 0.7171875 0.02109375 0.10078125
0 0.971875 0.08515625 0.05625 0.1078125
0 0.12734375 0.03515625 0.0984375 0.0703125
0 0.03984375 0.1328125 0.0796875 0.1203125
0 0.09296875 0.2875 0.08671875 0.1203125
0 0.03046875 0.415625 0.06015625 0.13671875
0 0.14375 0.40703125 0.103125 0.1296875
0 0.3046875 0.415625 0.08828125 0.11171875
0 0.35078125 0.54453125 0.0671875 0.103125
0 0.25859375 0.66953125 0.103125 0.1296875
0 0.31953125 0.79140625 0.11328125 0.11875
0 0.4171875 0.67734375 0.0765625 0.103125
0 0.3875 0.93046875 0.1078125 0.13828125
0 0.240625 0.915625 0.09375 0.11875
0 0.1109375 0.90390625 0.09375 0.12421875
0 0.03515625 0.98203125 0.0703125 0.0328125
0 0.19296875 0.790625 0.04609375 0.09921875
0 0.1234375 0.6578125 0.0515625 0.08125
0 0.05546875 0.53984375 0.07265625 0.10078125
0 0.21015625 0.52734375 0.0375 0.05859375
0 0.8421875 0.9546875 0.06015625 0.090625
0 0.9671875 0.96328125 0.065625 0.07265625
0 0.0484375 0.77578125 0.096875 0.1234375
0 0.4796875 0.81953125 0.05859375 0.07421875