0 0.16640625 0.090625 0.0828125 0.0703125
0 0.09375 0.02890625 0.071875 0.0578125
0 0.0125 0.09296875 0.025 0.0703125
0 0.053125 0.16171875 0.08125 0.0953125
0 0.115625 0.253125 0.08125 0.1
0 0.0140625 0.296875 0.028125 0.09375
0 0.0609375 0.40390625 0.090625 0.1046875
0 0.02578125 0.55234375 0.0515625 0.0921875
0 0.08359375 0.665625 0.0734375 0.1125
0 0.12578125 0.50234375 0.0734375 0.0921875
0 0.2125 0.61328125 0.08125 0.10625
0 0.265625 0.47578125 0.06875 0.1078125
0 0.39453125 0.4359375 0.0859375 0.1125
0 0.3234375 0.59453125 0.075 0.1109375
0 0.4203125 0.69765625 0.075 0.1203125
0 0.52890625 0.65703125 0.0890625 0.1109375
0 0.46484375 0.5671875 0.0703125 0.09375
0 0.609375 0.75703125 0.078125 0.1140625
0 0.72265625 0.71640625 0.0703125 0.0640625
0 0.80234375 0.8203125 0.0890625 0.13125
0 0.88125 0.81328125 0.059375 0.0890625
0 0.8734375 0.94375 0.075 0.096875
0 0.74921875 0.97109375 0.0828125 0.0578125
0 0.67890625 0.8796875 0.090625 0.128125
0 0.55703125 0.9078125 0.0921875 0.128125
0 0.42890625 0.95078125 0.0546875 0.0984375
0 0.47734375 0.80078125 0.1109375 0.1328125
0 0.36015625 0.85390625 0.0859375 0.1359375
0 0.22734375 0.878125 0.0953125 0.121875
0 0.3140625 0.953125 0.0859375 0.078125
0 0.10625 0.92265625 0.1125 0.1265625
0 0.159375 0.7796875 0.059375 0.14375
0 0.03828125 0.80234375 0.0765625 0.125
0 0.23671875 0.23125 0.0734375 0.09375
0 0.31484375 0.33515625 0.0734375 0.0984375
0 0.37578125 0.18671875 0.0734375 0.0921875
0 0.44140625 0.290625 0.0765625 0.103125
0 0.52109375 0.4 0.0734375 0.11875
0 0.58984375 0.5 0.0765625 0.125
0 0.6453125 0.353125 0.078125 0.090625
0 0.7171875 0.475 0.059375 0.096875
0 0.7796875 0.56796875 0.075 0.0953125
0 0.8953125 0.553125 0.071875 0.096875
0 0.96171875 0.653125 0.0734375 0.15
0 0.41171875 0.04296875 0.0796875 0.0859375
0 0.540625 0.0234375 0.05625 0.046875
0 0.48828125 0.13515625 0.0703125 0.0921875
0 0.5609375 0.253125 0.08125 0.1
0 0.6171875 0.0953125 0.0828125 0.08125
0 0.68984375 0.21015625 0.0828125 0.0984375
0 0.76875 0.3234375 0.075 0.10625
0 0.81015625 0.1703125 0.0796875 0.090625
0 0.7484375 0.0578125 0.090625 0.115625
0 0.92109375 0.41328125 0.0609375 0.0984375
0 0.2859375 0.7234375 0.078125 0.11875