0 0.08125 0.06484375 0.14375 0.1296875
0 0.08984375 0.228125 0.09140625 0.1140625
0 0.01328125 0.1515625 0.0265625 0.06640625
0 0.03203125 0.33828125 0.06328125 0.1015625
0 0.1390625 0.40234375 0.08515625 0.11875
0 0.19296875 0.29453125 0.09140625 0.1359375
0 0.271875 0.184375 0.09140625 0.1375
0 0.3296875 0.06875 0.096875 0.1375
0 0.23203125 0.04453125 0.08984375 0.08828125
0 0.44921875 0.12578125 0.1046875 0.11875
0 0.38671875 0.23125 0.08359375 0.1359375
0 0.31171875 0.3390625 0.09140625 0.1484375
0 0.2421875 0.45 0.07890625 0.1328125
0 0.18046875 0.56328125 0.08828125 0.134375
0 0.06953125 0.5015625 0.07578125 0.1109375
0 0.0234375 0.6125 0.046875 0.134375
0 0.1125 0.671875 0.1046875 0.146875
0 0.2234375 0.71484375 0.07890625 0.0953125
0 0.275 0.63046875 0.09140625 0.1375
0 0.35546875 0.52734375 0.1 0.1109375
0 0.4265625 0.41328125 0.115625 0.1453125
0 0.5234375 0.496875 0.08828125 0.1140625
0 0.45390625 0.58828125 0.09140625 0.1265625
0 0.38828125 0.709375 0.09296875 0.1375
0 0.33359375 0.80859375 0.07890625 0.134375
0 0.2296875 0.840625 0.07578125 0.13125
0 0.1234375 0.9 0.05390625 0.07578125
0 0.13671875 0.778125 0.06484375 0.0953125
0 0.05546875 0.83359375 0.05390625 0.07890625
0 0.00859375 0.8953125 0.0171875 0.07265625
0 0.05078125 0.96015625 0.06015625 0.07890625
0 0.1203125 0.99296875 0.05703125 0.0140625
0 0.19375 0.9625 0.05234375 0.06484375
0 0.3359375 0.92890625 0.08359375 0.1234375
0 0.4203125 0.88984375 0.05546875 0.07109375
0 0.48828125 0.76875 0.07109375 0.1140625
0 0.55234375 0.6703125 0.08828125 0.1265625
0 0.5828125 0.3796875 0.096875 0.1265625
0 0.63046875 0.56484375 0.08671875 0.1265625
0 0.7234375 0.6421875 0.09140625 0.11875
0 0.65078125 0.7515625 0.08046875 0.1265625
0 0.58984375 0.840625 0.1015625 0.121875
0 0.53046875 0.94453125 0.103125 0.1109375
0 0.62734375 0.97578125 0.0921875 0.0484375
0 0.6890625 0.9125 0.08671875 0.115625
0 0.759375 0.8140625 0.1015625 0.13125
0 0.86015625 0.88515625 0.08046875 0.13125
0 0.78203125 0.9625 0.07578125 0.07421875
0 0.8828125 0.98828125 0.07890625 0.0234375
0 0.96015625 0.9484375 0.07578125 0.08671875
0 0.5203125 0.05234375 0.103125 0.1046875
0 0.62265625 0.08671875 0.1125 0.1421875
0 0.55859375 0.2 0.0953125 0.121875
0 0.66171875 0.2875 0.1015625 0.1375
0 0.71796875 0.17734375 0.07265625 0.109375
0 0.81953125 0.240625 0.0953125 0.1390625
0 0.759375 0.34453125 0.1015625 0.134375
0 0.9234375 0.31796875 0.103125 0.1359375
0 0.8046875 0.51640625 0.08984375 0.13125
0 0.89296875 0.59609375 0.1 0.13125
0 0.9625 0.4890625 0.07421875 0.1171875
0 0.83046875 0.70546875 0.05390625 0.07109375
0 0.93125 0.778125 0.07109375 0.09140625
0 0.95 0.0453125 0.08671875 0.08984375
0 0.784375 0.0640625 0.08671875 0.1125
0 0.69921875 0.0203125 0.0703125 0.040625
0 0.8921875 0.1328125 0.04453125 0.04453125
0 0.97890625 0.2171875 0.0421875 0.103125
0 0.159375 0.125 0.03984375 0.06015625
0 0.69453125 0.4640625 0.09140625 0.14375
0 0.98046875 0.65234375 0.0390625 0.1578125
0 0.859375 0.41171875 0.0953125 0.1171875
0 0.415625 0.978125 0.0625 0.04375