0 0.0703125 0.03984375 0.140625 0.0796875
0 0.075 0.1828125 0.09609375 0.11953125
0 0.00390625 0.10234375 0.0078125 0.0703125
0 0.0234375 0.29921875 0.046875 0.10625
0 0.1265625 0.36640625 0.08984375 0.12421875
0 0.1828125 0.25234375 0.09609375 0.14296875
0 0.265625 0.13671875 0.09609375 0.14453125
0 0.32578125 0.04375 0.1015625 0.0875
0 0.22265625 0.01796875 0.0953125 0.0359375
0 0.4515625 0.07578125 0.109375 0.12421875
0 0.3859375 0.1859375 0.08828125 0.14296875
0 0.30703125 0.3 0.09609375 0.15625
0 0.234375 0.41640625 0.0828125 0.13984375
0 0.16953125 0.53515625 0.09296875 0.14140625
0 0.053125 0.4703125 0.0796875 0.11640625
0 0.01484375 0.5875 0.0296875 0.14140625
0 0.09765625 0.6484375 0.109375 0.1546875
0 0.2140625 0.69453125 0.0828125 0.1
0 0.26875 0.60546875 0.09609375 0.14453125
0 0.353125 0.49765625 0.1046875 0.11640625
0 0.428125 0.37734375 0.12109375 0.153125
0 0.5296875 0.46484375 0.09296875 0.11953125
0 0.45703125 0.56171875 0.09609375 0.1328125
0 0.3875 0.68828125 0.09765625 0.14453125
0 0.33046875 0.7921875 0.0828125 0.14140625
0 0.22109375 0.8265625 0.0796875 0.1375
0 0.109375 0.8890625 0.05625 0.0796875
0 0.1234375 0.7609375 0.06796875 0.1
0 0.03828125 0.81875 0.05625 0.0828125
0 0.03359375 0.9515625 0.06328125 0.0828125
0 0.10625 0.9890625 0.06015625 0.021875
0 0.18359375 0.9546875 0.0546875 0.06796875
0 0.3328125 0.91875 0.08828125 0.1296875
0 0.42109375 0.878125 0.0578125 0.075
0 0.4921875 0.75078125 0.075 0.11953125
0 0.56015625 0.646875 0.09296875 0.1328125
0 0.5921875 0.3421875 0.1015625 0.1328125
0 0.6421875 0.53671875 0.09140625 0.1328125
0 0.7390625 0.61796875 0.09609375 0.12421875
0 0.66328125 0.7328125 0.084375 0.1328125
0 0.6 0.8265625 0.10625 0.128125
0 0.5375 0.93828125 0.1078125 0.12265625
0 0.63984375 0.971875 0.09609375 0.05625
0 0.703125 0.90078125 0.09140625 0.12109375
0 0.77734375 0.7984375 0.10625 0.1375
0 0.8828125 0.87265625 0.084375 0.1375
0 0.80078125 0.9578125 0.0796875 0.084375
0 0.90703125 0.984375 0.0828125 0.03125
0 0.97421875 0.9390625 0.0515625 0.09140625
0 0.52578125 0.0265625 0.1078125 0.053125
0 0.63359375 0.0546875 0.11796875 0.109375
0 0.56640625 0.15390625 0.1 0.128125
0 0.67421875 0.2453125 0.10625 0.14453125
0 0.734375 0.1296875 0.0765625 0.11484375
0 0.840625 0.19609375 0.1 0.14609375
0 0.77734375 0.3046875 0.10625 0.14140625
0 0.94765625 0.27734375 0.1046875 0.14296875
0 0.825 0.4859375 0.09453125 0.1375
0 0.91796875 0.56875 0.1046875 0.1375
0 0.97578125 0.45703125 0.0484375 0.12265625
0 0.85234375 0.684375 0.05625 0.075
0 0.9578125 0.7609375 0.075 0.09609375
0 0.96484375 0.01875 0.0671875 0.0375
0 0.803125 0.03515625 0.09140625 0.06953125
0 0.9171875 0.0828125 0.046875 0.046875
0 0.99296875 0.171875 0.01328125 0.1078125
0 0.146875 0.075 0.04140625 0.06328125
0 0.709375 0.43125 0.09609375 0.15078125
0 0.99453125 0.62890625 0.0109375 0.1671875
0 0.88203125 0.37578125 0.1 0.12265625
0 0.4171875 0.97421875 0.06640625 0.0515625