0 0.08359375 0.0640625 0.1421875 0.128125
0 0.0921875 0.225 0.090625 0.1125
0 0.01484375 0.15 0.0296875 0.065625
0 0.0328125 0.334375 0.065625 0.1
0 0.140625 0.39765625 0.084375 0.1171875
0 0.19375 0.290625 0.090625 0.134375
0 0.271875 0.18203125 0.090625 0.1359375
0 0.32890625 0.06796875 0.0953125 0.1359375
0 0.23203125 0.04375 0.0890625 0.0875
0 0.446875 0.12421875 0.103125 0.1171875
0 0.38515625 0.228125 0.0828125 0.134375
0 0.3109375 0.33515625 0.090625 0.146875
0 0.2421875 0.44453125 0.078125 0.13125
0 0.18125 0.55625 0.0875 0.1328125
0 0.071875 0.4953125 0.075 0.109375
0 0.025 0.60546875 0.05 0.1328125
0 0.1140625 0.66328125 0.103125 0.1453125
0 0.2234375 0.70625 0.078125 0.09375
0 0.275 0.62265625 0.090625 0.1359375
0 0.35390625 0.52109375 0.0984375 0.109375
0 0.42421875 0.4078125 0.1140625 0.14375
0 0.5203125 0.490625 0.0875 0.1125
0 0.4515625 0.58125 0.090625 0.125
0 0.38671875 0.70078125 0.0921875 0.1359375
0 0.3328125 0.7984375 0.078125 0.1328125
0 0.2296875 0.83046875 0.075 0.1296875
0 0.125 0.8890625 0.053125 0.075
0 0.13828125 0.76875 0.0640625 0.09375
0 0.0578125 0.8234375 0.053125 0.078125
0 0.01015625 0.884375 0.0203125 0.071875
0 0.053125 0.9484375 0.059375 0.078125
0 0.121875 0.98671875 0.05625 0.0265625
0 0.19453125 0.95078125 0.0515625 0.0640625
0 0.33515625 0.9171875 0.0828125 0.121875
0 0.41796875 0.87890625 0.0546875 0.0703125
0 0.48515625 0.759375 0.0703125 0.1125
0 0.5484375 0.66171875 0.0875 0.125
0 0.57890625 0.375 0.0953125 0.125
0 0.62578125 0.5578125 0.0859375 0.125
0 0.7171875 0.634375 0.090625 0.1171875
0 0.64609375 0.7421875 0.0796875 0.125
0 0.5859375 0.83046875 0.1 0.1203125
0 0.52734375 0.9390625 0.1015625 0.121875
0 0.6234375 0.9703125 0.090625 0.059375
0 0.68359375 0.90078125 0.0859375 0.1140625
0 0.753125 0.80390625 0.1 0.1296875
0 0.85234375 0.87421875 0.0796875 0.1296875
0 0.775 0.95703125 0.075 0.0859375
0 0.875 0.98203125 0.078125 0.0359375
0 0.9515625 0.93671875 0.075 0.0859375
0 0.5171875 0.0515625 0.1015625 0.103125
0 0.61796875 0.0859375 0.1109375 0.140625
0 0.5546875 0.19765625 0.09375 0.1203125
0 0.65625 0.28359375 0.1 0.1359375
0 0.7125 0.175 0.071875 0.1078125
0 0.8125 0.2375 0.09375 0.1375
0 0.753125 0.33984375 0.1 0.1328125
0 0.91484375 0.3140625 0.1015625 0.134375
0 0.79765625 0.51015625 0.0890625 0.1296875
0 0.88515625 0.58828125 0.0984375 0.1296875
0 0.95859375 0.4828125 0.0828125 0.115625
0 0.8234375 0.696875 0.053125 0.0703125
0 0.92265625 0.76875 0.0703125 0.090625
0 0.94140625 0.04453125 0.0859375 0.0890625
0 0.77734375 0.06328125 0.0859375 0.1109375
0 0.69453125 0.0203125 0.0703125 0.040625
0 0.884375 0.13125 0.04375 0.04375
0 0.975 0.21484375 0.05 0.1015625
0 0.16015625 0.1234375 0.0390625 0.059375
0 0.6890625 0.45859375 0.090625 0.1421875
0 0.9765625 0.6453125 0.046875 0.15625
0 0.8515625 0.40625 0.09375 0.115625
0 0.4140625 0.97265625 0.0625 0.0546875