0 0.72109375 0.44921875 0.0984375 0.1171875
0 0.5859375 0.61328125 0.109375 0.1328125
0 0.7359375 0.30390625 0.065625 0.0921875
0 0.59609375 0.34765625 0.1046875 0.0921875
0 0.590625 0.47734375 0.1125 0.1265625
0 0.45390625 0.49765625 0.0953125 0.1265625
0 0.446875 0.6375 0.11875 0.15
0 0.46796875 0.37421875 0.0828125 0.1140625
0 0.4703125 0.22265625 0.05 0.0609375
0 0.34140625 0.26796875 0.0796875 0.0984375
0 0.32578125 0.3984375 0.0953125 0.125
0 0.32578125 0.53125 0.0890625 0.109375
0 0.30390625 0.6640625 0.0765625 0.1
0 0.30390625 0.80625 0.0984375 0.103125
0 0.18828125 0.71796875 0.0890625 0.0984375
0 0.20078125 0.565625 0.0796875 0.109375
0 0.1984375 0.43125 0.1 0.11875
0 0.2140625 0.30234375 0.084375 0.0890625
0 0.21015625 0.15703125 0.0765625 0.1109375
0 0.2234375 0.0328125 0.071875 0.065625
0 0.34609375 0.0296875 0.0984375 0.059375
0 0.48125 0.096875 0.05 0.06875
0 0.609375 0.20234375 0.1 0.1140625
0 0.609375 0.0703125 0.0671875 0.09375
0 0.7359375 0.1671875 0.08125 0.10625
0 0.746875 0.04140625 0.0875 0.0828125
0 0.8859375 0.0328125 0.075 0.065625
0 0.86328125 0.2828125 0.0921875 0.11875
0 0.84140625 0.4109375 0.0953125 0.128125
0 0.85703125 0.5546875 0.0796875 0.09375
0 0.8375 0.68203125 0.090625 0.1140625
0 0.89453125 0.81640625 0.0765625 0.10625
0 0.821875 0.8125 0.034375 0.046875
0 0.7046875 0.70859375 0.0859375 0.0796875
0 0.7109375 0.58046875 0.1 0.1140625
0 0.703125 0.8453125 0.09375 0.1125
0 0.6859375 0.9609375 0.08125 0.078125
0 0.5796875 0.96484375 0.065625 0.0703125
0 0.565625 0.8609375 0.059375 0.096875
0 0.56875 0.734375 0.090625 0.109375
0 0.07734375 0.0515625 0.0984375 0.103125
0 0.0875 0.18671875 0.103125 0.1140625
0 0.07265625 0.3390625 0.0921875 0.109375
0 0.0640625 0.4703125 0.08125 0.1125
0 0.0640625 0.5984375 0.096875 0.11875
0 0.06640625 0.74375 0.0859375 0.1125
0 0.0421875 0.87265625 0.075 0.0953125
0 0.12578125 0.890625 0.0890625 0.084375
0 0.07578125 0.9796875 0.0640625 0.0375
0 0.18203125 0.97109375 0.0671875 0.0578125
0 0.2796875 0.975 0.059375 0.05
0 0.1875 0.82890625 0.09375 0.0890625
0 0.234375 0.8921875 0.06875 0.096875
0 0.3140625 0.8984375 0.090625 0.1
0 0.44375 0.86640625 0.075 0.0828125
0 0.38359375 0.96640625 0.0578125 0.0671875
0 0.48828125 0.97890625 0.0703125 0.0421875
0 0.440625 0.77421875 0.04375 0.0484375
0 0.79140625 0.9296875 0.0671875 0.071875
0 0.925 0.97421875 0.078125 0.0515625
0 0.9625 0.65 0.075 0.096875
0 0.9609375 0.515625 0.078125 0.125
0 0.9609375 0.38203125 0.078125 0.1140625
0 0.97890625 0.24765625 0.0421875 0.0796875
0 0.97578125 0.11328125 0.0453125 0.1015625
0 0.87734375 0.14375 0.0421875 0.04375