0 0.45078125 0.11875 0.09921875 0.12109375
0 0.29609375 0.0890625 0.08359375 0.11796875
0 0.1734375 0.0484375 0.103125 0.096875
0 0.165625 0.18984375 0.10859375 0.11484375
0 0.30234375 0.2296875 0.10234375 0.10703125
0 0.4453125 0.26015625 0.08515625 0.12109375
0 0.57734375 0.29609375 0.08828125 0.09921875
0 0.58359375 0.034375 0.1015625 0.06875
0 0.6765625 0.3234375 0.07109375 0.11484375
0 0.70390625 0.17421875 0.08671875 0.13203125
0 0.740625 0.04296875 0.125 0.0859375
0 0.8390625 0.05859375 0.0609375 0.06484375
0 0.91640625 0.059375 0.053125 0.053125
0 0.9015625 0.13671875 0.0546875 0.06328125
0 0.8875 0.2125 0.0515625 0.05625
0 0.87421875 0.2921875 0.053125 0.059375
0 0.85546875 0.37265625 0.059375 0.05625
0 0.83125 0.45234375 0.06953125 0.08046875
0 0.834375 0.5234375 0.0546875 0.059375
0 0.81015625 0.59140625 0.0453125 0.06796875
0 0.80859375 0.67109375 0.0484375 0.06328125
0 0.7859375 0.753125 0.0484375 0.06796875
0 0.7765625 0.82109375 0.059375 0.07890625
0 0.75390625 0.90703125 0.046875 0.05625
0 0.73984375 0.97734375 0.0390625 0.0453125
0 0.98359375 0.06640625 0.0328125 0.05625
0 0.9796875 0.14453125 0.040625 0.06328125
0 0.9609375 0.2265625 0.059375 0.06328125
0 0.95078125 0.30859375 0.046875 0.0609375
0 0.93984375 0.3828125 0.0546875 0.06796875
0 0.92109375 0.4546875 0.053125 0.046875
0 0.9078125 0.52265625 0.0546875 0.06484375
0 0.89609375 0.60234375 0.05 0.06640625
0 0.88125 0.6765625 0.0546875 0.06796875
0 0.96328125 0.69375 0.0546875 0.053125
0 0.940625 0.76875 0.06328125 0.06328125
0 0.93828125 0.83984375 0.0421875 0.06328125
0 0.84453125 0.8328125 0.05625 0.0546875
0 0.8671875 0.7578125 0.0515625 0.06328125
0 0.81875 0.125 0.0453125 0.06484375
0 0.80703125 0.20546875 0.0609375 0.06796875
0 0.7984375 0.2921875 0.046875 0.06953125
0 0.78828125 0.37109375 0.0578125 0.059375
0 0.7671875 0.4421875 0.046875 0.053125
0 0.7546875 0.503125 0.046875 0.05625
0 0.7421875 0.5765625 0.05 0.07734375
0 0.72578125 0.65390625 0.0515625 0.06796875
0 0.71484375 0.734375 0.0421875 0.06328125
0 0.7 0.81015625 0.0484375 0.0578125
0 0.75 0.28515625 0.034375 0.0609375
0 0.73359375 0.35078125 0.0421875 0.053125
0 0.7078125 0.4234375 0.05625 0.06484375
0 0.70625 0.48984375 0.04375 0.07109375
0 0.684375 0.56171875 0.0390625 0.0515625
0 0.67109375 0.64140625 0.040625 0.053125
0 0.6609375 0.71953125 0.03125 0.0515625
0 0.64296875 0.796875 0.059375 0.05
0 0.63203125 0.878125 0.05 0.0609375
0 0.68671875 0.89921875 0.05625 0.07265625
0 0.67265625 0.97109375 0.046875 0.0578125
0 0.60859375 0.96484375 0.0515625 0.0703125
0 0.9890625 0.48984375 0.021875 0.07734375
0 0.965625 0.61484375 0.053125 0.053125
0 0.91796875 0.91796875 0.059375 0.06953125
0 0.90625 0.97890625 0.0515625 0.0421875
0 0.83359375 0.89921875 0.046875 0.06328125
0 0.82421875 0.9734375 0.06640625 0.053125
0 0.65078125 0.44609375 0.07578125 0.10859375
0 0.57109375 0.41953125 0.07890625 0.10390625
0 0.4546875 0.4 0.10703125 0.11796875
0 0.44921875 0.5390625 0.09296875 0.10859375
0 0.58984375 0.56171875 0.09453125 0.12109375
0 0.56640625 0.69140625 0.08828125 0.09609375
0 0.45390625 0.6828125 0.09921875 0.12734375
0 0.5484375 0.83046875 0.10703125 0.12265625
0 0.45546875 0.8171875 0.08046875 0.12734375
0 0.459375 0.94765625 0.05625 0.06484375
0 0.328125 0.778125 0.07734375 0.09140625
0 0.321875 0.6421875 0.09609375 0.12265625
0 0.3046875 0.5 0.09765625 0.13203125
0 0.315625 0.36484375 0.08671875 0.10390625
0 0.17421875 0.33828125 0.08515625 0.10390625
0 0.1796875 0.471875 0.08046875 0.11328125
0 0.17890625 0.61171875 0.09140625 0.11640625
0 0.178125 0.75390625 0.09296875 0.10234375
0 0.21171875 0.8734375 0.08984375 0.09921875
0 0.3234375 0.91328125 0.09296875 0.11640625
0 0.2640625 0.98828125 0.06328125 0.0234375
0 0.178125 0.984375 0.0546875 0.03125
0 0.06796875 0.97890625 0.06328125 0.0421875
0 0.1140625 0.90078125 0.08046875 0.09140625
0 0.059375 0.84140625 0.08515625 0.11328125
0 0.04765625 0.71875 0.07734375 0.09453125
0 0.04453125 0.5734375 0.0890625 0.10625
0 0.05078125 0.43359375 0.08671875 0.11015625
0 0.0328125 0.3046875 0.065625 0.090625
0 0.0296875 0.1546875 0.059375 0.09921875
0 0.034375 0.04375 0.06875 0.0875
0 0.0234375 0.890625 0.046875 0.10859375
0 0.5765625 0.1421875 0.10546875 0.15234375