0 0.040625 0.11484375 0.08125 0.0890625
0 0.0765625 0.02421875 0.084375 0.0484375
0 0.18359375 0.0765625 0.0859375 0.08125
0 0.128125 0.146875 0.0921875 0.08125
0 0.1796875 0.24609375 0.06875 0.0859375
0 0.171875 0.31484375 0.078125 0.0828125
0 0.07265625 0.2546875 0.0828125 0.09375
0 0.0765625 0.33203125 0.096875 0.0765625
0 0.0671875 0.44140625 0.05 0.0765625
0 0.1734375 0.42421875 0.096875 0.0828125
0 0.26171875 0.390625 0.0765625 0.084375
0 0.2828125 0.25859375 0.0859375 0.1171875
0 0.3859375 0.225 0.084375 0.08125
0 0.38046875 0.28984375 0.0734375 0.0640625
0 0.36796875 0.36875 0.0796875 0.08125
0 0.378125 0.4734375 0.084375 0.0875
0 0.271875 0.509375 0.08125 0.090625
0 0.2515625 0.60625 0.05625 0.071875
0 0.1734375 0.5234375 0.0875 0.078125
0 0.15859375 0.63515625 0.0671875 0.0734375
0 0.06171875 0.55390625 0.0703125 0.0921875
0 0.06328125 0.6484375 0.0796875 0.0671875
0 0.04609375 0.76484375 0.0828125 0.0921875
0 0.07421875 0.82734375 0.0609375 0.0828125
0 0.0734375 0.91484375 0.053125 0.0734375
0 0.01640625 0.8734375 0.0328125 0.084375
0 0.01171875 0.9609375 0.0234375 0.078125
0 0.0640625 0.97890625 0.05 0.0421875
0 0.13984375 0.95625 0.0671875 0.084375
0 0.22578125 0.91015625 0.0609375 0.0703125
0 0.23671875 0.83515625 0.0578125 0.0609375
0 0.1375 0.73671875 0.05625 0.0671875
0 0.26015625 0.71640625 0.0828125 0.0890625
0 0.31015625 0.78203125 0.0640625 0.0796875
0 0.36015625 0.69140625 0.0890625 0.0921875
0 0.35703125 0.5796875 0.0640625 0.08125
0 0.46640625 0.6671875 0.0515625 0.0671875
0 0.50703125 0.75 0.0765625 0.0671875
0 0.4765625 0.575 0.0625 0.05625
0 0.56796875 0.63984375 0.0578125 0.0703125
0 0.465625 0.81484375 0.078125 0.0828125
0 0.3984375 0.83359375 0.09375 0.0796875
0 0.3828125 0.92109375 0.0703125 0.0671875
0 0.30703125 0.88203125 0.0734375 0.0921875
0 0.309375 0.96015625 0.0703125 0.0703125
0 0.22578125 0.98671875 0.0546875 0.0265625
0 0.484375 0.24296875 0.071875 0.0796875
0 0.48046875 0.35234375 0.0765625 0.0875
0 0.471875 0.45546875 0.075 0.0921875
0 0.57109375 0.43046875 0.0734375 0.0859375
0 0.6703125 0.409375 0.065625 0.084375
0 0.68203125 0.31328125 0.0734375 0.0796875
0 0.58984375 0.31875 0.0609375 0.065625
0 0.5828125 0.22734375 0.071875 0.0734375
0 0.29609375 0.065625 0.1078125 0.09375
0 0.31015625 0.14453125 0.1046875 0.0859375
0 0.23125 0.13125 0.0875 0.096875
0 0.43515625 0.1140625 0.0890625 0.0875
0 0.56640625 0.1078125 0.0859375 0.096875
0 0.69609375 0.09609375 0.1109375 0.1296875
0 0.7859375 0.18359375 0.078125 0.0859375
0 0.68203125 0.22265625 0.0828125 0.0859375
0 0.78046875 0.28203125 0.0671875 0.0875
0 0.56953125 0.0234375 0.0984375 0.046875
0 0.44296875 0.0234375 0.0640625 0.046875
0 0.8265625 0.06640625 0.065625 0.0546875
0 0.89609375 0.0625 0.1046875 0.125
0 0.875 0.32890625 0.046875 0.0546875
0 0.83125 0.39296875 0.053125 0.0515625
0 0.89609375 0.41171875 0.0515625 0.0484375
0 0.9453125 0.36171875 0.0375 0.0515625
0 0.98203125 0.425 0.0359375 0.0625
0 0.9296875 0.4796875 0.053125 0.06875
0 0.8546875 0.4640625 0.059375 0.059375
0 0.8 0.5234375 0.059375 0.053125
0 0.821875 0.58828125 0.05625 0.0515625
0 0.8796875 0.54296875 0.046875 0.0546875
0 0.89296875 0.6109375 0.0578125 0.05
0 0.95078125 0.5484375 0.0640625 0.05625
0 0.7484375 0.58125 0.059375 0.059375
0 0.7671875 0.65703125 0.05625 0.0640625
0 0.6890625 0.62890625 0.05 0.0546875
0 0.565625 0.540625 0.0828125 0.0859375
0 0.66171875 0.778125 0.0640625 0.0625
0 0.7171875 0.7125 0.053125 0.05
0 0.73671875 0.784375 0.0515625 0.053125
0 0.79453125 0.721875 0.0578125 0.0515625
0 0.84375 0.684375 0.053125 0.0625
0 0.87890625 0.74765625 0.0453125 0.0578125
0 0.80625 0.79921875 0.05625 0.0578125
0 0.77109375 0.85 0.0578125 0.065625
0 0.68984375 0.846875 0.0578125 0.053125
0 0.6140625 0.82265625 0.046875 0.0515625
0 0.56328125 0.8859375 0.0546875 0.053125
0 0.51953125 0.9484375 0.0546875 0.059375
0 0.58984375 0.9546875 0.0859375 0.08125
0 0.65625 0.9703125 0.0625 0.059375
0 0.6328125 0.9 0.0671875 0.065625
0 0.7125 0.9171875 0.065625 0.059375
0 0.7359375 0.984375 0.05 0.03125
0 0.79140625 0.934375 0.0515625 0.071875
0 0.828125 0.8671875 0.0625 0.0625
0 0.87265625 0.95625 0.0484375 0.059375
0 0.82265625 0.9859375 0.0359375 0.028125
0 0.97421875 0.63046875 0.0515625 0.0515625
0 0.925 0.68515625 0.053125 0.046875
0 0.953125 0.75859375 0.0625 0.0734375
0 0.88515625 0.81875 0.0515625 0.053125
0 0.959375 0.8421875 0.065625 0.065625
0 0.91015625 0.8890625 0.0546875 0.059375
0 0.97890625 0.9125 0.0421875 0.065625
0 0.95234375 0.9703125 0.0828125 0.059375