0 0.659375 0.46875 0.0546875 0.065625
0 0.29609375 0.26328125 0.04609375 0.04921875
0 0.38359375 0.28125 0.04765625 0.05078125
0 0.396875 0.35703125 0.05234375 0.0640625
0 0.3921875 0.44453125 0.04609375 0.075
0 0.48359375 0.35546875 0.03984375 0.05625
0 0.5546875 0.3484375 0.04140625 0.05625
0 0.59140625 0.11796875 0.0546875 0.09296875
0 0.71953125 0.08203125 0.084375 0.10703125
0 0.8453125 0.04609375 0.06875 0.0921875
0 0.92109375 0.134375 0.04921875 0.0828125
0 0.93515625 0.2375 0.1296875 0.12265625
0 0.975 0.409375 0.04609375 0.06875
0 0.94453125 0.4703125 0.04921875 0.05625
0 0.89609375 0.42265625 0.03515625 0.05234375
0 0.86640625 0.49375 0.0625 0.0671875
0 0.8109375 0.43359375 0.0625 0.06875
0 0.7359375 0.45234375 0.03671875 0.0578125
0 0.796875 0.50859375 0.0578125 0.059375
0 0.7171875 0.52578125 0.04140625 0.03515625
0 0.76484375 0.5765625 0.0578125 0.05078125
0 0.8140625 0.64140625 0.05625 0.059375
0 0.84296875 0.56953125 0.05625 0.059375
0 0.91796875 0.53984375 0.05625 0.04140625
0 0.971875 0.6078125 0.05234375 0.065625
0 0.95078125 0.68359375 0.0546875 0.0578125
0 0.9890625 0.7453125 0.021875 0.046875
0 0.9421875 0.90546875 0.04765625 0.0640625
0 0.971875 0.83203125 0.05234375 0.0671875
0 0.92578125 0.9734375 0.04921875 0.04609375
0 0.9171875 0.7625 0.04453125 0.05625
0 0.89609375 0.8328125 0.04453125 0.04296875
0 0.865625 0.91484375 0.04140625 0.05625
0 0.84140625 0.98046875 0.04296875 0.03828125
0 0.7703125 0.98828125 0.04375 0.0234375
0 0.815625 0.85703125 0.05234375 0.059375
0 0.7875 0.93203125 0.04453125 0.04921875
0 0.7390625 0.865625 0.04609375 0.0546875
0 0.7171875 0.9453125 0.04140625 0.0609375
0 0.68828125 0.9953125 0.04453125 0.009375
0 0.78671875 0.71640625 0.03984375 0.04765625
0 0.86875 0.7046875 0.04453125 0.05625
0 0.8421875 0.77890625 0.04765625 0.05625
0 0.77109375 0.790625 0.05625 0.04765625
0 0.7390625 0.65625 0.03984375 0.03984375
0 0.70625 0.73359375 0.03203125 0.0609375
0 0.6828125 0.8078125 0.04609375 0.065625
0 0.61015625 0.82890625 0.04765625 0.0609375
0 0.66171875 0.8890625 0.02890625 0.03671875
0 0.58828125 0.90546875 0.02734375 0.04453125
0 0.56796875 0.975 0.05234375 0.04921875
0 0.6375 0.96484375 0.05078125 0.05078125
0 0.50703125 0.91640625 0.04609375 0.04921875
0 0.4875 0.97890625 0.0546875 0.04140625
0 0.60546875 0.6140625 0.0578125 0.05234375
0 0.59140625 0.684375 0.03203125 0.04296875
0 0.54921875 0.76328125 0.04140625 0.0578125
0 0.53125 0.8484375 0.05625 0.05078125
0 0.53046875 0.41484375 0.04140625 0.05625
0 0.57890625 0.48515625 0.04609375 0.059375
0 0.60625 0.40625 0.04921875 0.04609375
0 0.6875 0.38671875 0.05234375 0.0609375
0 0.7546875 0.37265625 0.03984375 0.059375
0 0.634375 0.5453125 0.04140625 0.059375
0 0.5546875 0.5609375 0.04765625 0.05625
0 0.6859375 0.6 0.03984375 0.04921875
0 0.528125 0.63046875 0.05234375 0.05234375
0 0.503125 0.7046875 0.03828125 0.05625
0 0.4578125 0.6421875 0.04921875 0.0640625
0 0.43046875 0.7328125 0.03984375 0.059375
0 0.4 0.8 0.04609375 0.05078125
0 0.4765625 0.77890625 0.03671875 0.05625
0 0.66328125 0.67734375 0.03203125 0.03515625
0 0.79765625 0.18125 0.08125 0.075
0 0.2 0.0203125 0.10234375 0.03984375
0 0.528125 0.02890625 0.06875 0.0578125
0 0.41875 0.06953125 0.08984375 0.12265625
0 0.309375 0.06875 0.10078125 0.12109375
0 0.0921875 0.24765625 0.05625 0.0546875
0 0.15625 0.2734375 0.03828125 0.05078125
0 0.2234375 0.23515625 0.03828125 0.04453125
0 0.2359375 0.3078125 0.04609375 0.071875
0 0.1796875 0.35625 0.04609375 0.05625
0 0.1078125 0.33125 0.04609375 0.05625
0 0.040625 0.37890625 0.0625 0.0640625
0 0.0265625 0.296875 0.04921875 0.05625
0 0.0125 0.2328125 0.025 0.034375
0 0.053125 0.4640625 0.05234375 0.065625
0 0.121875 0.41015625 0.04921875 0.0546875
0 0.196875 0.4375 0.0546875 0.05078125
0 0.32109375 0.3328125 0.04453125 0.04296875
0 0.32265625 0.41015625 0.04140625 0.0609375
0 0.3296875 0.478125 0.04921875 0.05234375
0 0.2625 0.45703125 0.04921875 0.0578125
0 0.24765625 0.38828125 0.0546875 0.0578125
0 0.19921875 0.51328125 0.03984375 0.05234375
0 0.35 0.5703125 0.0578125 0.0640625
0 0.43046875 0.521875 0.04921875 0.059375
0 0.50625 0.49453125 0.04140625 0.05625
0 0.478125 0.56953125 0.03984375 0.05234375
0 0.37578125 0.66640625 0.04765625 0.0609375
0 0.3046875 0.69453125 0.05234375 0.0546875
0 0.28046875 0.621875 0.05234375 0.03984375
0 0.2765625 0.534375 0.0546875 0.05234375
0 0.2109375 0.58203125 0.04765625 0.05625
0 0.14921875 0.640625 0.05234375 0.05625
0 0.0875 0.69296875 0.04765625 0.05078125
0 0.0203125 0.75078125 0.03984375 0.04765625
0 0.1671875 0.71484375 0.03984375 0.05625
0 0.10546875 0.765625 0.0609375 0.05625
0 0.21875 0.66640625 0.04765625 0.0640625
0 0.2546875 0.75 0.05625 0.0875
0 0.18203125 0.79609375 0.0609375 0.065625
0 0.1984375 0.86640625 0.0609375 0.05625
0 0.3296875 0.8234375 0.04921875 0.065625
0 0.359375 0.74375 0.04765625 0.04921875
0 0.3765625 0.88671875 0.05234375 0.0640625
0 0.425 0.92890625 0.04453125 0.04296875
0 0.409375 0.99140625 0.04921875 0.0171875
0 0.11171875 0.84921875 0.04765625 0.059375
0 0.0125 0.86796875 0.025 0.0453125
0 0.034375 0.8125 0.065625 0.059375
0 0.07890625 0.6109375 0.05625 0.05625
0 0.06484375 0.5328125 0.0625 0.0640625
0 0.13125 0.48671875 0.04140625 0.05625
0 0.146875 0.56171875 0.0578125 0.059375
0 0.9859375 0.3359375 0.028125 0.05
0 0.915625 0.34765625 0.04453125 0.04609375
0 0.84375 0.35703125 0.03828125 0.03203125
0 0.10703125 0.08671875 0.04140625 0.03984375
0 0.44375 0.13359375 0.03828125 0.059375
0 0.05625 0.90546875 0.0546875 0.04765625
0 0.13828125 0.9265625 0.04921875 0.0640625
0 0.071875 0.9734375 0.0640625 0.05234375
0 0.1453125 0.98671875 0.053125 0.0265625
0 0.9921875 0.96484375 0.015625 0.04765625
0 0.0140625 0.95546875 0.028125 0.0578125
0 0.4015625 0.59453125 0.03359375 0.04765625
0 0.4390625 0.309375 0.04765625 0.059375
0 0.62890625 0.334375 0.05234375 0.05234375
0 0.45546875 0.86015625 0.04765625 0.065625
0 0.959375 0.02578125 0.06875 0.05078125
0 0.621875 0.234375 0.2 0.11640625
0 0.25546875 0.825 0.0546875 0.059375
0 0.26640625 0.9 0.0578125 0.065625
0 0.20234375 0.9515625 0.065625 0.0875
0 0.3140625 0.93125 0.04765625 0.0578125
0 0.2828125 0.9734375 0.0734375 0.05234375
0 0.18671875 0.10546875 0.05078125 0.05078125
0 0.03828125 0.06171875 0.0765625 0.12265625
0 0.078125 0.1578125 0.12109375 0.11484375
0 0.175 0.1640625 0.09765625 0.10390625
0 0.36015625 0.18046875 0.084375 0.0796875
0 0.98359375 0.53359375 0.0328125 0.0609375
0 0.89765625 0.615625 0.05078125 0.05625
0 0.48125 0.184375 0.0640625 0.0875
0 0.29375 0.15859375 0.10234375 0.10703125