0 0.09296875 0.109375 0.09296875 0.1265625
0 0.02578125 0.2234375 0.0515625 0.12421875
0 0.17265625 0.0140625 0.0734375 0.028125
0 0.21484375 0.14453125 0.0484375 0.0796875
0 0.3125 0.16953125 0.0828125 0.11328125
0 0.26328125 0.0203125 0.06171875 0.03984375
0 0.34453125 0.03828125 0.0578125 0.0765625
0 0.44453125 0.03671875 0.06796875 0.0734375
0 0.4390625 0.2 0.09765625 0.1078125
0 0.4234375 0.3421875 0.1 0.14296875
0 0.21875 0.2890625 0.03828125 0.046875
0 0.14140625 0.265625 0.06640625 0.06640625
0 0.1609375 0.39375 0.0484375 0.06328125
0 0.03515625 0.3578125 0.06015625 0.11796875
0 0.12734375 0.53125 0.07109375 0.1
0 0.32421875 0.57890625 0.06640625 0.09453125
0 0.2875 0.43984375 0.06640625 0.0828125
0 0.30625 0.31875 0.08828125 0.1328125
0 0.259375 0.5625 0.046875 0.06640625
0 0.25546875 0.6875 0.0796875 0.08671875
0 0.3125 0.8265625 0.0828125 0.14140625
0 0.4296875 0.85625 0.078125 0.12421875
0 0.6171875 0.82109375 0.08828125 0.12109375
0 0.76875 0.81953125 0.09296875 0.11640625
0 0.77734375 0.646875 0.11640625 0.1375
0 0.76328125 0.47734375 0.08828125 0.14140625
0 0.76328125 0.3296875 0.08125 0.11640625
0 0.7671875 0.14296875 0.0734375 0.11953125
0 0.76796875 0.0140625 0.075 0.028125
0 0.92421875 0.0234375 0.07109375 0.046875
0 0.92578125 0.1484375 0.03125 0.03828125
0 0.9375 0.334375 0.0546875 0.078125
0 0.925 0.48671875 0.08984375 0.109375
0 0.92265625 0.646875 0.084375 0.1046875
0 0.9484375 0.825 0.09296875 0.12109375
0 0.95078125 0.96484375 0.09765625 0.06953125
0 0.78984375 0.96328125 0.09140625 0.0734375
0 0.63125 0.9609375 0.0828125 0.078125
0 0.4546875 0.9734375 0.084375 0.053125
0 0.296875 0.95390625 0.1375 0.0921875
0 0.03515625 0.91015625 0.06953125 0.1265625
0 0.06328125 0.76640625 0.05 0.07109375
0 0.11484375 0.6484375 0.06328125 0.075
0 0.0109375 0.49140625 0.021875 0.053125
0 0.528125 0.5578125 0.1 0.16953125
0 0.43671875 0.48828125 0.06640625 0.11328125
0 0.43125 0.61015625 0.03828125 0.075
0 0.48359375 0.753125 0.06328125 0.06640625
0 0.20078125 0.803125 0.0765625 0.0828125
0 0.165625 0.93984375 0.0484375 0.06015625
0 0.6046875 0.01484375 0.06953125 0.0296875
0 0.09765625 0.84453125 0.08671875 0.09453125
0 0.6125 0.134375 0.078125 0.08671875
0 0.61328125 0.31171875 0.0796875 0.11484375
0 0.60546875 0.46953125 0.07109375 0.11484375
0 0.40625 0.7296875 0.08828125 0.09765625
0 0.05390625 0.615625 0.06484375 0.06796875
0 0.55234375 0.36484375 0.1015625 0.15625
0 0.5421875 0.12421875 0.115625 0.2484375
0 0.5453125 0.93671875 0.08828125 0.1265625