0 0.8 0.4359375 0.11015625 0.13125
0 0.6484375 0.61953125 0.12265625 0.1484375
0 0.81640625 0.2734375 0.0734375 0.103125
0 0.66015625 0.32265625 0.1171875 0.103125
0 0.65390625 0.46796875 0.12578125 0.14140625
0 0.50078125 0.490625 0.10703125 0.14140625
0 0.49296875 0.646875 0.1328125 0.16796875
0 0.51640625 0.35234375 0.09296875 0.12734375
0 0.51953125 0.1828125 0.05625 0.06796875
0 0.375 0.23359375 0.0890625 0.11015625
0 0.3578125 0.3796875 0.10703125 0.13984375
0 0.3578125 0.528125 0.1 0.12265625
0 0.3328125 0.6765625 0.0859375 0.11171875
0 0.3328125 0.8359375 0.11015625 0.115625
0 0.20390625 0.73671875 0.1 0.11015625
0 0.21796875 0.56640625 0.0890625 0.12265625
0 0.21484375 0.41640625 0.11171875 0.1328125
0 0.2328125 0.271875 0.09453125 0.1
0 0.228125 0.109375 0.0859375 0.12421875
0 0.53125 0.0421875 0.05625 0.0765625
0 0.675 0.16015625 0.11171875 0.12734375
0 0.6734375 0.03203125 0.075 0.0640625
0 0.81640625 0.1203125 0.090625 0.11875
0 0.82890625 0.01328125 0.09765625 0.0265625
0 0.953125 0.24921875 0.09375 0.1328125
0 0.934375 0.39296875 0.10703125 0.14296875
0 0.9515625 0.55390625 0.0890625 0.1046875
0 0.9296875 0.696875 0.1015625 0.12734375
0 0.975 0.8453125 0.05 0.11875
0 0.9125 0.84296875 0.03828125 0.05234375
0 0.78125 0.7265625 0.09609375 0.0890625
0 0.78828125 0.5828125 0.11171875 0.12734375
0 0.7796875 0.8796875 0.1046875 0.12578125
0 0.759375 0.98203125 0.090625 0.0359375
0 0.64140625 0.98671875 0.0734375 0.0265625
0 0.62578125 0.896875 0.06640625 0.10859375
0 0.6296875 0.75546875 0.1015625 0.12265625
0 0.07890625 0.02421875 0.1109375 0.0484375
0 0.090625 0.1421875 0.115625 0.12734375
0 0.07421875 0.31328125 0.103125 0.12265625
0 0.06484375 0.46015625 0.090625 0.12578125
0 0.06484375 0.603125 0.10859375 0.1328125
0 0.0671875 0.765625 0.09609375 0.12578125
0 0.04140625 0.91015625 0.08203125 0.10703125
0 0.13359375 0.9296875 0.1 0.09453125
0 0.203125 0.8609375 0.1046875 0.1
0 0.25546875 0.93203125 0.0765625 0.10859375
0 0.34453125 0.9390625 0.1015625 0.11171875
0 0.48984375 0.903125 0.08359375 0.09296875
0 0.421875 0.98828125 0.06484375 0.02265625
0 0.4859375 0.8 0.04921875 0.05390625
0 0.878125 0.96640625 0.075 0.06640625
0 0.975 0.09453125 0.046875 0.04921875