0 0.54921875 0.11953125 0.0984375 0.1203125
0 0.70234375 0.08984375 0.0828125 0.1171875
0 0.825 0.04921875 0.103125 0.0984375
0 0.83203125 0.18984375 0.1078125 0.1140625
0 0.69609375 0.2296875 0.1015625 0.10625
0 0.5546875 0.26015625 0.084375 0.1203125
0 0.4234375 0.29609375 0.0875 0.0984375
0 0.41796875 0.03515625 0.1015625 0.0703125
0 0.32421875 0.32265625 0.0703125 0.1140625
0 0.29765625 0.175 0.0859375 0.13125
0 0.26171875 0.04375 0.1234375 0.0875
0 0.16328125 0.06015625 0.0609375 0.0640625
0 0.0859375 0.0609375 0.053125 0.053125
0 0.10078125 0.1375 0.0546875 0.0625
0 0.11484375 0.2125 0.0515625 0.05625
0 0.128125 0.2921875 0.053125 0.059375
0 0.146875 0.371875 0.059375 0.05625
0 0.17109375 0.45078125 0.06875 0.0796875
0 0.16796875 0.521875 0.0546875 0.059375
0 0.19140625 0.5890625 0.0453125 0.0671875
0 0.19296875 0.66875 0.0484375 0.0625
0 0.215625 0.75 0.0484375 0.0671875
0 0.225 0.8171875 0.059375 0.078125
0 0.24765625 0.903125 0.046875 0.05625
0 0.26171875 0.97421875 0.0390625 0.0484375
0 0.01796875 0.0671875 0.0359375 0.05625
0 0.021875 0.1453125 0.04375 0.0625
0 0.0421875 0.2265625 0.059375 0.0625
0 0.05234375 0.30859375 0.046875 0.0609375
0 0.06328125 0.38203125 0.0546875 0.0671875
0 0.08125 0.453125 0.053125 0.046875
0 0.09453125 0.52109375 0.0546875 0.0640625
0 0.10625 0.6 0.05 0.065625
0 0.12109375 0.67421875 0.0546875 0.0671875
0 0.03984375 0.690625 0.0546875 0.053125
0 0.0625 0.765625 0.0625 0.0625
0 0.06484375 0.8359375 0.0421875 0.0625
0 0.1578125 0.82890625 0.05625 0.0546875
0 0.13515625 0.7546875 0.0515625 0.0625
0 0.18359375 0.12578125 0.0453125 0.0640625
0 0.19453125 0.20546875 0.0609375 0.0671875
0 0.203125 0.2921875 0.046875 0.06875
0 0.21328125 0.3703125 0.0578125 0.059375
0 0.234375 0.440625 0.046875 0.053125
0 0.246875 0.5015625 0.046875 0.05625
0 0.259375 0.57421875 0.05 0.0765625
0 0.27578125 0.6515625 0.0515625 0.0671875
0 0.28671875 0.73125 0.0421875 0.0625
0 0.3015625 0.80703125 0.0484375 0.0578125
0 0.2515625 0.28515625 0.034375 0.0609375
0 0.26796875 0.35 0.0421875 0.053125
0 0.29375 0.42265625 0.05625 0.0640625
0 0.2953125 0.48828125 0.04375 0.0703125
0 0.31640625 0.56015625 0.0390625 0.0515625
0 0.3296875 0.6390625 0.040625 0.053125
0 0.33984375 0.71640625 0.03125 0.0515625
0 0.3578125 0.79375 0.059375 0.05
0 0.36875 0.87421875 0.05 0.0609375
0 0.3140625 0.8953125 0.05625 0.071875
0 0.32890625 0.96796875 0.046875 0.0609375
0 0.39296875 0.9609375 0.0515625 0.06875
0 0.0125 0.48828125 0.025 0.0765625
0 0.0375 0.6125 0.053125 0.053125
0 0.084375 0.9140625 0.059375 0.06875
0 0.09609375 0.97578125 0.0515625 0.0453125
0 0.16875 0.8953125 0.046875 0.0625
0 0.178125 0.9703125 0.065625 0.05625
0 0.35 0.44453125 0.075 0.1078125
0 0.4296875 0.41875 0.078125 0.103125
0 0.5453125 0.39921875 0.10625 0.1171875
0 0.55078125 0.5375 0.0921875 0.1078125
0 0.4109375 0.56015625 0.09375 0.1203125
0 0.434375 0.68828125 0.0875 0.0953125
0 0.54609375 0.68046875 0.0984375 0.1265625
0 0.4515625 0.8265625 0.10625 0.121875
0 0.54453125 0.81328125 0.0796875 0.1265625
0 0.540625 0.94296875 0.05625 0.0640625
0 0.67109375 0.775 0.0765625 0.090625
0 0.67734375 0.63984375 0.0953125 0.121875
0 0.69375 0.4984375 0.096875 0.13125
0 0.68359375 0.3640625 0.0859375 0.103125
0 0.8234375 0.3375 0.084375 0.103125
0 0.81796875 0.4703125 0.0796875 0.1125
0 0.81875 0.609375 0.090625 0.115625
0 0.81953125 0.75078125 0.0921875 0.1015625
0 0.78671875 0.86953125 0.0890625 0.0984375
0 0.67578125 0.909375 0.0921875 0.115625
0 0.734375 0.9859375 0.0625 0.028125
0 0.81953125 0.98203125 0.0546875 0.0359375
0 0.9296875 0.9765625 0.0625 0.046875
0 0.88359375 0.896875 0.0796875 0.090625
0 0.9375 0.8375 0.084375 0.1125
0 0.94921875 0.715625 0.0765625 0.09375
0 0.9546875 0.571875 0.090625 0.10625
0 0.94609375 0.4328125 0.0859375 0.109375
0 0.96640625 0.30546875 0.0671875 0.0890625
0 0.96796875 0.15546875 0.0609375 0.0984375
0 0.9640625 0.04453125 0.06875 0.0890625
0 0.975 0.88671875 0.05 0.1078125
0 0.42421875 0.14296875 0.1046875 0.1515625