0 0.11484375 0.08515625 0.109375 0.14921875
0 0.28359375 0.04765625 0.08359375 0.09453125
0 0.434375 0.03984375 0.1234375 0.0796875
0 0.56875 0.14296875 0.11640625 0.14765625
0 0.428125 0.17265625 0.0890625 0.1234375
0 0.2734375 0.21328125 0.12578125 0.15078125
0 0.1078125 0.2578125 0.1328125 0.14921875
0 0.10703125 0.4125 0.10546875 0.1234375
0 0.24375 0.528125 0.1015625 0.13671875
0 0.26484375 0.37109375 0.07109375 0.1015625
0 0.40625 0.328125 0.1 0.13671875
0 0.5 0.41015625 0.0984375 0.13671875
0 0.56328125 0.290625 0.1234375 0.1421875
0 0.784375 0.3765625 0.09296875 0.13125
0 0.9328125 0.42578125 0.0796875 0.13125
0 0.859375 0.56875 0.0890625 0.109375
0 0.984375 0.62890625 0.03125 0.109375
0 0.96171875 0.2875 0.0765625 0.109375
0 0.84765625 0.1609375 0.090625 0.2015625
0 0.94296875 0.1125 0.1109375 0.10546875
0 0.5921875 0.03203125 0.11796875 0.06328125
0 0.3828125 0.6546875 0.1 0.1234375
0 0.31015625 0.74296875 0.07109375 0.1109375
0 0.2375 0.66796875 0.0890625 0.1
0 0.08203125 0.715625 0.0984375 0.12890625
0 0.0609375 0.86328125 0.11796875 0.1421875
0 0.2 0.96328125 0.0796875 0.07265625
0 0.071875 0.97734375 0.11484375 0.0453125
0 0.23203125 0.834375 0.09609375 0.13671875
0 0.61796875 0.94765625 0.0796875 0.1046875
0 0.6734375 0.8171875 0.10703125 0.15078125
0 0.528125 0.75078125 0.1 0.109375
0 0.6421875 0.63203125 0.090625 0.1
0 0.7625 0.71796875 0.09609375 0.12734375
0 0.90625 0.7296875 0.1 0.090625
0 0.978125 0.8828125 0.04375 0.06328125
0 0.8328125 0.87734375 0.090625 0.11484375
0 0.74765625 0.9734375 0.1015625 0.05234375
0 0.978125 0.93125 0.04375 0.0875
0 0.6125 0.53359375 0.06875 0.08203125
0 0.7265625 0.109375 0.06015625 0.0875
0 0.71015625 0.49609375 0.0890625 0.109375
0 0.80078125 0.0296875 0.0734375 0.059375
0 0.36796875 0.92109375 0.10703125 0.09296875
0 0.3921875 0.9859375 0.1 0.028125
0 0.4828125 0.88984375 0.10703125 0.1578125
0 0.09375 0.55234375 0.1109375 0.13125
0 0.4546875 0.5296875 0.0796875 0.121875
0 0.384375 0.47578125 0.10390625 0.121875