0 0.5703125 0.29765625 0.1 0.0953125
0 0.565625 0.44921875 0.1 0.1078125
0 0.5578125 0.59375 0.109375 0.1
0 0.55859375 0.72265625 0.1015625 0.1328125
0 0.70625 0.69609375 0.0828125 0.1109375
0 0.69765625 0.8390625 0.0984375 0.109375
0 0.678125 0.95703125 0.090625 0.0859375
0 0.8203125 0.9453125 0.109375 0.109375
0 0.8296875 0.8 0.1125 0.10625
0 0.840625 0.67265625 0.09375 0.1171875
0 0.8484375 0.5328125 0.103125 0.1125
0 0.8328125 0.38671875 0.103125 0.1234375
0 0.85390625 0.25390625 0.1203125 0.1390625
0 0.85703125 0.11875 0.1046875 0.128125
0 0.97109375 0.07578125 0.0578125 0.1265625
0 0.96484375 0.22421875 0.0703125 0.1359375
0 0.95625 0.37265625 0.084375 0.1515625
0 0.96640625 0.50390625 0.0671875 0.0859375
0 0.96640625 0.62421875 0.0671875 0.1328125
0 0.96640625 0.77265625 0.0671875 0.1015625
0 0.95625 0.89140625 0.084375 0.1109375
0 0.553125 0.86015625 0.10625 0.1265625
0 0.553125 0.9703125 0.10625 0.059375
0 0.409375 0.75625 0.109375 0.13125
0 0.42578125 0.8984375 0.109375 0.125
0 0.2921875 0.91953125 0.1 0.1203125
0 0.64453125 0.0234375 0.0546875 0.046875
0 0.675 0.06640625 0.0515625 0.0546875
0 0.703125 0.02109375 0.078125 0.0421875
0 0.7390625 0.07421875 0.046875 0.0546875
0 0.71484375 0.159375 0.0390625 0.04375
0 0.7453125 0.21484375 0.0375 0.0453125
0 0.7125 0.2828125 0.096875 0.103125
0 0.70703125 0.4140625 0.1328125 0.115625
0 0.70234375 0.5546875 0.0828125 0.09375
0 0.434375 0.471875 0.1125 0.115625
0 0.42578125 0.6140625 0.0609375 0.071875
0 0.296875 0.6390625 0.109375 0.1125
0 0.28515625 0.49375 0.0921875 0.1125
0 0.28203125 0.38125 0.0953125 0.1125
0 0.440625 0.32734375 0.1 0.1078125
0 0.28828125 0.78515625 0.0765625 0.1109375
0 0.14453125 0.7203125 0.0609375 0.05625
0 0.1671875 0.8046875 0.06875 0.0625
0 0.18125 0.896875 0.05 0.059375
0 0.20234375 0.953125 0.0609375 0.071875
0 0.11484375 0.96875 0.0734375 0.0625
0 0.0953125 0.8890625 0.05 0.059375
0 0.07578125 0.809375 0.0515625 0.05625
0 0.06484375 0.72890625 0.0421875 0.0578125
0 0.021875 0.8125 0.04375 0.046875
0 0.034375 0.9046875 0.06875 0.059375
0 0.03828125 0.971875 0.0609375 0.053125
0 0.0234375 0.03125 0.0375 0.046875
0 0.0578125 0.07890625 0.0375 0.046875
0 0.09296875 0.14609375 0.0546875 0.0578125
0 0.12109375 0.246875 0.0453125 0.05625
0 0.1640625 0.296875 0.0375 0.0375
0 0.196875 0.3546875 0.040625 0.0375
0 0.128125 0.3578125 0.04375 0.04375
0 0.171875 0.41875 0.0375 0.046875
0 0.2015625 0.47265625 0.04375 0.0453125
0 0.1375 0.46796875 0.040625 0.0453125
0 0.16875 0.528125 0.046875 0.046875
0 0.20625 0.5796875 0.028125 0.040625
0 0.1375 0.58203125 0.046875 0.0390625
0 0.10625 0.5359375 0.0453125 0.05
0 0.07890625 0.47890625 0.0390625 0.0421875
0 0.0484375 0.4328125 0.040625 0.04375
0 0.10625 0.4109375 0.034375 0.05
0 0.071875 0.36796875 0.040625 0.03125
0 0.0390625 0.30546875 0.0375 0.0390625
0 0.01796875 0.36796875 0.0359375 0.046875
0 0.02109375 0.4921875 0.0421875 0.053125
0 0.06484375 0.5484375 0.0421875 0.05625
0 0.08828125 0.59609375 0.0359375 0.0421875
0 0.03125 0.60625 0.053125 0.05
0 0.059375 0.64765625 0.046875 0.04375
0 0.08203125 0.02265625 0.0453125 0.0453125
0 0.1265625 0.08125 0.05625 0.053125
0 0.15234375 0.14140625 0.0546875 0.0546875
0 0.2 0.12421875 0.046875 0.0546875
0 0.175 0.071875 0.0375 0.040625
0 0.1328125 0.0140625 0.03125 0.028125
0 0.196875 0.01640625 0.053125 0.0328125
0 0.2375 0.059375 0.04375 0.05625
0 0.2625 0.13515625 0.0484375 0.0734375
0 0.29453125 0.053125 0.046875 0.059375
0 0.315625 0.115625 0.0375 0.053125
0 0.35703125 0.053125 0.046875 0.053125
0 0.38515625 0.1015625 0.0421875 0.046875
0 0.41171875 0.0375 0.0515625 0.04375
0 0.44375 0.09609375 0.04375 0.0578125
0 0.4671875 0.04296875 0.04375 0.0546875
0 0.5015625 0.10625 0.05 0.0453125
0 0.53125 0.04140625 0.046875 0.0515625
0 0.5515625 0.08359375 0.040625 0.0515625
0 0.5875 0.03046875 0.05625 0.0609375
0 0.62265625 0.08515625 0.046875 0.0671875
0 0.2578125 0.0125 0.0484375 0.025
0 0.3171875 0.01171875 0.046875 0.0234375
0 0.86953125 0.01796875 0.0734375 0.0359375
0 0.3046875 0.21015625 0.053125 0.053125
0 0.340625 0.26171875 0.046875 0.0546875
0 0.28203125 0.2796875 0.046875 0.059375
0 0.21875 0.28828125 0.046875 0.0609375
0 0.17578125 0.22734375 0.0609375 0.0484375
0 0.3671875 0.19921875 0.0375 0.0546875
0 0.39375 0.24765625 0.04375 0.046875
0 0.4234375 0.184375 0.034375 0.0328125
0 0.45859375 0.240625 0.0484375 0.053125
0 0.48671875 0.184375 0.0421875 0.040625
0 0.5078125 0.23984375 0.046875 0.0421875
0 0.53984375 0.184375 0.0328125 0.040625
0 0.56796875 0.22890625 0.046875 0.0421875
0 0.59453125 0.17109375 0.0484375 0.053125
0 0.653125 0.15859375 0.05 0.0515625
0 0.67578125 0.20703125 0.04375 0.0453125
0 0.6296875 0.2265625 0.05 0.046875
0 0.025 0.15078125 0.040625 0.0515625
0 0.07578125 0.25 0.0484375 0.0484375
0 0.1 0.3125 0.034375 0.046875
0 0.021875 0.26328125 0.034375 0.046875
0 0.20078125 0.65078125 0.0546875 0.0609375
0 0.19140625 0.71328125 0.0484375 0.0578125
0 0.2296875 0.7703125 0.078125 0.08125