0 0.3796875 0.190625 0.11171875 0.12265625
0 0.22890625 0.36484375 0.10234375 0.12578125
0 0.22890625 0.21640625 0.09296875 0.11796875
0 0.2421875 0.07265625 0.10390625 0.12265625
0 0.09609375 0.24609375 0.09453125 0.13203125
0 0.10078125 0.10390625 0.09140625 0.11328125
0 0.08515625 0.3875 0.10390625 0.13046875
0 0.0875 0.53359375 0.08671875 0.11796875
0 0.07265625 0.80078125 0.10390625 0.10234375
0 0.084375 0.66484375 0.08046875 0.11328125
0 0.2203125 0.77109375 0.06953125 0.09453125
0 0.22109375 0.63359375 0.10234375 0.12890625
0 0.2359375 0.49453125 0.08515625 0.10234375
0 0.3578125 0.603125 0.08359375 0.10546875
0 0.34921875 0.74609375 0.09140625 0.11796875
0 0.50859375 0.578125 0.07109375 0.09609375
0 0.49453125 0.4390625 0.09921875 0.12265625
0 0.51015625 0.3 0.09921875 0.12890625
0 0.5171875 0.1625 0.09140625 0.12109375
0 0.52421875 0.034375 0.0890625 0.06875
0 0.37421875 0.0546875 0.1265625 0.109375
0 0.65703125 0.01640625 0.07265625 0.0328125
0 0.6546875 0.12734375 0.09609375 0.10703125
0 0.64140625 0.26796875 0.053125 0.08984375
0 0.63515625 0.40234375 0.10703125 0.12890625
0 0.63203125 0.53984375 0.04375 0.06796875
0 0.76328125 0.3859375 0.07734375 0.09609375
0 0.77890625 0.23671875 0.10859375 0.12734375
0 0.915625 0.21328125 0.08359375 0.10546875
0 0.91640625 0.07265625 0.11015625 0.12890625
0 0.78515625 0.103125 0.09921875 0.11171875
0 0.76640625 0.50859375 0.07734375 0.09921875
0 0.8859375 0.490625 0.07109375 0.11015625
0 0.89375 0.36015625 0.10234375 0.12578125
0 0.98203125 0.8703125 0.0359375 0.09921875
0 0.0796875 0.940625 0.10859375 0.11328125
0 0.21328125 0.90546875 0.07734375 0.10703125
0 0.33515625 0.98515625 0.07890625 0.0296875
0 0.47109375 0.9734375 0.0515625 0.053125
0 0.4828125 0.84765625 0.04375 0.059375
0 0.61015625 0.95078125 0.0984375 0.0984375
0 0.61171875 0.825 0.07265625 0.08671875
0 0.621875 0.68125 0.0609375 0.07421875
0 0.75390625 0.784375 0.08359375 0.11015625
0 0.74765625 0.65703125 0.08671875 0.09765625
0 0.74140625 0.921875 0.08046875 0.10234375
0 0.86328125 0.98515625 0.09140625 0.0296875
0 0.3765625 0.3203125 0.09921875 0.13046875
0 0.88359375 0.62421875 0.10703125 0.12578125
0 0.884375 0.7515625 0.08359375 0.09140625
0 0.9859375 0.73515625 0.028125 0.08671875
0 0.9875 0.5859375 0.025 0.08671875
0 0.99140625 0.45546875 0.0171875 0.07734375
0 0.9953125 0.3 0.009375 0.059375
0 0.9921875 0.16796875 0.015625 0.08515625
0 0.80546875 0.01171875 0.07109375 0.0234375
0 0.98203125 0.975 0.0359375 0.05
0 0.8890625 0.89375 0.0453125 0.0421875
0 0.3625 0.46015625 0.10859375 0.11171875