0 0.196875 0.4375 0.09609375 0.128125
0 0.3734375 0.63515625 0.12109375 0.1453125
0 0.69140625 0.37109375 0.13359375 0.1453125
0 0.703125 0.196875 0.14140625 0.15625
0 0.7 0.53671875 0.071875 0.0890625
0 0.70390625 0.7015625 0.12109375 0.128125
0 0.734375 0.98828125 0.109375 0.0234375
0 0.55 0.96953125 0.13359375 0.06015625
0 0.553125 0.840625 0.15859375 0.16015625
0 0.38515625 0.95390625 0.109375 0.0921875
0 0.37578125 0.8046875 0.10546875 0.1265625
0 0.2234375 0.76953125 0.1 0.11328125
0 0.21953125 0.93671875 0.11484375 0.1265625
0 0.06328125 0.9109375 0.11875 0.13203125
0 0.0546875 0.73984375 0.090625 0.1171875
0 0.04921875 0.58203125 0.0984375 0.153125
0 0.209375 0.5984375 0.090625 0.109375
0 0.3671875 0.46953125 0.13359375 0.14375
0 0.36328125 0.3 0.14140625 0.14375
0 0.3515625 0.13984375 0.1265625 0.18125
0 0.871875 0.73359375 0.11328125 0.1359375
0 0.88046875 0.91484375 0.1265625 0.13984375
0 0.86484375 0.57109375 0.1265625 0.146875
0 0.85078125 0.23984375 0.0984375 0.128125
0 0.9578125 0.29921875 0.046875 0.06640625
0 0.96796875 0.20625 0.0375 0.04375
0 0.9671875 0.57578125 0.046875 0.053125
0 0.9953125 0.6453125 0.009375 0.053125
0 0.9578125 0.7109375 0.0359375 0.04140625
0 0.9828125 0.790625 0.03359375 0.07890625
0 0.9875 0.36484375 0.02421875 0.05859375
0 0.9921875 0.50859375 0.01484375 0.05078125
0 0.85859375 0.06640625 0.11328125 0.13203125
0 0.68515625 0.05546875 0.13984375 0.1109375
0 0.53984375 0.03359375 0.1734375 0.0671875
0 0.34453125 0.0171875 0.1109375 0.03359375
0 0.19921875 0.09609375 0.1109375 0.1359375
0 0.1890625 0.27890625 0.1 0.15078125
0 0.04296875 0.2453125 0.0859375 0.146875
0 0.03828125 0.078125 0.0765625 0.15625
0 0.04765625 0.40703125 0.0953125 0.1515625
0 0.5359375 0.3328125 0.1359375 0.171875
0 0.54140625 0.50390625 0.11328125 0.15859375
0 0.53984375 0.67109375 0.146875 0.146875
0 0.52578125 0.16015625 0.05078125 0.0640625