0 0.74609375 0.2078125 0.0671875 0.0671875
0 0.825 0.2171875 0.0515625 0.04765625
0 0.80390625 0.29921875 0.04765625 0.04609375
0 0.72890625 0.296875 0.0515625 0.04609375
0 0.64765625 0.2875 0.05390625 0.0609375
0 0.5734375 0.275 0.0671875 0.05546875
0 0.97421875 0.23203125 0.0515625 0.0578125
0 0.96328125 0.3140625 0.05390625 0.05
0 0.95859375 0.40390625 0.04375 0.04609375
0 0.8734375 0.39453125 0.05 0.0578125
0 0.7875 0.3890625 0.05 0.04609375
0 0.7171875 0.3796875 0.059375 0.05390625
0 0.63203125 0.36796875 0.04609375 0.0421875
0 0.55234375 0.36171875 0.0515625 0.0578125
0 0.63125 0.45625 0.04765625 0.05390625
0 0.70390625 0.4671875 0.03671875 0.05
0 0.7765625 0.46328125 0.04375 0.05
0 0.85 0.478125 0.03984375 0.0515625
0 0.92109375 0.4921875 0.05 0.05390625
0 0.98828125 0.49140625 0.02265625 0.059375
0 0.56015625 0.44453125 0.04375 0.05390625
0 0.49140625 0.43671875 0.03984375 0.04609375
0 0.409375 0.43359375 0.03984375 0.04765625
0 0.35 0.41953125 0.03671875 0.05
0 0.2703125 0.409375 0.05390625 0.04765625
0 0.1921875 0.403125 0.04375 0.04765625
0 0.1265625 0.3953125 0.05 0.059375
0 0.046875 0.38984375 0.02890625 0.03671875
0 0.00859375 0.3015625 0.0171875 0.04375
0 0.07890625 0.31328125 0.05 0.05546875
0 0.15390625 0.31875 0.04375 0.03984375
0 0.23671875 0.3296875 0.03984375 0.05390625
0 0.31796875 0.33984375 0.05 0.06328125
0 0.396875 0.34765625 0.03828125 0.04765625
0 0.475 0.35703125 0.034375 0.04765625
0 0.66171875 0.2234375 0.04375 0.03984375
0 0.58125 0.2109375 0.03984375 0.0421875
0 0.490625 0.2671875 0.034375 0.03984375
0 0.3390625 0.19765625 0.04609375 0.04609375
0 0.36015625 0.0328125 0.13046875 0.06484375
0 0.203125 0.07734375 0.08828125 0.10546875
0 0.0328125 0.06796875 0.06484375 0.13203125
0 0.56015625 0.0984375 0.1015625 0.1359375
0 0.41484375 0.57578125 0.04765625 0.05546875
0 0.44765625 0.5046875 0.03984375 0.04765625
0 0.37265625 0.503125 0.04765625 0.06328125
0 0.29765625 0.4953125 0.04375 0.05546875
0 0.23046875 0.48359375 0.04375 0.0515625
0 0.15390625 0.47578125 0.04375 0.04765625
0 0.190625 0.55 0.03671875 0.05
0 0.265625 0.5578125 0.03984375 0.0578125
0 0.3390625 0.5703125 0.04609375 0.04375
0 0.4234375 0.20234375 0.05 0.04375
0 0.50703125 0.21015625 0.03671875 0.0328125
0 0.590625 0.525 0.03984375 0.0578125
0 0.56015625 0.596875 0.04375 0.059375
0 0.49140625 0.58359375 0.03984375 0.03984375
0 0.5203125 0.659375 0.03984375 0.05
0 0.44921875 0.65 0.03671875 0.03984375
0 0.36875 0.640625 0.04375 0.03828125
0 0.7421875 0.53125 0.04375 0.0515625
0 0.80859375 0.54765625 0.04609375 0.0578125
0 0.953125 0.5640625 0.04375 0.0515625
0 0.92421875 0.64765625 0.04765625 0.05390625
0 0.95078125 0.703125 0.04765625 0.0609375
0 0.9875 0.63984375 0.025 0.05
0 0.80859375 0.69453125 0.0578125 0.06328125
0 0.84609375 0.77109375 0.03984375 0.0515625
0 0.88046875 0.70703125 0.04765625 0.06875
0 0.8515625 0.62734375 0.04765625 0.06328125
0 0.77421875 0.62265625 0.05 0.0609375
0 0.70078125 0.61484375 0.05 0.0578125
0 0.63984375 0.61171875 0.03828125 0.03828125
0 0.6625 0.5328125 0.05 0.0578125
0 0.5921875 0.66875 0.03828125 0.05
0 0.65625 0.67890625 0.03671875 0.0515625
0 0.73203125 0.6875 0.04609375 0.05
0 0.70625 0.7515625 0.03984375 0.0515625
0 0.7765625 0.7625 0.04375 0.0578125
0 0.8078125 0.8390625 0.04765625 0.0578125
0 0.87421875 0.8421875 0.04765625 0.0515625
0 0.95078125 0.8484375 0.04765625 0.05390625
0 0.9203125 0.78046875 0.04375 0.0515625
0 0.9875 0.78984375 0.025 0.04375
0 0.86875 0.98125 0.053125 0.0375
0 0.91015625 0.92421875 0.04609375 0.0515625
0 0.98203125 0.93125 0.0359375 0.040625
0 0.9359375 0.98671875 0.04375 0.0265625
0 0.7671875 0.9015625 0.04375 0.04375
0 0.840625 0.9109375 0.03828125 0.04765625
0 0.790625 0.97265625 0.05625 0.0546875
0 0.71953125 0.97265625 0.0453125 0.0546875
0 0.69140625 0.8984375 0.05 0.0578125
0 0.67265625 0.8109375 0.05390625 0.0671875
0 0.6328125 0.74609375 0.04375 0.0515625
0 0.25390625 0.21484375 0.04765625 0.1
0 0.19140625 0.1828125 0.04609375 0.04765625
0 0.09375 0.234375 0.03828125 0.0515625
0 0.1734375 0.240625 0.04375 0.04375
0 0.03046875 0.159375 0.034375 0.034375
0 0.02109375 0.2203125 0.0421875 0.05390625
0 0.33046875 0.253125 0.05390625 0.05
0 0.4125 0.2625 0.0515625 0.05
0 0.5671875 0.73359375 0.03046875 0.03828125
0 0.49140625 0.7296875 0.04765625 0.0578125
0 0.4203125 0.71875 0.04765625 0.05390625
0 0.3703125 0.78359375 0.03984375 0.05
0 0.35 0.71484375 0.04375 0.05390625
0 0.28046875 0.703125 0.03984375 0.04765625
0 0.22421875 0.6265625 0.04609375 0.04765625
0 0.58046875 0.80859375 0.034375 0.0421875
0 0.62265625 0.88984375 0.04609375 0.059375
0 0.5796875 0.953125 0.04375 0.04375
0 0.653125 0.9625 0.05390625 0.0515625
0 0.08125 0.465625 0.04375 0.0578125
0 0.04609375 0.525 0.03828125 0.05
0 0.14765625 0.61171875 0.03828125 0.0515625
0 0.11796875 0.54375 0.04765625 0.05
0 0.128125 0.6890625 0.04609375 0.0578125
0 0.1984375 0.69921875 0.03984375 0.05390625
0 0.225 0.76171875 0.04375 0.04375
0 0.29921875 0.78046875 0.034375 0.0515625
0 0.25390625 0.846875 0.03671875 0.0421875
0 0.3265625 0.84765625 0.04375 0.04375
0 0.4109375 0.86796875 0.03671875 0.03828125
0 0.48359375 0.87265625 0.03671875 0.04375
0 0.515625 0.8015625 0.03828125 0.04765625
0 0.44765625 0.79296875 0.03984375 0.05
0 0.4375 0.9328125 0.03984375 0.0421875
0 0.51171875 0.94609375 0.03828125 0.05
0 0.509375 0.996875 0.05390625 0.00546875
0 0.43515625 0.9921875 0.03828125 0.015625
0 0.359375 0.9890625 0.0375 0.021875
0 0.35703125 0.9203125 0.03984375 0.04765625
0 0.2828125 0.984375 0.04375 0.03046875
0 0.3 0.91875 0.03984375 0.0515625
0 0.21484375 0.91015625 0.04609375 0.05390625
0 0.190625 0.83984375 0.04765625 0.04765625
0 0.11484375 0.8234375 0.04609375 0.05390625
0 0.0734375 0.89140625 0.03984375 0.04765625
0 0.08515625 0.75546875 0.04765625 0.0515625
0 0.153125 0.765625 0.04609375 0.0515625
0 0.01328125 0.46171875 0.0265625 0.0578125
0 0.01328125 0.59609375 0.0265625 0.0578125
0 0.01875 0.73984375 0.0375 0.0484375
0 0.01171875 0.8859375 0.02265625 0.06328125
0 0.03984375 0.81484375 0.05 0.04765625
0 0.02421875 0.99609375 0.04765625 0.0078125
0 0.55234375 0.87578125 0.03984375 0.0421875
0 0.07578125 0.60859375 0.03671875 0.04375
0 0.3015625 0.63046875 0.04375 0.05
0 0.05546875 0.67421875 0.03828125 0.04765625
0 0.13671875 0.88984375 0.02890625 0.0328125
0 0.89140625 0.30625 0.04375 0.0421875