0 0.67265625 0.4671875 0.0796875 0.10625
0 0.5265625 0.63046875 0.1 0.1203125
0 0.26328125 0.41171875 0.1109375 0.1203125
0 0.25390625 0.26796875 0.1171875 0.1296875
0 0.25625 0.54921875 0.059375 0.0734375
0 0.253125 0.6859375 0.1 0.10625
0 0.228125 0.95703125 0.090625 0.0859375
0 0.38046875 0.94140625 0.1109375 0.1171875
0 0.378125 0.80078125 0.13125 0.1328125
0 0.5171875 0.9171875 0.090625 0.121875
0 0.525 0.77109375 0.0875 0.1046875
0 0.65078125 0.7421875 0.0828125 0.09375
0 0.65390625 0.88125 0.0953125 0.10625
0 0.77734375 0.9625 0.1078125 0.075
0 0.78359375 0.859375 0.0984375 0.109375
0 0.790625 0.7171875 0.075 0.096875
0 0.80234375 0.58671875 0.0953125 0.1265625
0 0.6625 0.6 0.075 0.090625
0 0.53203125 0.49375 0.1109375 0.11875
0 0.53515625 0.353125 0.1171875 0.11875
0 0.54453125 0.2203125 0.1046875 0.15
0 0.1140625 0.7125 0.09375 0.1125
0 0.10703125 0.8625 0.1046875 0.115625
0 0.09453125 0.96484375 0.1015625 0.0703125
0 0.11953125 0.57734375 0.1046875 0.121875
0 0.13125 0.303125 0.08125 0.10625
0 0.04296875 0.35234375 0.0390625 0.0546875
0 0.034375 0.27578125 0.03125 0.0359375
0 0.03515625 0.58125 0.0390625 0.04375
0 0.0078125 0.6390625 0.015625 0.04375
0 0.04296875 0.69375 0.0296875 0.034375
0 0.01796875 0.759375 0.0359375 0.065625
0 0.0140625 0.40703125 0.028125 0.0484375
0 0.01015625 0.52578125 0.0203125 0.0421875
0 0.125 0.1578125 0.09375 0.1125
0 0.1453125 0.0421875 0.0875 0.075
0 0.26875 0.121875 0.115625 0.15
0 0.3890625 0.0921875 0.14375 0.1375
0 0.41953125 0.0171875 0.0734375 0.034375
0 0.27890625 0.01328125 0.0734375 0.0265625
0 0.478125 0.04765625 0.040625 0.0546875
0 0.55078125 0.02734375 0.0859375 0.0546875
0 0.55078125 0.09375 0.0921875 0.078125
0 0.69375 0.0671875 0.08125 0.0625
0 0.825 0.04453125 0.078125 0.0796875
0 0.67109375 0.184375 0.0921875 0.1125
0 0.6796875 0.3359375 0.0828125 0.125
0 0.81484375 0.3078125 0.0984375 0.121875
0 0.81953125 0.1640625 0.0921875 0.140625
0 0.9484375 0.14453125 0.1 0.1234375
0 0.94765625 0.2890625 0.1046875 0.1265625
0 0.940625 0.42265625 0.075 0.1171875
0 0.93828125 0.5578125 0.1015625 0.121875
0 0.92265625 0.68359375 0.0890625 0.10625
0 0.8046875 0.4421875 0.09375 0.125
0 0.91328125 0.82421875 0.1078125 0.121875
0 0.9109375 0.95546875 0.09375 0.0890625
0 0.99375 0.9265625 0.0125 0.09375
0 0.3921875 0.38046875 0.1125 0.1421875
0 0.3875 0.521875 0.09375 0.13125
0 0.3890625 0.66015625 0.121875 0.121875
0 0.63359375 0.9859375 0.0546875 0.028125
0 0.70078125 0.01640625 0.0671875 0.0328125
0 0.40078125 0.2375 0.0421875 0.053125