0 0.39765625 0.1875 0.1140625 0.13125
0 0.33125 0.30625 0.0375 0.05
0 0.25859375 0.303125 0.0390625 0.059375
0 0.20234375 0.35859375 0.0453125 0.0671875
0 0.22734375 0.421875 0.0484375 0.046875
0 0.278125 0.37265625 0.040625 0.0421875
0 0.31015625 0.4453125 0.0484375 0.0625
0 0.2453125 0.5046875 0.0375 0.071875
0 0.175 0.4828125 0.053125 0.065625
0 0.15234375 0.415625 0.0453125 0.05
0 0.03046875 0.27890625 0.0609375 0.09375
0 0.0359375 0.18359375 0.071875 0.0859375
0 0.14296875 0.065625 0.0828125 0.10625
0 0.30859375 0.09140625 0.1015625 0.1265625
0 0.4953125 0.04140625 0.09375 0.0828125
0 0.5546875 0.16015625 0.0375 0.0546875
0 0.63125 0.23515625 0.10625 0.0859375
0 0.83359375 0.14140625 0.0484375 0.0796875
0 0.71875 0.11171875 0.1 0.1140625
0 0.80546875 0.2375 0.1640625 0.121875
0 0.909375 0.04921875 0.06875 0.0984375
0 0.95703125 0.2015625 0.0859375 0.10625
0 0.94140625 0.43203125 0.0609375 0.0671875
0 0.85859375 0.41953125 0.0359375 0.0484375
0 0.81015625 0.46796875 0.0484375 0.0546875
0 0.884375 0.4875 0.059375 0.0625
0 0.76171875 0.53203125 0.0390625 0.0484375
0 0.73125 0.459375 0.05625 0.059375
0 0.78046875 0.4078125 0.0453125 0.065625
0 0.70859375 0.3859375 0.0484375 0.0625
0 0.6828125 0.3234375 0.053125 0.059375
0 0.63203125 0.36953125 0.0359375 0.0515625
0 0.58359375 0.4234375 0.0484375 0.05625
0 0.6515625 0.44765625 0.0375 0.0578125
0 0.690625 0.5234375 0.053125 0.046875
0 0.56171875 0.5640625 0.0515625 0.0546875
0 0.5953125 0.49921875 0.040625 0.0546875
0 0.52578125 0.4828125 0.0515625 0.065625
0 0.43515625 0.59765625 0.0484375 0.0546875
0 0.46015625 0.4703125 0.0453125 0.05
0 0.434375 0.40390625 0.046875 0.0484375
0 0.38125 0.45703125 0.04375 0.0546875
0 0.3625 0.378125 0.053125 0.046875
0 0.40546875 0.3359375 0.0453125 0.046875
0 0.5 0.4015625 0.046875 0.046875
0 0.60703125 0.0734375 0.0328125 0.046875
0 0.79609375 0.028125 0.0671875 0.05625
0 0.12265625 0.33046875 0.0484375 0.0515625
0 0.078125 0.39453125 0.053125 0.0546875
0 0.56328125 0.359375 0.0390625 0.0625
0 0.40546875 0.5265625 0.0453125 0.0625
0 0.328125 0.5171875 0.046875 0.05
0 0.35625 0.5890625 0.05625 0.059375
0 0.27421875 0.58046875 0.0484375 0.0578125
0 0.2953125 0.63671875 0.04375 0.0546875
0 0.196875 0.5546875 0.05625 0.053125
0 0.125 0.5453125 0.0375 0.065625
0 0.10078125 0.471875 0.0453125 0.059375
0 0.04765625 0.52734375 0.0484375 0.0546875
0 0.06953125 0.60078125 0.0515625 0.0703125
0 0.021875 0.659375 0.04375 0.04375
0 0.0140625 0.58125 0.028125 0.059375
0 0.30078125 0.24140625 0.0453125 0.0546875
0 0.4984375 0.61953125 0.04375 0.0515625
0 0.47265625 0.54375 0.0453125 0.05625
0 0.57421875 0.62734375 0.0453125 0.0515625
0 0.6328125 0.57578125 0.046875 0.046875
0 0.64921875 0.65 0.0390625 0.0546875
0 0.7046875 0.596875 0.05625 0.0625
0 0.68203125 0.71796875 0.0515625 0.0515625
0 0.7390625 0.6671875 0.046875 0.046875
0 0.78359375 0.6015625 0.0515625 0.0625
0 0.85859375 0.615625 0.0359375 0.034375
0 0.909375 0.565625 0.053125 0.059375
0 0.9578125 0.50546875 0.05625 0.0578125
0 0.80703125 0.67890625 0.0515625 0.0546875
0 0.759375 0.740625 0.0390625 0.04375
0 0.78359375 0.82109375 0.0515625 0.0640625
0 0.8609375 0.81953125 0.04375 0.0546875
0 0.884375 0.696875 0.04375 0.0546875
0 0.93828125 0.63515625 0.0546875 0.0578125
0 0.7109375 0.79375 0.046875 0.05625
0 0.965625 0.70859375 0.040625 0.046875
0 0.8375 0.7515625 0.04375 0.0546875
0 0.83671875 0.53671875 0.0546875 0.0421875
0 0.9109375 0.7703125 0.046875 0.05625
0 0.978125 0.78125 0.04375 0.046875
0 0.9375 0.84609375 0.053125 0.0578125
0 0.96328125 0.91953125 0.0421875 0.0421875
0 0.5359375 0.69765625 0.046875 0.0515625
0 0.45234375 0.67109375 0.0453125 0.0546875
0 0.38203125 0.66171875 0.0453125 0.0578125
0 0.409375 0.73984375 0.053125 0.0734375
0 0.48203125 0.753125 0.0484375 0.0625
0 0.5 0.825 0.046875 0.05625
0 0.5546875 0.7671875 0.046875 0.05
0 0.22109375 0.640625 0.0515625 0.046875
0 0.14375 0.628125 0.053125 0.053125
0 0.09140625 0.68046875 0.0484375 0.0640625
0 0.1734375 0.69296875 0.04375 0.0625
0 0.196875 0.75703125 0.059375 0.0703125
0 0.0484375 0.73359375 0.059375 0.0671875
0 0.24375 0.703125 0.04375 0.053125
0 0.26953125 0.76640625 0.0453125 0.0484375
0 0.3234375 0.71640625 0.053125 0.0578125
0 0.3484375 0.7921875 0.0625 0.0625
0 0.7609375 0.3375 0.053125 0.05
0 0.8390625 0.34765625 0.04375 0.0453125
0 0.909375 0.35703125 0.0375 0.03125
0 0.98828125 0.37265625 0.0234375 0.0578125
0 0.07109375 0.06484375 0.0328125 0.0359375
0 0.57734375 0.840625 0.0609375 0.05625
0 0.61328125 0.70859375 0.0390625 0.0578125
0 0.634375 0.78359375 0.034375 0.0421875
0 0.73515625 0.88125 0.0484375 0.05
0 0.8125 0.89375 0.046875 0.059375
0 0.82890625 0.96015625 0.0484375 0.0453125
0 0.7484375 0.953125 0.04375 0.046875
0 0.68515625 0.92734375 0.0421875 0.0484375
0 0.43203125 0.81640625 0.0515625 0.0546875
0 0.60546875 0.92109375 0.0546875 0.0703125
0 0.66171875 0.85234375 0.0484375 0.0484375
0 0.97734375 0.5703125 0.0390625 0.046875
0 0.14296875 0.82890625 0.0359375 0.0796875
0 0.12109375 0.7484375 0.0390625 0.065625
0 0.0515625 0.81015625 0.040625 0.046875
0 0.02265625 0.85703125 0.0453125 0.0578125
0 0.08828125 0.87734375 0.0515625 0.0734375
0 0.04609375 0.9359375 0.0453125 0.065625
0 0.12265625 0.95859375 0.0484375 0.0578125
0 0.0734375 0.98984375 0.046875 0.0203125
0 0.2140625 0.8390625 0.06875 0.0625
0 0.17265625 0.9 0.0546875 0.065625
0 0.240625 0.90859375 0.059375 0.0578125
0 0.29609375 0.8484375 0.0515625 0.05625
0 0.3171875 0.92421875 0.0625 0.0515625
0 0.37734375 0.86953125 0.0515625 0.0578125
0 0.19453125 0.9765625 0.0515625 0.046875
0 0.2703125 0.9765625 0.046875 0.046875
0 0.35 0.984375 0.04375 0.03125
0 0.39453125 0.940625 0.0546875 0.059375
0 0.4234375 0.98828125 0.059375 0.0234375
0 0.5296875 0.90703125 0.04375 0.0546875
0 0.5453125 0.97265625 0.04375 0.0546875
0 0.63125 0.98046875 0.04375 0.0390625
0 0.9140625 0.97421875 0.046875 0.0515625
0 0.8875 0.90234375 0.040625 0.0546875
0 0.98046875 0.98203125 0.0390625 0.0359375
0 0.45390625 0.8828125 0.0484375 0.053125
0 0.4734375 0.9546875 0.05 0.05625
0 0.70859375 0.984375 0.0421875 0.03125
0 0.1765625 0.2765625 0.06875 0.075