0 0.0921875 0.05703125 0.10078125 0.0953125
0 0.040625 0.1390625 0.08046875 0.0953125
0 0.08828125 0.25546875 0.08046875 0.10078125
0 0.07890625 0.3359375 0.09140625 0.096875
0 0.01171875 0.35625 0.0234375 0.08984375
0 0.08046875 0.4640625 0.11328125 0.096875
0 0.184375 0.425 0.08984375 0.09921875
0 0.20859375 0.2703125 0.10078125 0.1375
0 0.3296875 0.23046875 0.09921875 0.0953125
0 0.3234375 0.30703125 0.0859375 0.075
0 0.30859375 0.39921875 0.09375 0.0953125
0 0.3203125 0.521875 0.09921875 0.10234375
0 0.19609375 0.5640625 0.0953125 0.10625
0 0.171875 0.67734375 0.065625 0.084375
0 0.08046875 0.58046875 0.10234375 0.09140625
0 0.06328125 0.71171875 0.07890625 0.0859375
0 0.1546875 0.94609375 0.06796875 0.07109375
0 0.03828125 0.83046875 0.065625 0.07890625
0 0.18203125 0.80703125 0.096875 0.1046875
0 0.240625 0.88359375 0.075 0.09375
0 0.29921875 0.77734375 0.1046875 0.1078125
0 0.29609375 0.646875 0.075 0.0953125
0 0.42421875 0.74921875 0.06015625 0.07890625
0 0.471875 0.84609375 0.08984375 0.07890625
0 0.4359375 0.64140625 0.0734375 0.065625
0 0.54296875 0.7171875 0.06796875 0.08203125
0 0.4234375 0.921875 0.09140625 0.096875
0 0.34453125 0.94375 0.11015625 0.09375
0 0.2375 0.9734375 0.0859375 0.053125
0 0.4453125 0.2515625 0.084375 0.09375
0 0.440625 0.3796875 0.08984375 0.10234375
0 0.43046875 0.50078125 0.08828125 0.1078125
0 0.546875 0.471875 0.0859375 0.10078125
0 0.66328125 0.446875 0.0765625 0.09921875
0 0.6765625 0.334375 0.0859375 0.09375
0 0.56875 0.340625 0.07109375 0.0765625
0 0.56015625 0.23359375 0.084375 0.0859375
0 0.22421875 0.04921875 0.1265625 0.0984375
0 0.240625 0.13671875 0.12265625 0.10078125
0 0.1484375 0.12109375 0.10234375 0.11328125
0 0.3875 0.10078125 0.1046875 0.10234375
0 0.54140625 0.09375 0.10078125 0.11328125
0 0.69296875 0.0796875 0.1296875 0.15234375
0 0.7984375 0.18203125 0.09140625 0.10078125
0 0.6765625 0.228125 0.096875 0.10078125
0 0.7921875 0.29765625 0.07890625 0.10234375
0 0.54453125 0.0109375 0.115625 0.021875
0 0.396875 0.0109375 0.075 0.021875
0 0.84609375 0.04453125 0.0765625 0.0640625
0 0.92734375 0.05703125 0.12265625 0.11328125
0 0.903125 0.35234375 0.0546875 0.0640625
0 0.8515625 0.42734375 0.0625 0.06015625
0 0.92734375 0.45 0.06015625 0.05703125
0 0.98125 0.390625 0.0375 0.059375
0 0.9671875 0.5296875 0.0625 0.08046875
0 0.87890625 0.5109375 0.06953125 0.06953125
0 0.81484375 0.58046875 0.06953125 0.0625
0 0.840625 0.65625 0.065625 0.06015625
0 0.90859375 0.603125 0.0546875 0.0640625
0 0.92421875 0.6828125 0.06796875 0.05859375
0 0.9765625 0.609375 0.046875 0.065625
0 0.7546875 0.6484375 0.06953125 0.06953125
0 0.7765625 0.7375 0.065625 0.075
0 0.68515625 0.70390625 0.05859375 0.0640625
0 0.540625 0.60078125 0.096875 0.10078125
0 0.653125 0.87890625 0.075 0.0734375
0 0.71796875 0.80234375 0.0625 0.05859375
0 0.740625 0.88671875 0.06015625 0.0625
0 0.80859375 0.81328125 0.06796875 0.06015625
0 0.86640625 0.76953125 0.0625 0.0734375
0 0.9078125 0.84375 0.053125 0.06796875
0 0.82265625 0.90390625 0.065625 0.06796875
0 0.78125 0.9625 0.06796875 0.075
0 0.6859375 0.959375 0.06796875 0.0625
0 0.596875 0.93125 0.0546875 0.06015625
0 0.53671875 0.98671875 0.0640625 0.0265625
0 0.61796875 0.99140625 0.07890625 0.01640625
0 0.84765625 0.9734375 0.0734375 0.053125
0 0.96171875 0.7703125 0.0625 0.0546875
0 0.97890625 0.85625 0.0421875 0.0859375
0 0.91484375 0.9265625 0.06015625 0.0625
0 0.98125 0.95390625 0.0375 0.0765625
0 0.94296875 0.98671875 0.0640625 0.0265625