0 0.065625 0.06328125 0.059375 0.0546875
0 0.14765625 0.05859375 0.0671875 0.0609375
0 0.225 0.0421875 0.053125 0.053125
0 0.29765625 0.02890625 0.0640625 0.0484375
0 0.31875 0.10625 0.065625 0.05625
0 0.33359375 0.18984375 0.0640625 0.0671875
0 0.25625 0.18984375 0.053125 0.0515625
0 0.23984375 0.12109375 0.0625 0.0546875
0 0.15390625 0.13046875 0.0515625 0.0515625
0 0.178125 0.203125 0.053125 0.0625
0 0.2 0.27109375 0.05625 0.0515625
0 0.271875 0.27109375 0.059375 0.0515625
0 0.35 0.26875 0.059375 0.059375
0 0.42109375 0.25390625 0.0609375 0.0546875
0 0.50625 0.23671875 0.065625 0.0671875
0 0.41875 0.18359375 0.05625 0.0546875
0 0.3921875 0.09609375 0.065625 0.0578125
0 0.38203125 0.025 0.0546875 0.05
0 0.459375 0.0171875 0.053125 0.034375
0 0.47265625 0.08984375 0.0546875 0.0546875
0 0.49296875 0.1609375 0.0484375 0.05625
0 0.57265625 0.159375 0.0578125 0.059375
0 0.57734375 0.23828125 0.04375 0.0546875
0 0.65546875 0.21953125 0.0609375 0.0546875
0 0.74140625 0.2125 0.0671875 0.05625
0 0.7171875 0.14765625 0.065625 0.06875
0 0.709375 0.06171875 0.053125 0.0609375
0 0.621875 0.06875 0.0625 0.059375
0 0.546875 0.078125 0.0625 0.0625
0 0.63984375 0.13984375 0.0609375 0.053125
0 0.78125 0.05078125 0.071875 0.0703125
0 0.79765625 0.12265625 0.0734375 0.0734375
0 0.87421875 0.115625 0.0671875 0.059375
0 0.859375 0.034375 0.0625 0.06875
0 0.93203125 0.03203125 0.0671875 0.0640625
0 0.94609375 0.10703125 0.0640625 0.0625
0 0.96875 0.1921875 0.0625 0.0625
0 0.878125 0.18515625 0.053125 0.0578125
0 0.81171875 0.20234375 0.0671875 0.0609375
0 0.8296875 0.28828125 0.065625 0.0609375
0 0.90703125 0.259375 0.0484375 0.05625
0 0.975 0.25625 0.05 0.059375
0 0.01796875 0.153125 0.0359375 0.0734375
0 0.08203125 0.13359375 0.0609375 0.0546875
0 0.0984375 0.2125 0.0625 0.065625
0 0.02578125 0.22265625 0.0515625 0.0640625
0 0.0421875 0.2984375 0.053125 0.05
0 0.1203125 0.2921875 0.059375 0.053125
0 0.13125 0.36171875 0.059375 0.0578125
0 0.21015625 0.3578125 0.0609375 0.059375
0 0.2234375 0.4296875 0.0625 0.053125
0 0.29375 0.34765625 0.046875 0.0453125
0 0.35859375 0.33125 0.0453125 0.04375
0 0.43515625 0.325 0.0578125 0.05625
0 0.5171875 0.31640625 0.05625 0.0546875
0 0.58984375 0.3078125 0.0609375 0.053125
0 0.66171875 0.29765625 0.0578125 0.046875
0 0.74375 0.28515625 0.065625 0.0609375
0 0.7703125 0.36328125 0.071875 0.0703125
0 0.3171875 0.425 0.078125 0.06875
0 0.0828125 0.45234375 0.0625 0.0671875
0 0.14921875 0.440625 0.0546875 0.06875
0 0.05 0.37109375 0.053125 0.0609375
0 0.21171875 0.534375 0.0796875 0.075
0 0.540625 0.4015625 0.05625 0.06875
0 0.6078125 0.3859375 0.065625 0.075
0 0.378125 0.4125 0.059375 0.059375
0 0.46875 0.421875 0.078125 0.084375
0 0.6921875 0.3734375 0.05625 0.06875
0 0.7015625 0.49765625 0.075 0.0890625
0 0.6015625 0.5140625 0.078125 0.0921875
0 0.50546875 0.521875 0.0890625 0.1078125
0 0.59296875 0.6234375 0.0671875 0.08125
0 0.69296875 0.60234375 0.0640625 0.0796875
0 0.8 0.571875 0.06875 0.08125
0 0.903125 0.55546875 0.0625 0.0734375
0 0.91171875 0.45703125 0.0640625 0.0703125
0 0.840625 0.3640625 0.071875 0.078125
0 0.921875 0.3421875 0.071875 0.065625
0 0.9921875 0.43984375 0.015625 0.0671875
0 0.98203125 0.52265625 0.0359375 0.0546875
0 0.97734375 0.62890625 0.0390625 0.0546875
0 0.8921875 0.65625 0.065625 0.0671875
0 0.78515625 0.67109375 0.0703125 0.0703125
0 0.6828125 0.69921875 0.053125 0.0765625
0 0.78984375 0.7875 0.0796875 0.08125
0 0.8828125 0.76484375 0.071875 0.0765625
0 0.9796875 0.74140625 0.0375 0.0703125
0 0.97265625 0.8359375 0.0546875 0.078125
0 0.96953125 0.95 0.0578125 0.071875
0 0.88046875 0.865625 0.0640625 0.065625
0 0.77890625 0.8953125 0.0734375 0.078125
0 0.875 0.96640625 0.0625 0.0671875
0 0.765625 0.9765625 0.046875 0.046875
0 0.6765625 0.9046875 0.078125 0.075
0 0.68515625 0.815625 0.0578125 0.075
0 0.59453125 0.72734375 0.0734375 0.0890625
0 0.49609375 0.63984375 0.0609375 0.0828125
0 0.3046875 0.5921875 0.0703125 0.065625
0 0.29921875 0.51640625 0.0578125 0.0640625
0 0.396875 0.6734375 0.06875 0.0859375
0 0.496875 0.76484375 0.078125 0.0765625
0 0.58046875 0.83984375 0.0734375 0.0703125
0 0.10078125 0.5359375 0.0703125 0.071875
0 0.0984375 0.640625 0.078125 0.078125
0 0.08125 0.74140625 0.059375 0.0671875
0 0.19453125 0.7234375 0.0765625 0.078125
0 0.28203125 0.703125 0.0546875 0.0828125
0 0.18984375 0.6203125 0.0671875 0.075
0 0.01484375 0.4703125 0.0296875 0.059375
0 0.0234375 0.578125 0.046875 0.1
0 0.01484375 0.66484375 0.0296875 0.0890625
0 0.171875 0.81953125 0.0625 0.0671875
0 0.2953125 0.7921875 0.06875 0.06875
0 0.37890625 0.77890625 0.0765625 0.0796875
0 0.3828125 0.88125 0.078125 0.075
0 0.48125 0.8609375 0.0625 0.090625
0 0.46796875 0.95859375 0.0703125 0.0828125
0 0.5703125 0.93984375 0.053125 0.0828125
0 0.27890625 0.90078125 0.0734375 0.0828125
0 0.1640625 0.92109375 0.071875 0.0828125
0 0.06875 0.82734375 0.059375 0.0703125
0 0.0734375 0.9484375 0.06875 0.084375
0 0.409375 0.52265625 0.109375 0.1484375
0 0.98125 0.334375 0.0375 0.08125
0 0.159375 0.984375 0.071875 0.03125
0 0.27421875 0.98046875 0.0703125 0.0390625
0 0.371875 0.98046875 0.046875 0.0390625
0 0.67109375 0.9890625 0.0609375 0.021875
0 0.01171875 0.07109375 0.0234375 0.0671875
0 0.06328125 0.01171875 0.0546875 0.0234375