0 0.23671875 0.078125 0.09140625 0.1046875
0 0.2625 0.21796875 0.115625 0.115625
0 0.29140625 0.365625 0.08671875 0.1015625
0 0.32109375 0.5 0.08671875 0.09765625
0 0.46015625 0.5140625 0.04375 0.05546875
0 0.4296875 0.38515625 0.08671875 0.1140625
0 0.40625 0.21875 0.09609375 0.1015625
0 0.36328125 0.09921875 0.1 0.1109375
0 0.5171875 0.11015625 0.09609375 0.103125
0 0.53125 0.24921875 0.09765625 0.09609375
0 0.5640625 0.3828125 0.08203125 0.08671875
0 0.59609375 0.51640625 0.09765625 0.11796875
0 0.6390625 0.6625 0.1046875 0.115625
0 0.74296875 0.53203125 0.09296875 0.10625
0 0.7046875 0.3890625 0.0703125 0.1046875
0 0.80078125 0.40859375 0.065625 0.06171875
0 0.671875 0.2515625 0.05546875 0.05859375
0 0.72578125 0.12734375 0.05546875 0.075
0 0.646875 0.11953125 0.071875 0.1046875
0 0.6921875 0.01171875 0.04765625 0.02265625
0 0.4875 0.01328125 0.09609375 0.02578125
0 0.0546875 0.0046875 0.08125 0.009375
0 0.096875 0.08828125 0.109375 0.11796875
0 0.11875 0.2109375 0.1 0.08515625
0 0.1453125 0.36953125 0.09453125 0.12421875
0 0.178125 0.50546875 0.078125 0.103125
0 0.20859375 0.634375 0.1 0.12109375
0 0.2609375 0.7703125 0.08359375 0.1
0 0.38515625 0.76640625 0.10625 0.11796875
0 0.35078125 0.64765625 0.04921875 0.0671875
0 0.48359375 0.6625 0.05546875 0.0640625
0 0.9265625 0.8328125 0.09453125 0.12578125
0 0.95703125 0.953125 0.0859375 0.090625
0 0.828125 0.94609375 0.09140625 0.1078125
0 0.68984375 0.9390625 0.0859375 0.121875
0 0.55625 0.9390625 0.0734375 0.08671875
0 0.40625 0.93515625 0.0734375 0.11953125
0 0.27578125 0.9078125 0.09453125 0.10625
0 0.13671875 0.9046875 0.0796875 0.115625
0 0.10234375 0.7578125 0.0671875 0.08515625
0 0.07421875 0.63984375 0.09609375 0.1421875
0 0.04609375 0.4890625 0.09140625 0.103125
0 0.0296875 0.3578125 0.05859375 0.12734375
0 0.02109375 0.89921875 0.0421875 0.10625
0 0.02578125 0.9859375 0.0515625 0.028125
0 0.6640625 0.80625 0.0375 0.040625
0 0.8015625 0.81328125 0.08984375 0.103125
0 0.88203125 0.684375 0.08203125 0.1078125
0 0.77578125 0.67734375 0.1078125 0.12578125
0 0.51875 0.80078125 0.09296875 0.1109375