0 0.13046875 0.071875 0.08671875 0.12421875
0 0.03984375 0.1875 0.07890625 0.1375
0 0.16015625 0.29140625 0.109375 0.14140625
0 0.26484375 0.15390625 0.08125 0.11875
0 0.34609375 0.0546875 0.08515625 0.109375
0 0.35 0.2078125 0.04375 0.05859375
0 0.40390625 0.25390625 0.05625 0.08125
0 0.496875 0.13046875 0.0734375 0.0984375
0 0.5375 0.34609375 0.071875 0.11484375
0 0.63515625 0.23359375 0.06640625 0.090625
0 0.57265625 0.0375 0.1046875 0.075
0 0.70625 0.08671875 0.07734375 0.1171875
0 0.79453125 0.01640625 0.07578125 0.03203125
0 0.92578125 0.06875 0.08125 0.11875
0 0.83359375 0.20390625 0.08671875 0.10546875
0 0.96015625 0.28671875 0.07890625 0.128125
0 0.975 0.50546875 0.05 0.1453125
0 0.86484375 0.4125 0.10390625 0.11484375
0 0.78046875 0.5375 0.0921875 0.11328125
0 0.64921875 0.4265625 0.11328125 0.1171875
0 0.55078125 0.59140625 0.109375 0.1453125
0 0.46015625 0.709375 0.10546875 0.1546875
0 0.4171875 0.48515625 0.1015625 0.09453125
0 0.328125 0.59921875 0.10546875 0.16015625
0 0.2046875 0.51953125 0.1109375 0.153125
0 0.2953125 0.3875 0.046875 0.06640625
0 0.0515625 0.396875 0.1 0.11484375
0 0.01015625 0.54296875 0.0203125 0.1328125
0 0.11015625 0.6453125 0.0921875 0.128125
0 0.03984375 0.7671875 0.07890625 0.11875
0 0.1546875 0.8671875 0.12421875 0.1375
0 0.253125 0.74140625 0.10546875 0.12421875
0 0.27109375 0.95078125 0.10390625 0.0984375
0 0.046875 0.9640625 0.09375 0.06875
0 0.4828125 0.9234375 0.0828125 0.12265625
0 0.37109375 0.83046875 0.046875 0.0375
0 0.5890625 0.79609375 0.04921875 0.07578125
0 0.67578125 0.67578125 0.0828125 0.12421875
0 0.8046875 0.76484375 0.09609375 0.13359375
0 0.7171875 0.896875 0.090625 0.13359375
0 0.61640625 0.9875 0.09609375 0.02421875
0 0.8328125 0.95546875 0.09609375 0.0890625
0 0.9265625 0.859375 0.09453125 0.153125
0 0.9125 0.63125 0.0921875 0.12265625
0 0.73359375 0.31015625 0.04921875 0.08125