0 0.1078125 0.09765625 0.0765625 0.109375
0 0.03125 0.19921875 0.0625 0.1203125
0 0.134375 0.29140625 0.09609375 0.12421875
0 0.2265625 0.1703125 0.07109375 0.1046875
0 0.2984375 0.075 0.075 0.11328125
0 0.3015625 0.21796875 0.03828125 0.0515625
0 0.34921875 0.25859375 0.05 0.07109375
0 0.43125 0.14921875 0.06484375 0.08671875
0 0.46640625 0.33984375 0.06328125 0.1015625
0 0.55234375 0.240625 0.0578125 0.0796875
0 0.4984375 0.05078125 0.09296875 0.1015625
0 0.615625 0.1109375 0.06796875 0.103125
0 0.6921875 0.03125 0.065625 0.0625
0 0.8078125 0.0953125 0.07109375 0.1046875
0 0.72734375 0.2140625 0.0765625 0.09296875
0 0.84375 0.2875 0.0796875 0.11328125
0 0.92421875 0.1796875 0.07109375 0.11328125
0 0.9765625 0.5578125 0.046875 0.11640625
0 0.9421875 0.37421875 0.05 0.1078125
0 0.86796875 0.48125 0.075 0.128125
0 0.7546875 0.39765625 0.09140625 0.1015625
0 0.68046875 0.50859375 0.08125 0.1
0 0.56484375 0.41015625 0.1 0.103125
0 0.478125 0.55546875 0.09609375 0.128125
0 0.3984375 0.659375 0.09296875 0.1359375
0 0.36015625 0.46171875 0.08984375 0.0828125
0 0.28203125 0.5625 0.09296875 0.14140625
0 0.1734375 0.4921875 0.09765625 0.134375
0 0.253125 0.3765625 0.04140625 0.0578125
0 0.04140625 0.384375 0.0828125 0.1015625
0 0.00546875 0.5125 0.0109375 0.115625
0 0.090625 0.603125 0.08125 0.11328125
0 0.03125 0.71015625 0.0625 0.1046875
0 0.1296875 0.7984375 0.109375 0.12109375
0 0.215625 0.6875 0.09296875 0.109375
0 0.23203125 0.88515625 0.09140625 0.11328125
0 0.03828125 0.909375 0.0765625 0.1109375
0 0.15078125 0.971875 0.06328125 0.05625
0 0.35 0.95234375 0.06796875 0.09140625
0 0.41875 0.84765625 0.0734375 0.1078125
0 0.31953125 0.765625 0.04140625 0.03359375
0 0.51171875 0.7359375 0.04296875 0.06640625
0 0.58828125 0.6296875 0.0734375 0.109375
0 0.7015625 0.70859375 0.084375 0.11796875
0 0.62421875 0.825 0.0796875 0.11796875
0 0.5359375 0.94375 0.084375 0.1
0 0.7265625 0.89609375 0.084375 0.11796875
0 0.80859375 0.79140625 0.0828125 0.134375
0 0.796875 0.590625 0.08125 0.1078125
0 0.90625 0.68125 0.084375 0.11328125
0 0.9828125 0.76796875 0.034375 0.1046875
0 0.93046875 0.88203125 0.05 0.0734375
0 0.83828125 0.96796875 0.0671875 0.0640625
0 0.64453125 0.97578125 0.0796875 0.0484375
0 0.4578125 0.99453125 0.0625 0.0109375
0 0.97890625 0.0671875 0.04140625 0.134375
0 0.88203125 0.03046875 0.0984375 0.0609375
0 0.01484375 0.0140625 0.0296875 0.028125
0 0.63984375 0.3078125 0.04296875 0.07109375