0 0.240625 0.0671875 0.08125 0.103125
0 0.1578125 0.03828125 0.075 0.0765625
0 0.07109375 0.146875 0.0796875 0.121875
0 0.03203125 0.27109375 0.0484375 0.0625
0 0.02265625 0.421875 0.0453125 0.134375
0 0.17109375 0.50703125 0.1140625 0.1296875
0 0.2328125 0.378125 0.04375 0.053125
0 0.30546875 0.2609375 0.0796875 0.121875
0 0.36796875 0.140625 0.0953125 0.125
0 0.4328125 0.03984375 0.109375 0.0796875
0 0.5171875 0.10078125 0.08125 0.1234375
0 0.4796875 0.20859375 0.1 0.1359375
0 0.33671875 0.440625 0.0953125 0.153125
0 0.45234375 0.50546875 0.1140625 0.15625
0 0.5375 0.37421875 0.10625 0.13125
0 0.62890625 0.43828125 0.1015625 0.1109375
0 0.5640625 0.56875 0.096875 0.1125
0 0.38671875 0.62265625 0.1015625 0.1140625
0 0.2796875 0.553125 0.08125 0.1078125
0 0.21796875 0.7078125 0.0828125 0.11875
0 0.14296875 0.6625 0.0828125 0.128125
0 0.1515625 0.85625 0.084375 0.18125
0 0.31953125 0.74375 0.0671875 0.1125
0 0.27421875 0.85 0.0390625 0.05
0 0.43828125 0.8 0.0796875 0.125
0 0.403125 0.9609375 0.040625 0.078125
0 0.50234375 0.959375 0.1140625 0.08125
0 0.6203125 0.74609375 0.053125 0.0703125
0 0.71484375 0.8078125 0.0765625 0.125
0 0.76328125 0.68046875 0.0796875 0.1265625
0 0.67421875 0.64453125 0.0828125 0.1015625
0 0.75859375 0.509375 0.0796875 0.128125
0 0.70390625 0.31484375 0.0953125 0.0828125
0 0.5921875 0.24296875 0.059375 0.1265625
0 0.671875 0.15390625 0.084375 0.1359375
0 0.73203125 0.040625 0.1046875 0.08125
0 0.81875 0.09140625 0.075 0.1265625
0 0.76171875 0.20546875 0.0765625 0.1203125
0 0.88828125 0.26875 0.0890625 0.13125
0 0.97265625 0.34453125 0.0546875 0.1015625
0 0.91953125 0.45078125 0.0953125 0.1265625
0 0.7984375 0.3921875 0.121875 0.1125
0 0.8609375 0.571875 0.075 0.128125
0 0.95703125 0.6296875 0.0859375 0.134375
0 0.98671875 0.4765625 0.0265625 0.0625
0 0.98203125 0.8125 0.0359375 0.140625
0 0.89765625 0.76328125 0.1078125 0.1359375
0 0.82265625 0.85859375 0.0671875 0.1015625
0 0.9453125 0.9375 0.109375 0.125
0 0.75859375 0.96640625 0.0734375 0.0671875
0 0.65703125 0.93203125 0.0546875 0.0671875
0 0.16953125 0.97421875 0.1046875 0.0515625
0 0.05078125 0.9703125 0.1015625 0.059375
0 0.01875 0.89375 0.0375 0.090625
0 0.9859375 0.05390625 0.028125 0.0859375
0 0.4234375 0.31953125 0.040625 0.0515625
0 0.69921875 0.50234375 0.0390625 0.0578125
0 0.05234375 0.80859375 0.0796875 0.1015625
0 0.58125 0.05859375 0.053125 0.0859375
0 0.934375 0.15625 0.09375 0.109375
0 0.49609375 0.68125 0.0390625 0.034375
0 0.5328125 0.8734375 0.065625 0.08125