0 0.51875 0.4125 0.1 0.1125
0 0.56328125 0.2875 0.0953125 0.121875
0 0.5875 0.15546875 0.103125 0.13125
0 0.60859375 0.0421875 0.1015625 0.084375
0 0.4296875 0.26953125 0.109375 0.1234375
0 0.36875 0.525 0.0875 0.1171875
0 0.240625 0.51484375 0.028125 0.0359375
0 0.27421875 0.3890625 0.0859375 0.128125
0 0.296875 0.2609375 0.06875 0.10625
0 0.31640625 0.13828125 0.0921875 0.1203125
0 0.3453125 0.040625 0.1015625 0.08125
0 0.2046875 0.10625 0.090625 0.134375
0 0.059375 0.08515625 0.0625 0.0703125
0 0.0265625 0.35703125 0.053125 0.1203125
0 0.06328125 0.75234375 0.0859375 0.1359375
0 0.165625 0.903125 0.0875 0.134375
0 0.18828125 0.7671875 0.0859375 0.1125
0 0.221875 0.646875 0.053125 0.075
0 0.2953125 0.9140625 0.090625 0.125
0 0.31171875 0.78671875 0.0921875 0.125
0 0.3453125 0.6484375 0.090625 0.109375
0 0.71015625 0.1703125 0.0765625 0.1375
0 0.74140625 0.05078125 0.0984375 0.1015625
0 0.865625 0.065625 0.121875 0.13125
0 0.846875 0.20234375 0.10625 0.1234375
0 0.80078125 0.315625 0.121875 0.146875
0 0.66328125 0.4390625 0.0984375 0.11875
0 0.6265625 0.5671875 0.08125 0.09375
0 0.490625 0.5515625 0.10625 0.134375
0 0.46484375 0.665625 0.0859375 0.1125
0 0.4671875 0.78125 0.075 0.109375
0 0.5703125 0.83125 0.0828125 0.109375
0 0.4125 0.9328125 0.08125 0.115625
0 0.73359375 0.71328125 0.0703125 0.1140625
0 0.6078125 0.7 0.08125 0.11875
0 0.771875 0.571875 0.10625 0.134375
0 0.7984375 0.46171875 0.08125 0.0890625
0 0.89921875 0.60859375 0.1015625 0.1453125
0 0.8703125 0.73828125 0.075 0.1109375
0 0.83046875 0.8703125 0.0921875 0.10625
0 0.95 0.88671875 0.096875 0.1328125
0 0.98046875 0.75078125 0.0390625 0.0859375
0 0.98828125 0.62734375 0.0234375 0.0515625
0 0.940625 0.35390625 0.109375 0.1359375
0 0.95703125 0.22265625 0.0859375 0.1328125
0 0.97421875 0.07578125 0.0515625 0.1453125
0 0.13984375 0.3671875 0.0828125 0.109375
0 0.1859375 0.24375 0.08125 0.11875
0 0.6953125 0.8328125 0.0625 0.0625
0 0.9203125 0.96875 0.10625 0.0625
0 0.0296875 0.9671875 0.059375 0.065625
0 0.125 0.984375 0.078125 0.03125
0 0.11484375 0.48984375 0.0796875 0.1109375
0 0.403125 0.39921875 0.078125 0.1265625
0 0.0875 0.61640625 0.096875 0.1140625
0 0.49296875 0.0234375 0.0890625 0.046875
0 0.45234375 0.14296875 0.0984375 0.1203125
0 0.22734375 0.01875 0.0859375 0.0375