0 0.2625 0.87890625 0.103125 0.1109375
0 0.10390625 0.86875 0.0734375 0.096875
0 0.15546875 0.809375 0.053125 0.05625
0 0.2 0.71640625 0.0484375 0.0421875
0 0.30234375 0.6859375 0.0578125 0.059375
0 0.3953125 0.740625 0.0625 0.059375
0 0.4859375 0.76796875 0.034375 0.0421875
0 0.56796875 0.77578125 0.0421875 0.0515625
0 0.65078125 0.775 0.0515625 0.05625
0 0.71953125 0.78828125 0.0546875 0.0609375
0 0.75625 0.83203125 0.04375 0.0546875
0 0.6953125 0.85859375 0.0671875 0.0671875
0 0.65703125 0.91953125 0.0546875 0.0578125
0 0.53515625 0.89765625 0.0765625 0.0671875
0 0.3828125 0.89765625 0.1 0.1140625
0 0.36796875 0.97421875 0.0890625 0.0515625
0 0.4921875 0.98203125 0.09375 0.0359375
0 0.2359375 0.96171875 0.08125 0.0640625
0 0.10859375 0.9625 0.0984375 0.075
0 0.01796875 0.946875 0.0359375 0.090625
0 0.0171875 0.8265625 0.034375 0.090625
0 0.034375 0.6859375 0.06875 0.115625
0 0.5125 0.4578125 0.05 0.05625
0 0.59453125 0.45625 0.0484375 0.053125
0 0.6671875 0.47109375 0.059375 0.0578125
0 0.7453125 0.4734375 0.0515625 0.05
0 0.8234375 0.48125 0.053125 0.05625
0 0.709375 0.55 0.04375 0.053125
0 0.77890625 0.5484375 0.0421875 0.05625
0 0.8484375 0.5578125 0.05 0.053125
0 0.92734375 0.559375 0.0484375 0.05
0 0.98203125 0.4890625 0.0359375 0.05
0 0.94765625 0.415625 0.0578125 0.05625
0 0.871875 0.39765625 0.05 0.0453125
0 0.91875 0.33359375 0.046875 0.046875
0 0.98828125 0.3390625 0.0234375 0.059375
0 0.9625 0.24140625 0.040625 0.0453125
0 0.55 0.53359375 0.04375 0.0421875
0 0.621875 0.53671875 0.046875 0.0515625
0 0.50078125 0.6 0.0328125 0.04375
0 0.5828125 0.61875 0.046875 0.05
0 0.65390625 0.6203125 0.0515625 0.053125
0 0.61328125 0.68828125 0.04375 0.0484375
0 0.6890625 0.703125 0.040625 0.053125
0 0.76640625 0.7015625 0.0546875 0.059375
0 0.8515625 0.70859375 0.053125 0.046875
0 0.92578125 0.71953125 0.0546875 0.0546875
0 0.959375 0.65 0.04375 0.065625
0 0.8921875 0.6375 0.05625 0.05625
0 0.809375 0.63046875 0.05 0.0578125
0 0.7984375 0.7859375 0.040625 0.0625
0 0.840625 0.840625 0.040625 0.040625
0 0.88671875 0.79296875 0.0453125 0.0546875
0 0.95625 0.8015625 0.053125 0.05625
0 0.953125 0.86328125 0.046875 0.0546875
0 0.91953125 0.96484375 0.0484375 0.0453125
0 0.796875 0.9390625 0.046875 0.040625
0 0.253125 0.04609375 0.075 0.0765625
0 0.24140625 0.1375 0.0765625 0.0875
0 0.35 0.196875 0.065625 0.08125
0 0.33046875 0.29140625 0.0671875 0.0828125
0 0.31484375 0.3890625 0.0671875 0.075
0 0.3140625 0.47890625 0.05 0.0578125
0 0.4171875 0.4375 0.059375 0.06875
0 0.425 0.33828125 0.0375 0.0421875
0 0.43515625 0.24609375 0.0734375 0.0703125
0 0.53828125 0.14609375 0.04375 0.0515625
0 0.6109375 0.14921875 0.05625 0.0546875
0 0.69296875 0.14921875 0.046875 0.0484375
0 0.765625 0.1546875 0.046875 0.053125
0 0.840625 0.1640625 0.040625 0.0375
0 0.92265625 0.165625 0.0328125 0.040625
0 0.8890625 0.08984375 0.059375 0.0546875
0 0.965625 0.09609375 0.05 0.0515625
0 0.7328125 0.08125 0.053125 0.053125
0 0.8171875 0.08359375 0.040625 0.0515625
0 0.85546875 0.0203125 0.0546875 0.040625
0 0.9375 0.0234375 0.06875 0.046875
0 0.77890625 0.01484375 0.0515625 0.0296875
0 0.69453125 0.01171875 0.04375 0.0234375
0 0.6265625 0.01484375 0.04375 0.0296875
0 0.578125 0.0734375 0.053125 0.059375
0 0.665625 0.07421875 0.05 0.0546875
0 0.43671875 0.05703125 0.0609375 0.0734375
0 0.4421875 0.14921875 0.05625 0.065625
0 0.565625 0.2234375 0.04375 0.0484375
0 0.64453125 0.2234375 0.0546875 0.0625
0 0.5171875 0.30546875 0.05625 0.0546875
0 0.60234375 0.315625 0.0484375 0.053125
0 0.68203125 0.3140625 0.0578125 0.05625
0 0.75703125 0.31953125 0.04375 0.0453125
0 0.8390625 0.33984375 0.04375 0.0609375
0 0.80078125 0.24375 0.04375 0.05
0 0.87890625 0.25 0.0453125 0.0484375
0 0.0515625 0.03125 0.05 0.0625
0 0.03984375 0.13203125 0.0546875 0.06875
0 0.1390625 0.18359375 0.053125 0.0703125
0 0.14375 0.0828125 0.059375 0.0625
0 0.12890625 0.28515625 0.0546875 0.071875
0 0.12421875 0.384375 0.0453125 0.065625
0 0.04765625 0.446875 0.0484375 0.05
0 0.1171875 0.4828125 0.046875 0.059375
0 0.115625 0.57890625 0.04375 0.0546875
0 0.2078125 0.5296875 0.046875 0.059375
0 0.2 0.62421875 0.040625 0.0609375
0 0.21953125 0.42890625 0.0390625 0.0453125
0 0.24453125 0.340625 0.0421875 0.05625
0 0.01640625 0.31875 0.0328125 0.06875
0 0.01484375 0.58125 0.0296875 0.09375
0 0.534375 0.68984375 0.0515625 0.0515625
0 0.39765625 0.628125 0.0359375 0.0515625
0 0.56015625 0.38828125 0.0578125 0.0578125
0 0.640625 0.3859375 0.053125 0.059375
0 0.71875 0.3890625 0.053125 0.053125
0 0.03359375 0.23125 0.0421875 0.05625