0 0.290625 0.3796875 0.090625 0.09375
0 0.4078125 0.49140625 0.08125 0.0828125
0 0.25625 0.56171875 0.08125 0.090625
0 0.43046875 0.578125 0.0484375 0.053125
0 0.49921875 0.63515625 0.0921875 0.0984375
0 0.37734375 0.9 0.0828125 0.08125
0 0.225 0.82890625 0.08125 0.1015625
0 0.0359375 0.9078125 0.071875 0.096875
0 0.01953125 0.4125 0.0390625 0.1375
0 0.01171875 0.2109375 0.0234375 0.109375
0 0.03359375 0.08828125 0.0671875 0.1203125
0 0.10703125 0.134375 0.1046875 0.11875
0 0.228125 0.1765625 0.05625 0.0875
0 0.3 0.059375 0.1 0.11875
0 0.42578125 0.11328125 0.1015625 0.1171875
0 0.48046875 0.021875 0.0859375 0.04375
0 0.7984375 0.3515625 0.0859375 0.109375
0 0.7578125 0.48984375 0.078125 0.0890625
0 0.7484375 0.63515625 0.08125 0.1046875
0 0.93046875 0.96796875 0.0734375 0.0609375
0 0.51328125 0.92421875 0.0421875 0.0578125
0 0.571875 0.934375 0.05 0.046875
0 0.6375 0.9421875 0.05625 0.05625
0 0.46328125 0.31796875 0.0515625 0.0578125
0 0.428125 0.9859375 0.028125 0.028125
0 0.8046875 0.94609375 0.090625 0.0765625
0 0.703125 0.9578125 0.071875 0.08125