0 0.13984375 0.2765625 0.09765625 0.11171875
0 0.1390625 0.4109375 0.10234375 0.08984375
0 0.2109375 0.52109375 0.08203125 0.10546875
0 0.0890625 0.52265625 0.0578125 0.07734375
0 0.0875 0.63984375 0.07109375 0.09765625
0 0.059375 0.7625 0.07890625 0.10078125
0 0.02734375 0.865625 0.0546875 0.08671875
0 0.0375 0.96171875 0.075 0.0765625
0 0.1359375 0.965625 0.08125 0.06875
0 0.26484375 0.96328125 0.0765625 0.0734375
0 0.259375 0.8609375 0.10078125 0.09921875
0 0.2953125 0.7625 0.12734375 0.10703125
0 0.17265625 0.76640625 0.09296875 0.10859375
0 0.02421875 0.40234375 0.0484375 0.09765625
0 0.0328125 0.28125 0.065625 0.109375
0 0.053125 0.03046875 0.06640625 0.0609375
0 0.0234375 0.10078125 0.046875 0.08203125
0 0.08984375 0.12734375 0.059375 0.07265625
0 0.1234375 0.05546875 0.0484375 0.0609375
0 0.15234375 0.01484375 0.028125 0.0296875
0 0.22265625 0.02890625 0.0578125 0.0546875
0 0.1921875 0.1125 0.059375 0.07421875
0 0.15546875 0.171875 0.05625 0.08359375
0 0.0546875 0.19296875 0.059375 0.0609375
0 0.271875 0.1296875 0.07265625 0.06640625
0 0.2203125 0.20546875 0.04375 0.07109375
0 0.26640625 0.27265625 0.07421875 0.08671875
0 0.3640625 0.28359375 0.08984375 0.10234375
0 0.3359375 0.39375 0.10234375 0.11796875
0 0.33359375 0.51875 0.09140625 0.10078125
0 0.45 0.521875 0.07890625 0.10703125
0 0.4578125 0.40703125 0.09453125 0.10390625
0 0.5859375 0.41640625 0.07734375 0.13203125
0 0.18125 0.6390625 0.0546875 0.0578125
0 0.3171875 0.6453125 0.046875 0.0546875
0 0.4359375 0.6359375 0.09296875 0.09921875
0 0.40703125 0.76328125 0.08203125 0.09296875
0 0.3984375 0.87265625 0.08046875 0.10078125
0 0.36640625 0.971875 0.07890625 0.05625
0 0.49921875 0.97265625 0.09296875 0.0546875
0 0.509375 0.86953125 0.08203125 0.09453125
0 0.52421875 0.76875 0.08046875 0.09765625
0 0.53671875 0.653125 0.046875 0.0609375
0 0.684375 0.78828125 0.08671875 0.09609375
0 0.609375 0.84375 0.07734375 0.12109375
0 0.6703125 0.90703125 0.08984375 0.11328125
0 0.59140625 0.95234375 0.0953125 0.0953125
0 0.4046875 0.025 0.0609375 0.05
0 0.36796875 0.0890625 0.06640625 0.07421875
0 0.321875 0.1703125 0.0578125 0.08046875
0 0.29296875 0.06015625 0.0515625 0.0484375
0 0.434375 0.13828125 0.06484375 0.08359375
0 0.40078125 0.19765625 0.053125 0.0609375
0 0.47421875 0.23203125 0.06484375 0.06796875
0 0.5 0.16640625 0.06328125 0.05625
0 0.46953125 0.06328125 0.0546875 0.07578125
0 0.53515625 0.09375 0.0546875 0.08359375
0 0.575 0.02734375 0.0546875 0.0546875
0 0.64609375 0.0640625 0.05625 0.0546875
0 0.59609375 0.1265625 0.05625 0.07109375
0 0.56875 0.19140625 0.06484375 0.07421875
0 0.6703125 0.15234375 0.0515625 0.06640625
0 0.70546875 0.10625 0.07421875 0.06796875
0 0.75703125 0.03046875 0.0578125 0.0609375
0 0.68046875 0.01484375 0.046875 0.0296875
0 0.82421875 0.071875 0.06640625 0.07734375
0 0.78046875 0.13828125 0.06484375 0.06796875
0 0.746875 0.1984375 0.0515625 0.06328125
0 0.98359375 0.08046875 0.0328125 0.09453125
0 0.96796875 0.12890625 0.0609375 0.059375
0 0.92734375 0.20703125 0.059375 0.06484375
0 0.8984375 0.27109375 0.0484375 0.07734375
0 0.8109375 0.23515625 0.034375 0.0578125
0 0.76015625 0.3078125 0.07421875 0.07109375
0 0.87578125 0.3953125 0.09140625 0.08046875
0 0.978125 0.421875 0.04375 0.08671875
0 0.8453125 0.521875 0.09296875 0.08203125
0 0.82890625 0.6640625 0.09140625 0.10703125
0 0.72265625 0.64375 0.08359375 0.10546875
0 0.66484375 0.57421875 0.06328125 0.07578125
0 0.95625 0.68125 0.0875 0.103125
0 0.965625 0.5609375 0.06875 0.1
0 0.94765625 0.8171875 0.09296875 0.09921875
0 0.9125 0.93125 0.09296875 0.09921875
0 0.78671875 0.92734375 0.08671875 0.12265625
0 0.72734375 0.51328125 0.07109375 0.08984375
0 0.74921875 0.390625 0.08984375 0.08671875
0 0.634375 0.69375 0.08046875 0.07890625
0 0.2328125 0.409375 0.0375 0.0390625
0 0.4875 0.30546875 0.10078125 0.09296875
0 0.8796875 0.109375 0.0578125 0.06796875