0 0.078125 0.06328125 0.053125 0.0640625
0 0.0421875 0.1359375 0.06875 0.06875
0 0.10078125 0.17734375 0.0546875 0.0515625
0 0.14453125 0.10546875 0.0453125 0.0546875
0 0.20546875 0.146875 0.0671875 0.065625
0 0.2515625 0.08203125 0.040625 0.0453125
0 0.315625 0.11015625 0.053125 0.0546875
0 0.2765625 0.17421875 0.059375 0.0671875
0 0.35078125 0.215625 0.0609375 0.05625
0 0.3921875 0.13671875 0.05 0.0609375
0 0.42734375 0.0671875 0.0484375 0.05
0 0.3484375 0.04140625 0.0484375 0.0578125
0 0.18046875 0.0359375 0.0484375 0.0625
0 0.06796875 0.2453125 0.0578125 0.06875
0 0.13125 0.284375 0.053125 0.053125
0 0.175 0.21484375 0.04375 0.0546875
0 0.23984375 0.24453125 0.0578125 0.0671875
0 0.2046875 0.31796875 0.05625 0.0578125
0 0.30234375 0.29453125 0.0515625 0.0640625
0 0.27734375 0.35859375 0.0546875 0.0609375
0 0.23671875 0.4234375 0.0578125 0.05625
0 0.16640625 0.390625 0.0515625 0.053125
0 0.13984375 0.45859375 0.0453125 0.0640625
0 0.09609375 0.521875 0.0421875 0.059375
0 0.059375 0.59921875 0.05 0.0640625
0 0.09609375 0.353125 0.0359375 0.05
0 0.034375 0.3234375 0.053125 0.053125
0 0.06640625 0.42265625 0.04375 0.0546875
0 0.0296875 0.4875 0.053125 0.059375
0 0.0140625 0.21171875 0.028125 0.0546875
0 0.01171875 0.03125 0.0234375 0.0625
0 0.115625 0.0125 0.04375 0.025
0 0.121875 0.6359375 0.0453125 0.053125
0 0.1609375 0.56875 0.0484375 0.059375
0 0.20234375 0.49609375 0.0359375 0.0390625
0 0.26953125 0.53046875 0.0453125 0.0609375
0 0.22890625 0.60078125 0.0515625 0.0609375
0 0.1921875 0.6765625 0.040625 0.05625
0 0.1578125 0.73359375 0.0484375 0.0609375
0 0.084375 0.70859375 0.04375 0.0578125
0 0.053125 0.778125 0.04375 0.0625
0 0.1234375 0.809375 0.04375 0.05
0 0.184375 0.8484375 0.0484375 0.05625
0 0.22578125 0.78046875 0.0546875 0.0609375
0 0.25625 0.71015625 0.04375 0.0609375
0 0.3046875 0.63828125 0.053125 0.0640625
0 0.021875 0.8515625 0.04375 0.0625
0 0.0921875 0.8859375 0.053125 0.053125
0 0.05078125 0.9515625 0.0453125 0.053125
0 0.14609375 0.92109375 0.0515625 0.0671875
0 0.221875 0.96328125 0.04375 0.0671875
0 0.2546875 0.8734375 0.0484375 0.059375
0 0.32578125 0.91640625 0.046875 0.0671875
0 0.48671875 0.10078125 0.0515625 0.0546875
0 0.4609375 0.1765625 0.046875 0.046875
0 0.41953125 0.25078125 0.0484375 0.0546875
0 0.38515625 0.3265625 0.0421875 0.059375
0 0.340625 0.4 0.046875 0.05625
0 0.303125 0.4609375 0.053125 0.053125
0 0.375 0.4984375 0.046875 0.059375
0 0.409375 0.4328125 0.04375 0.053125
0 0.4453125 0.35234375 0.046875 0.0546875
0 0.484375 0.2875 0.053125 0.053125
0 0.52578125 0.2203125 0.0578125 0.05625
0 0.590625 0.259375 0.046875 0.05625
0 0.01953125 0.665625 0.0328125 0.034375
0 0.36328125 0.8453125 0.0453125 0.05625
0 0.40078125 0.7796875 0.0578125 0.059375
0 0.43984375 0.70625 0.0421875 0.053125
0 0.4765625 0.6421875 0.046875 0.05625
0 0.51875 0.5703125 0.053125 0.0671875
0 0.29296875 0.81796875 0.0453125 0.046875
0 0.3328125 0.7421875 0.046875 0.053125
0 0.37265625 0.66875 0.046875 0.046875
0 0.409375 0.59765625 0.053125 0.0546875
0 0.34140625 0.56875 0.0578125 0.059375
0 0.45390625 0.53671875 0.0546875 0.0640625
0 0.48046875 0.46640625 0.0453125 0.0515625
0 0.1421875 0.98828125 0.075 0.0234375
0 0.403125 0.95234375 0.05625 0.0609375
0 0.43125 0.8890625 0.05 0.059375
0 0.49765625 0.9125 0.0515625 0.059375
0 0.47109375 0.9703125 0.0578125 0.05625
0 0.565625 0.94921875 0.053125 0.0703125
0 0.5953125 0.8828125 0.065625 0.06875
0 0.540625 0.8515625 0.065625 0.06875
0 0.4671875 0.81328125 0.06875 0.0640625
0 0.703125 0.0390625 0.0625 0.053125
0 0.66640625 0.11328125 0.0515625 0.0609375
0 0.634375 0.184375 0.05 0.05625
0 0.56953125 0.1578125 0.04375 0.05625
0 0.775 0.0765625 0.05 0.059375
0 0.8375 0.11171875 0.05625 0.0578125
0 0.87734375 0.04765625 0.0421875 0.0546875
0 0.94375 0.08359375 0.053125 0.0640625
0 0.9765625 0.02734375 0.046875 0.0546875
0 0.8734375 0.22109375 0.053125 0.0671875
0 0.7296875 0.15234375 0.0515625 0.0546875
0 0.80234375 0.18984375 0.0515625 0.0578125
0 0.70078125 0.2234375 0.046875 0.0625
0 0.7640625 0.26015625 0.053125 0.0578125
0 0.8296875 0.2890625 0.05 0.0625
0 0.896875 0.32578125 0.053125 0.0734375
0 0.66171875 0.2921875 0.0578125 0.059375
0 0.728125 0.3203125 0.05 0.0625
0 0.7984375 0.36484375 0.065625 0.0734375
0 0.55234375 0.3296875 0.0578125 0.065625
0 0.5203125 0.39609375 0.05 0.0515625
0 0.6265625 0.35703125 0.05 0.0640625
0 0.590625 0.43828125 0.05625 0.0640625
0 0.55625 0.5015625 0.05625 0.065625
0 0.62265625 0.55 0.0640625 0.059375
0 0.58203125 0.61171875 0.04375 0.0515625
0 0.5421875 0.68515625 0.053125 0.0640625
0 0.50390625 0.73828125 0.0546875 0.0609375
0 0.5984375 0.07578125 0.046875 0.0578125
0 0.525 0.03203125 0.065625 0.0546875
0 0.7734375 0.43515625 0.071875 0.0578125
0 0.69140625 0.40859375 0.04375 0.0515625
0 0.64609375 0.4734375 0.0515625 0.0625
0 0.6859375 0.58046875 0.053125 0.0671875
0 0.64765625 0.6421875 0.04375 0.05625
0 0.6140625 0.71484375 0.05625 0.0765625
0 0.571875 0.77421875 0.05625 0.0640625
0 0.6359375 0.81796875 0.053125 0.0578125
0 0.67578125 0.74609375 0.0609375 0.0609375
0 0.71875 0.67734375 0.0625 0.0640625
0 0.74765625 0.61484375 0.0515625 0.0578125
0 0.6734375 0.9171875 0.05625 0.059375
0 0.7125 0.85 0.05625 0.059375
0 0.7515625 0.7828125 0.05625 0.065625
0 0.7828125 0.715625 0.065625 0.071875
0 0.8640625 0.75625 0.046875 0.053125
0 0.80859375 0.81953125 0.0546875 0.0703125
0 0.778125 0.890625 0.071875 0.071875
0 0.7421875 0.95078125 0.0625 0.0578125
0 0.80859375 0.015625 0.0484375 0.03125
0 0.971875 0.190625 0.053125 0.059375
0 0.98828125 0.29765625 0.0234375 0.0703125
0 0.9671875 0.36171875 0.059375 0.0578125
0 0.9859375 0.478125 0.028125 0.075
0 0.97265625 0.540625 0.0453125 0.05625
0 0.8296875 0.471875 0.040625 0.06875
0 0.8625 0.575 0.053125 0.05625
0 0.73203125 0.49921875 0.0578125 0.0671875
0 0.95703125 0.721875 0.0453125 0.053125
0 0.9796875 0.815625 0.0375 0.053125
0 0.9578125 0.8859375 0.05 0.053125
0 0.91875 0.95546875 0.046875 0.0515625
0 0.89609375 0.98671875 0.0515625 0.0265625
0 0.82109375 0.98046875 0.0546875 0.0390625
0 0.93828125 0.6078125 0.0390625 0.04375
0 0.984375 0.64921875 0.03125 0.0546875
0 0.89609375 0.503125 0.0421875 0.053125
0 0.978125 0.9765625 0.04375 0.046875
0 0.87890625 0.8546875 0.0703125 0.071875