0 0.06171875 0.0171875 0.0359375 0.034375
0 0.02734375 0.08359375 0.0453125 0.0640625
0 0.09140625 0.11484375 0.0484375 0.0625
0 0.121875 0.04609375 0.046875 0.0546875
0 0.19375 0.07890625 0.04375 0.0640625
0 0.26015625 0.11875 0.0515625 0.065625
0 0.22265625 0.1921875 0.0453125 0.05625
0 0.1875 0.2609375 0.03125 0.046875
0 0.121875 0.22734375 0.046875 0.0640625
0 0.05625 0.18671875 0.040625 0.053125
0 0.0171875 0.25859375 0.034375 0.0578125
0 0.08671875 0.296875 0.0484375 0.078125
0 0.1484375 0.334375 0.046875 0.075
0 0.046875 0.36875 0.053125 0.065625
0 0.0203125 0.43203125 0.040625 0.0515625
0 0.07890625 0.471875 0.0390625 0.0625
0 0.2171875 0.5453125 0.04375 0.065625
0 0.25078125 0.47109375 0.0546875 0.0671875
0 0.328125 0.32890625 0.046875 0.0625
0 0.3625 0.2609375 0.053125 0.059375
0 0.40234375 0.18984375 0.0390625 0.0578125
0 0.1078125 0.575 0.04375 0.05625
0 0.153125 0.51328125 0.03125 0.046875
0 0.22265625 0.36484375 0.0453125 0.0625
0 0.25546875 0.29609375 0.0484375 0.0703125
0 0.290625 0.22734375 0.04375 0.0640625
0 0.3265625 0.15625 0.028125 0.046875
0 0.3 0.0484375 0.053125 0.065625
0 0.228125 0.02578125 0.040625 0.0515625
0 0.36875 0.0875 0.04375 0.065625
0 0.39921875 0.02109375 0.0484375 0.0421875
0 0.4703125 0.0453125 0.04375 0.059375
0 0.43125 0.11484375 0.040625 0.0578125
0 0.4953125 0.15625 0.0375 0.046875
0 0.53828125 0.08828125 0.0515625 0.0734375
0 0.465625 0.22421875 0.046875 0.0578125
0 0.4265625 0.28828125 0.040625 0.0546875
0 0.38671875 0.3625 0.0453125 0.0625
0 0.35625 0.43984375 0.046875 0.0671875
0 0.31171875 0.50546875 0.0453125 0.046875
0 0.2921875 0.40546875 0.0375 0.0703125
0 0.28671875 0.57578125 0.0484375 0.0578125
0 0.24921875 0.64296875 0.0515625 0.0515625
0 0.3140625 0.68515625 0.040625 0.0578125
0 0.390625 0.7171875 0.053125 0.065625
0 0.35703125 0.615625 0.0484375 0.059375
0 0.39296875 0.53984375 0.0359375 0.0484375
0 0.43359375 0.4671875 0.0453125 0.065625
0 0.49375 0.33515625 0.040625 0.0546875
0 0.4609375 0.4 0.0375 0.05
0 0.53046875 0.44140625 0.0515625 0.0703125
0 0.5671875 0.36953125 0.046875 0.0671875
0 0.59765625 0.29921875 0.0390625 0.0578125
0 0.53515625 0.2609375 0.0453125 0.0625
0 0.57109375 0.19140625 0.0328125 0.0546875
0 0.64140625 0.221875 0.0484375 0.0625
0 0.67265625 0.146875 0.0546875 0.059375
0 0.60625 0.12109375 0.040625 0.0546875
0 0.03203125 0.7125 0.0546875 0.065625
0 0.0140625 0.78046875 0.028125 0.0703125
0 0.06796875 0.81875 0.0484375 0.059375
0 0.02734375 0.884375 0.0546875 0.065625
0 0.15234375 0.9671875 0.0703125 0.065625
0 0.24375 0.82421875 0.05625 0.0703125
0 0.2078125 0.8875 0.040625 0.05625
0 0.27421875 0.91640625 0.0484375 0.0671875
0 0.31015625 0.853125 0.0484375 0.05625
0 0.35078125 0.7890625 0.0515625 0.0625
0 0.2765625 0.746875 0.0375 0.05625
0 0.2078125 0.72421875 0.03125 0.046875
0 0.01015625 0.61015625 0.0203125 0.0484375
0 0.63671875 0.05 0.0390625 0.059375
0 0.56953125 0.02109375 0.0390625 0.0421875
0 0.74609375 0.01640625 0.0453125 0.0328125
0 0.71484375 0.07890625 0.0390625 0.046875
0 0.78203125 0.12265625 0.0390625 0.0578125
0 0.81640625 0.05 0.0390625 0.0625
0 0.86875 0.078125 0.040625 0.046875
0 0.8453125 0.15 0.040625 0.05625
0 0.80703125 0.22421875 0.0359375 0.0484375
0 0.74453125 0.18515625 0.0515625 0.0578125
0 0.7109375 0.26328125 0.046875 0.0625
0 0.73359375 0.37109375 0.0453125 0.0703125
0 0.66875 0.3296875 0.046875 0.0546875
0 0.6375 0.39765625 0.046875 0.0671875
0 0.77421875 0.2984375 0.0390625 0.0546875
0 0.7046875 0.4375 0.04375 0.0625
0 0.66015625 0.50703125 0.0390625 0.0546875
0 0.59453125 0.47734375 0.0390625 0.0640625
0 0.5 0.5140625 0.0375 0.065625
0 0.52734375 0.615625 0.0453125 0.065625
0 0.4921875 0.68828125 0.046875 0.0640625
0 0.42265625 0.64375 0.0484375 0.0625
0 0.97890625 0.0421875 0.0421875 0.059375
0 0.94609375 0.12265625 0.0484375 0.0734375
0 0.9140625 0.1859375 0.0375 0.059375
0 0.875 0.26015625 0.053125 0.0734375
0 0.83515625 0.33515625 0.0453125 0.0859375
0 0.79609375 0.40546875 0.0453125 0.0703125
0 0.765625 0.4703125 0.046875 0.05
0 0.72109375 0.53828125 0.0671875 0.0828125
0 0.75 0.646875 0.046875 0.065625
0 0.69140625 0.61015625 0.0390625 0.0484375
0 0.65859375 0.69140625 0.0359375 0.0453125
0 0.5859375 0.64921875 0.03125 0.0484375
0 0.63203125 0.75703125 0.0453125 0.0546875
0 0.56640625 0.71640625 0.0296875 0.0421875
0 0.91171875 0.01484375 0.0265625 0.0296875
0 0.97734375 0.31484375 0.0171875 0.0359375
0 0.9328125 0.28515625 0.021875 0.0234375
0 0.965625 0.2203125 0.025 0.034375
0 0.9859375 0.40703125 0.028125 0.0390625
0 0.93984375 0.38828125 0.0359375 0.0484375
0 0.8921875 0.35625 0.025 0.0234375
0 0.8578125 0.4265625 0.028125 0.040625
0 0.9046875 0.44375 0.028125 0.028125
0 0.9546875 0.47890625 0.025 0.0421875
0 0.9921875 0.49921875 0.015625 0.0359375
0 0.45234375 0.75234375 0.0453125 0.0515625
0 0.41640625 0.82578125 0.0515625 0.0578125
0 0.38203125 0.88828125 0.0453125 0.0578125
0 0.34296875 0.9515625 0.0515625 0.05
0 0.40390625 0.98046875 0.0421875 0.0390625
0 0.4671875 0.984375 0.075 0.03125
0 0.44921875 0.921875 0.0453125 0.046875
0 0.51953125 0.95390625 0.0453125 0.0484375
0 0.5859375 0.82578125 0.046875 0.0484375
0 0.509375 0.7875 0.025 0.04375
0 0.4875 0.8546875 0.053125 0.04375
0 0.546875 0.89375 0.03125 0.028125
0 0.821875 0.496875 0.040625 0.046875
0 0.8609375 0.528125 0.034375 0.040625
0 0.91328125 0.54609375 0.0359375 0.0359375
0 0.959375 0.571875 0.034375 0.040625
0 0.87578125 0.61796875 0.0328125 0.0390625
0 0.92265625 0.63984375 0.0328125 0.0359375
0 0.82734375 0.5875 0.0359375 0.034375
0 0.83984375 0.68828125 0.0390625 0.0484375
0 0.91328125 0.69921875 0.0359375 0.0390625
0 0.73203125 0.7203125 0.046875 0.05625
0 0.68984375 0.78984375 0.0421875 0.0484375
0 0.7453125 0.80234375 0.053125 0.0421875
0 0.6625 0.85625 0.059375 0.05625
0 0.721875 0.89296875 0.053125 0.0515625
0 0.68203125 0.9625 0.0515625 0.05625
0 0.61953125 0.9203125 0.0359375 0.04375
0 0.57421875 0.984375 0.0546875 0.03125
0 0.76328125 0.97578125 0.046875 0.0453125
0 0.8328125 0.85390625 0.05 0.0671875
0 0.8671875 0.78984375 0.071875 0.0796875
0 0.13046875 0.846875 0.0515625 0.059375
0 0.234375 0.98046875 0.046875 0.0390625
0 0.10703125 0.75078125 0.0515625 0.0484375
0 0.90625 0.8890625 0.071875 0.075
0 0.0609375 0.984375 0.04375 0.03125
0 0.18828125 0.609375 0.0390625 0.046875
0 0.809375 0.91875 0.078125 0.0625
0 0.846875 0.96171875 0.084375 0.0734375
0 0.11171875 0.4 0.0453125 0.04375
0 0.07734375 0.6453125 0.0484375 0.05625