0 0.93046875 0.0625 0.05390625 0.06484375
0 0.965625 0.1359375 0.06796875 0.06953125
0 0.9078125 0.178125 0.05546875 0.05234375
0 0.86328125 0.10546875 0.04609375 0.05546875
0 0.8015625 0.146875 0.06796875 0.06640625
0 0.7546875 0.08125 0.04140625 0.04609375
0 0.68984375 0.11015625 0.05390625 0.05546875
0 0.7296875 0.175 0.06015625 0.06796875
0 0.65390625 0.21640625 0.06171875 0.05703125
0 0.6125 0.13671875 0.05078125 0.06171875
0 0.5765625 0.06640625 0.04921875 0.05078125
0 0.65703125 0.040625 0.04921875 0.05859375
0 0.8265625 0.03515625 0.04921875 0.06328125
0 0.940625 0.246875 0.05859375 0.06953125
0 0.8765625 0.28671875 0.05390625 0.05390625
0 0.83203125 0.215625 0.04453125 0.05546875
0 0.76640625 0.24609375 0.05859375 0.06796875
0 0.80234375 0.3203125 0.05703125 0.05859375
0 0.703125 0.296875 0.05234375 0.06484375
0 0.72890625 0.36171875 0.05546875 0.06171875
0 0.76953125 0.42734375 0.05859375 0.05703125
0 0.840625 0.39375 0.05234375 0.05390625
0 0.86796875 0.4625 0.04609375 0.06484375
0 0.9125 0.5265625 0.04296875 0.06015625
0 0.94921875 0.60546875 0.05078125 0.06484375
0 0.9125 0.35625 0.03671875 0.05078125
0 0.97421875 0.325 0.0515625 0.053125
0 0.9421875 0.4265625 0.04453125 0.05546875
0 0.9765625 0.49140625 0.046875 0.0609375
0 0.990625 0.2125 0.01875 0.05546875
0 0.99296875 0.03046875 0.0140625 0.0609375
0 0.8921875 0.01171875 0.04453125 0.0234375
0 0.8859375 0.6421875 0.04609375 0.05390625
0 0.846875 0.57421875 0.04921875 0.06015625
0 0.8046875 0.50078125 0.03671875 0.03984375
0 0.73671875 0.5359375 0.04609375 0.06171875
0 0.77734375 0.60703125 0.05234375 0.06171875
0 0.81484375 0.68359375 0.04140625 0.05703125
0 0.85 0.74140625 0.04921875 0.06171875
0 0.92421875 0.715625 0.04453125 0.05859375
0 0.95546875 0.78671875 0.04453125 0.06328125
0 0.884375 0.81796875 0.04453125 0.05078125
0 0.82265625 0.8578125 0.04921875 0.05703125
0 0.78046875 0.7890625 0.05546875 0.06171875
0 0.75 0.7171875 0.04453125 0.06171875
0 0.70078125 0.64453125 0.05390625 0.06484375
0 0.9828125 0.86015625 0.034375 0.0640625
0 0.91640625 0.8953125 0.05390625 0.05390625
0 0.9578125 0.96171875 0.04609375 0.05390625
0 0.86171875 0.93125 0.05234375 0.06796875
0 0.7859375 0.96953125 0.04375 0.0609375
0 0.7515625 0.8828125 0.04921875 0.06015625
0 0.6796875 0.9265625 0.04765625 0.06796875
0 0.51640625 0.10078125 0.05234375 0.05546875
0 0.54296875 0.17734375 0.04765625 0.04765625
0 0.584375 0.25234375 0.04921875 0.05546875
0 0.61953125 0.32890625 0.04296875 0.06015625
0 0.66484375 0.403125 0.04765625 0.05703125
0 0.70234375 0.46484375 0.05390625 0.05390625
0 0.6296875 0.503125 0.04765625 0.06015625
0 0.5953125 0.43671875 0.04453125 0.05390625
0 0.55859375 0.35546875 0.04765625 0.05546875
0 0.51875 0.28984375 0.05390625 0.05390625
0 0.47734375 0.221875 0.05859375 0.05703125
0 0.41171875 0.2609375 0.04765625 0.05703125
0 0.98671875 0.67265625 0.0265625 0.03515625
0 0.64140625 0.8546875 0.04609375 0.05703125
0 0.60390625 0.78828125 0.05859375 0.06015625
0 0.5640625 0.71328125 0.04296875 0.05390625
0 0.5265625 0.6484375 0.04765625 0.05703125
0 0.484375 0.57578125 0.05390625 0.06796875
0 0.7125 0.8265625 0.04609375 0.04765625
0 0.67265625 0.75 0.04765625 0.05390625
0 0.63203125 0.67578125 0.04765625 0.04765625
0 0.5953125 0.60390625 0.05390625 0.05546875
0 0.6640625 0.57421875 0.05859375 0.06015625
0 0.55 0.5421875 0.05546875 0.06484375
0 0.52265625 0.47109375 0.04609375 0.05234375
0 0.865625 0.99375 0.07578125 0.0125
0 0.6015625 0.9625 0.05703125 0.06171875
0 0.57265625 0.8984375 0.05078125 0.06015625
0 0.50546875 0.92265625 0.05234375 0.06015625
0 0.53359375 0.97578125 0.0578125 0.0484375
0 0.43671875 0.959375 0.05390625 0.07109375
0 0.40703125 0.8921875 0.06640625 0.06953125
0 0.46171875 0.8609375 0.06640625 0.06953125
0 0.53671875 0.821875 0.06953125 0.06484375
0 0.29765625 0.03828125 0.06328125 0.05390625
0 0.334375 0.11328125 0.05234375 0.06171875
0 0.3671875 0.18515625 0.05078125 0.05703125
0 0.4328125 0.15859375 0.04453125 0.05703125
0 0.225 0.07578125 0.05078125 0.06015625
0 0.16171875 0.11171875 0.05703125 0.05859375
0 0.12109375 0.046875 0.04296875 0.05546875
0 0.05390625 0.0828125 0.05390625 0.06484375
0 0.02265625 0.0265625 0.0453125 0.053125
0 0.125 0.22265625 0.05390625 0.06796875
0 0.2703125 0.15234375 0.05234375 0.05546875
0 0.196875 0.190625 0.05234375 0.05859375
0 0.3 0.225 0.04765625 0.06328125
0 0.2359375 0.26171875 0.05390625 0.05859375
0 0.16953125 0.29140625 0.05078125 0.06328125
0 0.1015625 0.328125 0.05390625 0.07421875
0 0.3390625 0.29453125 0.05859375 0.06015625
0 0.271875 0.32265625 0.05078125 0.06328125
0 0.20078125 0.36796875 0.06640625 0.07421875
0 0.45 0.33203125 0.05859375 0.06640625
0 0.4828125 0.39921875 0.05078125 0.05234375
0 0.375 0.36015625 0.05078125 0.06484375
0 0.41171875 0.4421875 0.05703125 0.06484375
0 0.44609375 0.50625 0.05703125 0.06640625
0 0.37890625 0.55546875 0.06484375 0.06015625
0 0.4203125 0.61796875 0.04453125 0.05234375
0 0.46015625 0.6921875 0.05390625 0.06484375
0 0.49921875 0.74609375 0.05546875 0.06171875
0 0.403125 0.075 0.04765625 0.05859375
0 0.478125 0.03046875 0.06640625 0.05546875
0 0.2265625 0.4390625 0.07265625 0.05859375
0 0.309375 0.4125 0.04453125 0.05234375
0 0.35546875 0.478125 0.05234375 0.06328125
0 0.31484375 0.5859375 0.05390625 0.06796875
0 0.35390625 0.6484375 0.04453125 0.05703125
0 0.3875 0.72265625 0.05703125 0.07734375
0 0.43046875 0.7828125 0.05703125 0.06484375
0 0.365625 0.8265625 0.05390625 0.05859375
0 0.325 0.75390625 0.06171875 0.06171875
0 0.28203125 0.684375 0.06328125 0.06484375
0 0.25234375 0.62109375 0.05234375 0.05859375
0 0.32734375 0.92734375 0.05703125 0.06015625
0 0.28828125 0.859375 0.05703125 0.06015625
0 0.2484375 0.79140625 0.05703125 0.06640625
0 0.21640625 0.7234375 0.06640625 0.07265625
0 0.134375 0.7640625 0.04765625 0.05390625
0 0.190625 0.828125 0.05546875 0.07109375
0 0.221875 0.9 0.07265625 0.07265625
0 0.2578125 0.9609375 0.06328125 0.05859375
0 0.190625 0.01484375 0.04921875 0.0296875
0 0.0265625 0.190625 0.053125 0.059375
0 0.01015625 0.3 0.0203125 0.07109375
0 0.03046875 0.3640625 0.0609375 0.059375
0 0.0125 0.4828125 0.025 0.07578125
0 0.02421875 0.54609375 0.04609375 0.05703125
0 0.16953125 0.4765625 0.04140625 0.06953125
0 0.1359375 0.58046875 0.05390625 0.05703125
0 0.26796875 0.50390625 0.05859375 0.06796875
0 0.040625 0.7296875 0.04609375 0.05390625
0 0.01875 0.8234375 0.0375 0.053125
0 0.03984375 0.8953125 0.05078125 0.05390625
0 0.07890625 0.965625 0.04765625 0.05234375
0 0.10234375 0.9921875 0.05234375 0.015625
0 0.178125 0.9859375 0.05546875 0.028125
0 0.059375 0.6140625 0.03984375 0.04453125
0 0.0140625 0.65546875 0.028125 0.05546875
0 0.10234375 0.5078125 0.04296875 0.05390625
0 0.02109375 0.98125 0.0421875 0.0375
0 0.11953125 0.8640625 0.07109375 0.07265625