0 0.97421875 0.02890625 0.0515625 0.05703125
0 0.93984375 0.14453125 0.06484375 0.05
0 0.9734375 0.21640625 0.053125 0.05703125
0 0.928125 0.35234375 0.07734375 0.06640625
0 0.9 0.26328125 0.0515625 0.06484375
0 0.85859375 0.178125 0.05 0.05
0 0.88203125 0.053125 0.0515625 0.0515625
0 0.81015625 0.09765625 0.06640625 0.059375
0 0.7734375 0.0265625 0.05546875 0.053125
0 0.68984375 0.0625 0.06640625 0.0625
0 0.7265625 0.14453125 0.05546875 0.05546875
0 0.76875 0.2265625 0.05703125 0.05703125
0 0.68046875 0.26484375 0.0734375 0.05
0 0.64296875 0.2 0.05 0.05703125
0 0.6078125 0.10703125 0.04609375 0.053125
0 0.5609375 0.0234375 0.05546875 0.04609375
0 0.98046875 0.43671875 0.0390625 0.0609375
0 0.91171875 0.475 0.0734375 0.06484375
0 0.940625 0.56328125 0.0515625 0.06484375
0 0.8625 0.4 0.053125 0.0703125
0 0.8203125 0.309375 0.06484375 0.071875
0 0.7265625 0.3578125 0.0734375 0.07734375
0 0.7859375 0.440625 0.06640625 0.08125
0 0.8265625 0.53203125 0.0515625 0.06796875
0 0.8625 0.60859375 0.0625 0.0734375
0 0.909375 0.68984375 0.0625 0.0625
0 0.98125 0.6578125 0.03671875 0.0609375
0 0.94375 0.77890625 0.06484375 0.0703125
0 0.98125 0.86015625 0.03671875 0.06640625
0 0.95390625 0.975 0.05546875 0.05
0 0.90703125 0.9046875 0.05703125 0.06484375
0 0.86875 0.8203125 0.04765625 0.0515625
0 0.81796875 0.74375 0.05703125 0.06640625
0 0.784375 0.6515625 0.0625 0.06640625
0 0.73828125 0.5578125 0.0625 0.06484375
0 0.69296875 0.478125 0.05 0.040625
0 0.65 0.39296875 0.053125 0.05703125
0 0.60546875 0.3125 0.03359375 0.0421875
0 0.5609375 0.23515625 0.059375 0.0828125
0 0.525 0.14453125 0.04609375 0.05
0 0.47578125 0.0703125 0.0515625 0.04765625
0 0.39765625 0.11328125 0.0609375 0.06796875
0 0.3484375 0.03359375 0.05546875 0.059375
0 0.28359375 0.0703125 0.0609375 0.059375
0 0.3171875 0.1640625 0.03671875 0.0625
0 0.44453125 0.1890625 0.059375 0.06484375
0 0.478125 0.296875 0.040625 0.059375
0 0.52421875 0.36171875 0.0734375 0.07734375
0 0.5734375 0.4453125 0.04765625 0.06796875
0 0.60390625 0.52734375 0.053125 0.059375
0 0.64921875 0.61015625 0.0625 0.06484375
0 0.69921875 0.70234375 0.05703125 0.07578125
0 0.740625 0.78125 0.04609375 0.05546875
0 0.7921875 0.8609375 0.06484375 0.06796875
0 0.828125 0.946875 0.05703125 0.059375
0 0.87578125 0.99140625 0.071875 0.01640625
0 0.7453125 0.9796875 0.05546875 0.040625
0 0.70859375 0.8984375 0.04765625 0.0515625
0 0.66484375 0.8171875 0.05 0.040625
0 0.61875 0.7328125 0.05 0.0515625
0 0.575 0.6546875 0.05703125 0.05546875
0 0.54453125 0.58125 0.04453125 0.05546875
0 0.49453125 0.48984375 0.0625 0.06484375
0 0.45078125 0.39765625 0.053125 0.05546875
0 0.41015625 0.321875 0.0515625 0.053125
0 0.36640625 0.2265625 0.05 0.05703125
0 0.5828125 0.871875 0.059375 0.06484375
0 0.5359375 0.78671875 0.0609375 0.0796875
0 0.5 0.696875 0.04765625 0.06484375
0 0.453125 0.621875 0.0625 0.0703125
0 0.4265625 0.5375 0.040625 0.0609375
0 0.1578125 0.03359375 0.0609375 0.06640625
0 0.190625 0.13203125 0.05 0.05
0 0.24921875 0.20078125 0.0625 0.0703125
0 0.2890625 0.28671875 0.05703125 0.05703125
0 0.3203125 0.36015625 0.0609375 0.0625
0 0.3765625 0.4609375 0.059375 0.0625
0 0.2921875 0.49375 0.0609375 0.071875
0 0.33046875 0.578125 0.06640625 0.06796875
0 0.37578125 0.64921875 0.05546875 0.0609375
0 0.11640625 0.1578125 0.0625 0.08671875
0 0.03671875 0.2078125 0.0625 0.04609375
0 0.00703125 0.115625 0.0140625 0.059375
0 0.02421875 0.01640625 0.0421875 0.0328125
0 0.0734375 0.07109375 0.0625 0.06796875
0 0.01328125 0.3375 0.02578125 0.05546875
0 0.08984375 0.2875 0.06796875 0.059375
0 0.15859375 0.2390625 0.06640625 0.053125
0 0.20078125 0.32578125 0.06640625 0.0796875
0 0.24453125 0.40625 0.0515625 0.05546875
0 0.10546875 0.37734375 0.0734375 0.071875
0 0.17265625 0.45703125 0.0609375 0.06484375
0 0.2125 0.5421875 0.0625 0.0703125
0 0.25078125 0.63125 0.059375 0.0625
0 0.0796875 0.503125 0.0625 0.06484375
0 0.04609375 0.41796875 0.04453125 0.0609375
0 0.01328125 0.54609375 0.02578125 0.07734375
0 0.046875 0.62578125 0.0609375 0.07734375
0 0.1125 0.5796875 0.059375 0.07734375
0 0.16953125 0.66953125 0.05546875 0.059375
0 0.41328125 0.74296875 0.06640625 0.071875
0 0.46484375 0.83671875 0.05546875 0.06796875
0 0.34140625 0.7859375 0.0609375 0.06640625
0 0.2875 0.7109375 0.04765625 0.04609375
0 0.0203125 0.75625 0.040625 0.0734375
0 0.0859375 0.7078125 0.05703125 0.06796875
0 0.14296875 0.78515625 0.03359375 0.04609375
0 0.05234375 0.8375 0.0609375 0.0625
0 0.02265625 0.96484375 0.0453125 0.0671875
0 0.0921875 0.928125 0.0625 0.0734375
0 0.1421875 0.984375 0.0625 0.03125
0 0.2546875 0.83203125 0.0625 0.07734375
0 0.20234375 0.74375 0.0515625 0.059375
0 0.18359375 0.8796875 0.06484375 0.0703125
0 0.22109375 0.95859375 0.0625 0.0796875
0 0.33671875 0.97734375 0.0796875 0.0453125
0 0.30234375 0.91328125 0.0734375 0.0796875
0 0.37890625 0.8765625 0.0609375 0.0625
0 0.4265625 0.95859375 0.06640625 0.0796875
0 0.54375 0.97734375 0.065625 0.0453125
0 0.49375 0.91015625 0.0796875 0.07578125