0 0.54765625 0.44609375 0.0953125 0.13515625
0 0.47890625 0.5953125 0.11015625 0.15234375
0 0.41328125 0.75390625 0.1125 0.17265625
0 0.23125 0.66171875 0.096875 0.1328125
0 0.29765625 0.51015625 0.096875 0.16171875
0 0.36015625 0.32109375 0.10078125 0.1234375
0 0.4359375 0.17421875 0.10078125 0.14296875
0 0.48125 0.03515625 0.07578125 0.0703125
0 0.6 0.23984375 0.0859375 0.1328125
0 0.78125 0.3390625 0.10625 0.14296875
0 0.71484375 0.50078125 0.0953125 0.14296875
0 0.6625 0.67421875 0.115625 0.165625
0 0.5703125 0.84921875 0.08359375 0.13515625
0 0.84375 0.7421875 0.10625 0.1390625
0 0.8859375 0.5875 0.10625 0.14453125
0 0.94765625 0.41953125 0.1046875 0.1578125
0 0.3421875 0.92578125 0.10234375 0.1484375
0 0.159375 0.8375 0.11015625 0.14296875
0 0.0953125 0.96484375 0.10234375 0.0703125
0 0.51015625 0.96640625 0.078125 0.06640625
0 0.73984375 0.9296875 0.09140625 0.12578125
0 0.92109375 0.97578125 0.0828125 0.0484375
0 0.98515625 0.82421875 0.0296875 0.1234375
0 0.8890625 0.1359375 0.04375 0.05859375