0 0.25390625 0.0203125 0.053125 0.040625
0 0.18515625 0.053125 0.05859375 0.05703125
0 0.0984375 0.08984375 0.0546875 0.05859375
0 0.065625 0.028125 0.05 0.05625
0 0.01640625 0.0625 0.0328125 0.065625
0 0.03125 0.1359375 0.05859375 0.06171875
0 0.14921875 0.16484375 0.06015625 0.0671875
0 0.3609375 0.04765625 0.05 0.0515625
0 0.2953125 0.08984375 0.05 0.04765625
0 0.22109375 0.12109375 0.05859375 0.06953125
0 0.26171875 0.1953125 0.07265625 0.0640625
0 0.190625 0.240625 0.053125 0.065625
0 0.075 0.20859375 0.05859375 0.053125
0 0.0234375 0.24375 0.04609375 0.065625
0 0.1140625 0.27578125 0.04765625 0.05859375
0 0.0453125 0.3203125 0.06171875 0.065625
0 0.39453125 0.1265625 0.05859375 0.06171875
0 0.33671875 0.14921875 0.04609375 0.053125
0 0.4421875 0.19765625 0.05859375 0.06953125
0 0.4734375 0.271875 0.05 0.06171875
0 0.51484375 0.3375 0.0546875 0.05859375
0 0.55234375 0.4171875 0.0515625 0.05859375
0 0.60390625 0.49375 0.04453125 0.06171875
0 0.634375 0.56328125 0.04609375 0.053125
0 0.57265625 0.59453125 0.04609375 0.05859375
0 0.53984375 0.52421875 0.05859375 0.05859375
0 0.48828125 0.4578125 0.0375 0.05
0 0.4609375 0.37890625 0.05 0.06171875
0 0.41328125 0.3046875 0.053125 0.06171875
0 0.33984375 0.34609375 0.05859375 0.06171875
0 0.303125 0.2734375 0.053125 0.053125
0 0.228125 0.315625 0.04453125 0.05
0 0.2765625 0.384375 0.053125 0.0640625
0 0.3046875 0.46171875 0.05 0.065625
0 0.384375 0.41875 0.05 0.053125
0 0.41953125 0.4953125 0.05859375 0.0546875
0 0.3546875 0.534375 0.04609375 0.06171875
0 0.3828125 0.60546875 0.053125 0.06171875
0 0.46328125 0.56484375 0.0515625 0.05859375
0 0.428125 0.675 0.0515625 0.05859375
0 0.31328125 0.64375 0.05859375 0.0671875
0 0.2265625 0.50703125 0.04609375 0.0671875
0 0.190625 0.43046875 0.0546875 0.07421875
0 0.5015625 0.6359375 0.053125 0.06171875
0 0.5390625 0.71484375 0.0421875 0.05
0 0.6234375 0.6671875 0.05859375 0.06171875
0 0.71171875 0.70546875 0.040625 0.05703125
0 0.6578125 0.75 0.0421875 0.05703125
0 0.57890625 0.78828125 0.0515625 0.0546875
0 0.50703125 0.82421875 0.0421875 0.05703125
0 0.43515625 0.86953125 0.04453125 0.04765625
0 0.2421875 0.696875 0.040625 0.05703125
0 0.28515625 0.76328125 0.053125 0.065625
0 0.3640625 0.72578125 0.0546875 0.0546875
0 0.39921875 0.79765625 0.04609375 0.05703125
0 0.271875 0.57734375 0.0515625 0.05859375
0 0.1140625 0.465625 0.05859375 0.065625
0 0.16015625 0.54609375 0.0546875 0.05703125
0 0.0734375 0.40390625 0.0515625 0.05703125
0 0.046875 0.50546875 0.0515625 0.05703125
0 0.0171875 0.43984375 0.03359375 0.05703125
0 0.12578125 0.6578125 0.0421875 0.05
0 0.16484375 0.73515625 0.03515625 0.0546875
0 0.20859375 0.803125 0.0375 0.05
0 0.25078125 0.8796875 0.040625 0.053125
0 0.325 0.8375 0.0515625 0.053125
0 0.47421875 0.7484375 0.0375 0.04609375
0 0.546875 0.90234375 0.04453125 0.053125
0 0.62421875 0.86171875 0.05 0.053125
0 0.6921875 0.8203125 0.0375 0.04765625
0 0.75625 0.7828125 0.040625 0.04453125
0 0.7328125 0.8921875 0.0515625 0.05
0 0.80546875 0.86015625 0.040625 0.05703125
0 0.83046875 0.93203125 0.04453125 0.04765625
0 0.7765625 0.96796875 0.04609375 0.053125
0 0.87734375 0.9890625 0.05 0.02109375
0 0.66015625 0.9359375 0.0546875 0.0671875
0 0.5890625 0.97734375 0.05 0.0453125
0 0.40546875 0.9796875 0.0515625 0.040625
0 0.475 0.94296875 0.04609375 0.04609375
0 0.1484375 0.35625 0.03359375 0.03203125
0 0.290625 0.95 0.03203125 0.053125
0 0.3640625 0.9125 0.04453125 0.0546875
0 0.13828125 0.95390625 0.04609375 0.05
0 0.05703125 0.9796875 0.05 0.040625
0 0.09296875 0.8796875 0.0546875 0.0671875
0 0.05 0.7984375 0.04609375 0.05859375
0 0.0171875 0.72265625 0.03359375 0.065625
0 0.0203125 0.915625 0.040625 0.06171875
0 0.00546875 0.525 0.0109375 0.06015625
0 0.03359375 0.6 0.0421875 0.05859375
0 0.08046875 0.675 0.0375 0.05859375
0 0.71015625 0.9953125 0.0375 0.00859375
0 0.20625 0.9125 0.040625 0.07265625
0 0.16875 0.853125 0.04609375 0.05
0 0.375 0.22890625 0.03515625 0.053125