0 0.1921875 0.0484375 0.078125 0.096875
0 0.14609375 0.14921875 0.05078125 0.06796875
0 0.24609375 0.19296875 0.06953125 0.07890625
0 0.31875 0.2359375 0.07421875 0.0828125
0 0.3921875 0.26875 0.03828125 0.065625
0 0.44375 0.1703125 0.06953125 0.0921875
0 0.3796875 0.1203125 0.07265625 0.059375
0 0.29375 0.084375 0.065625 0.09609375
0 0.34296875 0.0234375 0.0828125 0.04609375
0 0.42421875 0.040625 0.07890625 0.08046875
0 0.48203125 0.0765625 0.0625 0.07109375
0 0.55703125 0.0125 0.0640625 0.025
0 0.6484375 0.028125 0.065625 0.05625
0 0.58828125 0.11953125 0.06796875 0.08046875
0 0.52421875 0.21015625 0.07109375 0.08046875
0 0.48828125 0.30078125 0.065625 0.07421875
0 0.5453125 0.3953125 0.0640625 0.07109375
0 0.50859375 0.4734375 0.04921875 0.0625
0 0.5765625 0.4984375 0.04453125 0.05625
0 0.61953125 0.4328125 0.04609375 0.07421875
0 0.6640625 0.36484375 0.07109375 0.0859375
0 0.5921875 0.31953125 0.059375 0.084375
0 0.61640625 0.24453125 0.05078125 0.053125
0 0.703125 0.2875 0.065625 0.07890625
0 0.73828125 0.209375 0.07109375 0.0890625
0 0.66015625 0.1703125 0.0625 0.065625
0 0.69375 0.0921875 0.0578125 0.059375
0 0.7234375 0.0328125 0.04140625 0.065625
0 0.8 0.0578125 0.0546875 0.065625
0 0.76171875 0.13828125 0.0546875 0.06953125
0 0.84609375 0.1734375 0.0640625 0.07578125
0 0.0875 0.09140625 0.065625 0.07734375
0 0.0359375 0.16328125 0.06953125 0.07265625
0 0.1 0.25625 0.08046875 0.090625
0 0.184375 0.31171875 0.06796875 0.1125
0 0.259375 0.35546875 0.0359375 0.0578125
0 0.06015625 0.34921875 0.07734375 0.07109375
0 0.13828125 0.3921875 0.059375 0.090625
0 0.209375 0.4359375 0.07265625 0.07265625
0 0.2890625 0.47265625 0.0625 0.09375
0 0.16015625 0.5265625 0.04609375 0.05625
0 0.253125 0.565625 0.04140625 0.065625
0 0.08828125 0.4890625 0.090625 0.10390625
0 0.0203125 0.4421875 0.040625 0.096875
0 0.0171875 0.23203125 0.034375 0.090625
0 0.02578125 0.07890625 0.05078125 0.0828125
0 0.05859375 0.01484375 0.0578125 0.0296875
0 0.11484375 0.02109375 0.0609375 0.0421875
0 0.83984375 0.01484375 0.0625 0.0296875
0 0.91640625 0.0328125 0.0640625 0.065625
0 0.88515625 0.10078125 0.084375 0.090625
0 0.97890625 0.06171875 0.0421875 0.0828125
0 0.95546875 0.13671875 0.059375 0.07734375
0 0.9234375 0.20078125 0.07109375 0.07109375
0 0.87421875 0.2671875 0.05625 0.05625
0 0.8 0.24140625 0.07890625 0.07734375
0 0.76875 0.325 0.059375 0.07265625
0 0.840625 0.35390625 0.0609375 0.08046875
0 0.915625 0.37890625 0.05625 0.07421875
0 0.96953125 0.41171875 0.04765625 0.08046875
0 0.69296875 0.46875 0.05625 0.07265625
0 0.6484375 0.53984375 0.04921875 0.05625
0 0.5875 0.65546875 0.04296875 0.07109375
0 0.53125 0.765625 0.05625 0.07890625
0 0.03828125 0.60703125 0.04921875 0.065625
0 0.128125 0.64453125 0.05625 0.05078125
0 0.190625 0.67734375 0.0578125 0.06796875
0 0.15703125 0.72734375 0.04609375 0.059375
0 0.08671875 0.703125 0.0578125 0.06953125
0 0.01484375 0.6875 0.0296875 0.0875
0 0.053125 0.79609375 0.06953125 0.10703125
0 0.028125 0.903125 0.05625 0.090625
0 0.02578125 0.97421875 0.05078125 0.05078125
0 0.10703125 0.9921875 0.0828125 0.01484375
0 0.12578125 0.934375 0.0828125 0.0921875
0 0.15625 0.840625 0.09765625 0.10390625
0 0.27890625 0.86953125 0.090625 0.115625
0 0.23515625 0.97265625 0.04765625 0.0546875
0 0.27265625 0.7671875 0.05625 0.065625
0 0.4609375 0.92890625 0.0875 0.10859375
0 0.55390625 0.96328125 0.0578125 0.0734375
0 0.61328125 0.96328125 0.0453125 0.0734375
0 0.65859375 0.978125 0.0546875 0.04375
0 0.3453125 0.978125 0.0875 0.04375
0 0.44296875 0.990625 0.07421875 0.01796875
0 0.33515625 0.60625 0.0828125 0.090625
0 0.6328125 0.7484375 0.06796875 0.07734375
0 0.73203125 0.57578125 0.0578125 0.06953125
0 0.7625 0.5078125 0.0625 0.090625
0 0.803125 0.43203125 0.0609375 0.07265625
0 0.73125 0.3921875 0.07109375 0.08046875
0 0.878125 0.46484375 0.05625 0.07734375
0 0.92734375 0.49140625 0.05625 0.065625
0 0.98515625 0.51328125 0.0296875 0.0890625
0 0.9515625 0.6109375 0.06796875 0.0875
0 0.83984375 0.53828125 0.059375 0.06953125
0 0.8828125 0.559375 0.04609375 0.05625
0 0.8 0.6078125 0.05625 0.07734375
0 0.8390625 0.64921875 0.05078125 0.06796875
0 0.89375 0.71875 0.06796875 0.07734375
0 0.8546875 0.8140625 0.07109375 0.09375
0 0.94375 0.86171875 0.0859375 0.1125
0 0.97265625 0.75390625 0.0546875 0.10546875
0 0.98359375 0.234375 0.0328125 0.0890625
0 0.9625 0.309375 0.05078125 0.0640625
0 0.9875 0.325 0.025 0.05625
0 0.2890625 0.7109375 0.05625 0.059375
0 0.74765625 0.815625 0.07109375 0.0875
0 0.796875 0.7171875 0.0921875 0.10703125
0 0.346875 0.39375 0.04921875 0.05078125
0 0.7890625 0.9171875 0.0921875 0.10234375
0 0.665625 0.86328125 0.0609375 0.10859375
0 0.5984375 0.8171875 0.0578125 0.07890625