0 0.19375 0.06171875 0.075 0.0921875
0 0.14921875 0.15703125 0.0484375 0.0640625
0 0.24375 0.1984375 0.065625 0.075
0 0.3125 0.2390625 0.0703125 0.078125
0 0.38203125 0.2703125 0.0359375 0.0625
0 0.43125 0.1765625 0.065625 0.0875
0 0.3703125 0.1296875 0.06875 0.05625
0 0.2890625 0.0953125 0.0625 0.090625
0 0.3359375 0.0296875 0.078125 0.059375
0 0.4125 0.05234375 0.075 0.0796875
0 0.4671875 0.08828125 0.059375 0.0671875
0 0.53828125 0.01953125 0.0609375 0.0390625
0 0.625 0.034375 0.0625 0.06875
0 0.56796875 0.12890625 0.0640625 0.0765625
0 0.50703125 0.21484375 0.0671875 0.0765625
0 0.4734375 0.30078125 0.0625 0.0703125
0 0.52734375 0.38984375 0.0609375 0.0671875
0 0.4921875 0.4640625 0.046875 0.059375
0 0.55703125 0.4875 0.0421875 0.053125
0 0.59765625 0.42578125 0.04375 0.0703125
0 0.63984375 0.3609375 0.0671875 0.08125
0 0.571875 0.31796875 0.05625 0.0796875
0 0.59453125 0.246875 0.0484375 0.05
0 0.6765625 0.2875 0.0625 0.075
0 0.71015625 0.2140625 0.0671875 0.084375
0 0.6359375 0.1765625 0.059375 0.0625
0 0.66796875 0.103125 0.0546875 0.05625
0 0.69609375 0.046875 0.0390625 0.0625
0 0.76875 0.0703125 0.0515625 0.0625
0 0.73203125 0.146875 0.0515625 0.065625
0 0.81171875 0.1796875 0.0609375 0.071875
0 0.09375 0.10234375 0.0625 0.0734375
0 0.0453125 0.1703125 0.065625 0.06875
0 0.10546875 0.25859375 0.0765625 0.0859375
0 0.18515625 0.3109375 0.0640625 0.10625
0 0.25625 0.35234375 0.034375 0.0546875
0 0.06796875 0.34609375 0.0734375 0.0671875
0 0.1421875 0.38671875 0.05625 0.0859375
0 0.209375 0.428125 0.06875 0.06875
0 0.284375 0.46328125 0.059375 0.0890625
0 0.1625 0.5140625 0.04375 0.053125
0 0.25078125 0.5515625 0.0390625 0.0625
0 0.09453125 0.47890625 0.0859375 0.0984375
0 0.025 0.43515625 0.05 0.0921875
0 0.021875 0.23515625 0.04375 0.0859375
0 0.0296875 0.090625 0.059375 0.078125
0 0.06640625 0.021875 0.0546875 0.04375
0 0.11953125 0.028125 0.0578125 0.05625
0 0.80625 0.021875 0.059375 0.04375
0 0.87890625 0.0390625 0.0609375 0.078125
0 0.84921875 0.1109375 0.0796875 0.0859375
0 0.95625 0.075 0.075 0.078125
0 0.915625 0.1453125 0.05625 0.0734375
0 0.88515625 0.20546875 0.0671875 0.0671875
0 0.8390625 0.26875 0.053125 0.053125
0 0.76875 0.24453125 0.075 0.0734375
0 0.7390625 0.3234375 0.05625 0.06875
0 0.80703125 0.35078125 0.0578125 0.0765625
0 0.878125 0.37421875 0.053125 0.0703125
0 0.92890625 0.40546875 0.0453125 0.0765625
0 0.6671875 0.459375 0.053125 0.06875
0 0.625 0.5265625 0.046875 0.053125
0 0.5671875 0.6359375 0.040625 0.0671875
0 0.5140625 0.740625 0.053125 0.075
0 0.046875 0.590625 0.046875 0.0625
0 0.13203125 0.62578125 0.053125 0.0484375
0 0.19140625 0.65703125 0.0546875 0.0640625
0 0.159375 0.7046875 0.04375 0.05625
0 0.09296875 0.68125 0.0546875 0.065625
0 0.01953125 0.66640625 0.0390625 0.0828125
0 0.0609375 0.76953125 0.065625 0.1015625
0 0.034375 0.87109375 0.059375 0.0859375
0 0.0296875 0.95703125 0.059375 0.0859375
0 0.1125 0.97421875 0.078125 0.0515625
0 0.1296875 0.9 0.078125 0.0875
0 0.15859375 0.81171875 0.0921875 0.0984375
0 0.275 0.8390625 0.0859375 0.109375
0 0.23359375 0.940625 0.0453125 0.059375
0 0.26875 0.7421875 0.053125 0.0625
0 0.44765625 0.8953125 0.0828125 0.103125
0 0.53515625 0.946875 0.0546875 0.10625
0 0.5921875 0.93046875 0.04375 0.0734375
0 0.63515625 0.95859375 0.0515625 0.0734375
0 0.33828125 0.9609375 0.0828125 0.078125
0 0.43046875 0.97265625 0.0703125 0.0546875
0 0.328125 0.58984375 0.078125 0.0859375
0 0.61015625 0.72421875 0.0640625 0.0734375
0 0.70390625 0.5609375 0.0546875 0.065625
0 0.7328125 0.49609375 0.059375 0.0859375
0 0.77109375 0.425 0.0578125 0.06875
0 0.703125 0.38671875 0.0671875 0.0765625
0 0.8421875 0.45546875 0.053125 0.0734375
0 0.8890625 0.48125 0.053125 0.0625
0 0.96484375 0.50234375 0.0703125 0.084375
0 0.91171875 0.59375 0.0640625 0.0828125
0 0.80625 0.525 0.05625 0.065625
0 0.846875 0.5453125 0.04375 0.053125
0 0.76875 0.59140625 0.053125 0.0734375
0 0.80546875 0.63046875 0.0484375 0.0640625
0 0.85703125 0.69609375 0.0640625 0.0734375
0 0.8203125 0.78671875 0.0671875 0.0890625
0 0.9046875 0.83125 0.08125 0.10625
0 0.940625 0.7296875 0.06875 0.1
0 0.9765625 0.159375 0.046875 0.075
0 0.95078125 0.2375 0.0484375 0.084375
0 0.98046875 0.27265625 0.0390625 0.0671875
0 0.92265625 0.30859375 0.0484375 0.0609375
0 0.95703125 0.3234375 0.0453125 0.053125
0 0.98203125 0.41796875 0.0359375 0.1015625
0 0.284375 0.6890625 0.053125 0.05625
0 0.97890625 0.84296875 0.0421875 0.1921875
0 0.71875 0.78828125 0.0671875 0.0828125
0 0.765625 0.69453125 0.0875 0.1015625
0 0.3390625 0.38828125 0.046875 0.0484375
0 0.7578125 0.884375 0.0875 0.096875
0 0.64140625 0.8328125 0.0578125 0.103125
0 0.57734375 0.7890625 0.0546875 0.075