0 0.13125 0.03515625 0.05625 0.0703125
0 0.23984375 0.08125 0.07578125 0.08671875
0 0.31953125 0.128125 0.08125 0.090625
0 0.4 0.1640625 0.04140625 0.071875
0 0.45703125 0.05625 0.07578125 0.10078125
0 0.3859375 0.0171875 0.0796875 0.034375
0 0.61484375 0.02265625 0.07421875 0.0453125
0 0.54453125 0.1 0.07734375 0.08828125
0 0.50546875 0.19921875 0.071875 0.08125
0 0.56796875 0.30234375 0.0703125 0.07734375
0 0.52734375 0.38828125 0.05390625 0.06875
0 0.60234375 0.41484375 0.0484375 0.06171875
0 0.64921875 0.34375 0.05078125 0.08125
0 0.69765625 0.26875 0.07734375 0.09375
0 0.61875 0.21953125 0.06484375 0.0921875
0 0.6453125 0.1375 0.05625 0.0578125
0 0.73984375 0.184375 0.071875 0.08671875
0 0.77890625 0.09921875 0.07734375 0.09765625
0 0.69296875 0.05625 0.06875 0.071875
0 0.80390625 0.0296875 0.059375 0.059375
0 0.89609375 0.059375 0.0703125 0.0828125
0 0.02421875 0.0484375 0.0484375 0.0796875
0 0.08046875 0.15078125 0.08828125 0.09921875
0 0.17265625 0.2109375 0.07421875 0.12265625
0 0.2546875 0.259375 0.03984375 0.06328125
0 0.03984375 0.2515625 0.0796875 0.07734375
0 0.12265625 0.2984375 0.06484375 0.09921875
0 0.2 0.346875 0.0796875 0.0796875
0 0.28671875 0.3875 0.06875 0.103125
0 0.14609375 0.44609375 0.05078125 0.06171875
0 0.2484375 0.4890625 0.0453125 0.071875
0 0.06796875 0.40546875 0.09921875 0.1140625
0 0.0078125 0.3546875 0.015625 0.10625
0 0.93984375 0.0140625 0.0921875 0.028125
0 0.97109375 0.0890625 0.0578125 0.07734375
0 0.928125 0.1625 0.06171875 0.06171875
0 0.846875 0.134375 0.08671875 0.08515625
0 0.8125 0.22578125 0.06484375 0.0796875
0 0.890625 0.25703125 0.06640625 0.08828125
0 0.97109375 0.284375 0.0578125 0.08125
0 0.72890625 0.3828125 0.06171875 0.0796875
0 0.68046875 0.46015625 0.05390625 0.06171875
0 0.6140625 0.58671875 0.046875 0.07734375
0 0.55234375 0.7078125 0.06171875 0.08671875
0 0.01953125 0.534375 0.0390625 0.071875
0 0.1109375 0.575 0.06171875 0.05625
0 0.1796875 0.6109375 0.06328125 0.07421875
0 0.14296875 0.66640625 0.05078125 0.06484375
0 0.065625 0.6390625 0.06328125 0.07578125
0 0.03359375 0.740625 0.06640625 0.1171875
0 0.01640625 0.85859375 0.0328125 0.09921875
0 0.01328125 0.95390625 0.0265625 0.0921875
0 0.08828125 0.9734375 0.090625 0.05234375
0 0.10859375 0.89140625 0.090625 0.10078125
0 0.14140625 0.78984375 0.10625 0.1140625
0 0.2765625 0.82109375 0.09921875 0.1265625
0 0.228125 0.93828125 0.05234375 0.06875
0 0.26875 0.709375 0.06171875 0.071875
0 0.47578125 0.8859375 0.0953125 0.11875
0 0.5765625 0.9421875 0.06328125 0.115625
0 0.64296875 0.9265625 0.05078125 0.08515625
0 0.6921875 0.95859375 0.059375 0.0828125
0 0.34921875 0.95859375 0.0953125 0.0828125
0 0.45546875 0.971875 0.08125 0.05625
0 0.3375 0.53359375 0.090625 0.09921875
0 0.66328125 0.68828125 0.07421875 0.08515625
0 0.771875 0.5 0.06328125 0.07578125
0 0.8046875 0.425 0.06875 0.09921875
0 0.84921875 0.34296875 0.06640625 0.0796875
0 0.77109375 0.2984375 0.07734375 0.08828125
0 0.93125 0.378125 0.06171875 0.08515625
0 0.97734375 0.4078125 0.0453125 0.071875
0 0.9875 0.53671875 0.025 0.0953125
0 0.88984375 0.45859375 0.06484375 0.07578125
0 0.93671875 0.48203125 0.05078125 0.06171875
0 0.846875 0.53515625 0.06171875 0.08515625
0 0.8890625 0.58046875 0.05625 0.07421875
0 0.9484375 0.65625 0.07421875 0.08515625
0 0.90625 0.7609375 0.07734375 0.103125
0 0.978125 0.8125 0.04296875 0.12265625
0 0.28671875 0.64765625 0.06171875 0.06484375
0 0.7890625 0.7625 0.07734375 0.0953125
0 0.84296875 0.6546875 0.10078125 0.1171875
0 0.35 0.30078125 0.05390625 0.05625
0 0.83359375 0.8734375 0.10078125 0.11171875
0 0.69921875 0.8140625 0.06640625 0.11875
0 0.62578125 0.76328125 0.06328125 0.08671875