0 0.0203125 0.0390625 0.040625 0.078125
0 0.15078125 0.0171875 0.0703125 0.034375
0 0.09765625 0.0765625 0.0625 0.06796875
0 0.059375 0.17109375 0.05234375 0.0703125
0 0.0078125 0.128125 0.015625 0.09375
0 0.02890625 0.271875 0.0578125 0.096875
0 0.06015625 0.384375 0.0546875 0.0796875
0 0.11796875 0.4125 0.071875 0.078125
0 0.0984375 0.2921875 0.0640625 0.0703125
0 0.15 0.32109375 0.05859375 0.078125
0 0.1578125 0.2 0.0546875 0.0703125
0 0.20546875 0.23671875 0.06015625 0.07578125
0 0.1859375 0.10703125 0.06015625 0.05859375
0 0.246875 0.15234375 0.05859375 0.071875
0 0.23671875 0.034375 0.05625 0.06796875
0 0.45234375 0.01640625 0.09140625 0.0328125
0 0.56796875 0.04765625 0.08984375 0.0953125
0 0.49921875 0.13984375 0.0875 0.11640625
0 0.36796875 0.09921875 0.06640625 0.09375
0 0.3265625 0.22890625 0.0703125 0.09921875
0 0.26328125 0.3453125 0.09140625 0.09921875
0 0.2140625 0.4609375 0.08984375 0.12421875
0 0.14609375 0.57421875 0.08984375 0.08984375
0 0.08359375 0.69140625 0.08203125 0.09140625
0 0.01640625 0.475 0.0328125 0.06640625
0 0.06328125 0.509375 0.06796875 0.06640625
0 0.3703125 0.69765625 0.09140625 0.11484375
0 0.4765625 0.75390625 0.078125 0.11875
0 0.59453125 0.80703125 0.09921875 0.11640625
0 0.6453125 0.69765625 0.0875 0.12265625
0 0.709375 0.575 0.0875 0.11875
0 0.59765625 0.528125 0.0859375 0.0953125
0 0.4890625 0.45703125 0.103125 0.11640625
0 0.43203125 0.57890625 0.09765625 0.11875
0 0.30859375 0.5234375 0.103125 0.13203125
0 0.3734375 0.38828125 0.0859375 0.1359375
0 0.4296875 0.2734375 0.10078125 0.1109375
0 0.5546875 0.32578125 0.078125 0.0796875
0 0.65625 0.4046875 0.09140625 0.128125
0 0.6203125 0.2265625 0.09375 0.11484375
0 0.73046875 0.2765625 0.0796875 0.1046875
0 0.7765625 0.15859375 0.09375 0.11484375
0 0.6671875 0.09609375 0.08203125 0.10703125
0 0.85625 0.040625 0.0625 0.08125
0 0.94921875 0.128125 0.10078125 0.10078125
0 0.89921875 0.234375 0.08359375 0.09921875
0 0.83046875 0.35625 0.08984375 0.13984375
0 0.940625 0.0484375 0.05234375 0.06015625
0 0.753125 0.02109375 0.046875 0.0421875
0 0.515625 0.9234375 0.0625 0.06796875
0 0.35703125 0.9609375 0.09140625 0.078125
0 0.29296875 0.82109375 0.11875 0.1359375
0 0.2421875 0.91953125 0.0953125 0.09921875
0 0.18671875 0.7328125 0.08203125 0.0953125
0 0.13984375 0.865625 0.11640625 0.13984375
0 0.03984375 0.80625 0.0796875 0.10703125