0 0.059375 0.06953125 0.0625 0.0765625
0 0.053125 0.18359375 0.053125 0.0703125
0 0.06640625 0.30546875 0.0703125 0.0859375
0 0.16875 0.325 0.078125 0.078125
0 0.18125 0.19921875 0.103125 0.1171875
0 0.178125 0.08359375 0.075 0.0796875
0 0.303125 0.078125 0.06875 0.071875
0 0.4171875 0.09609375 0.084375 0.0671875
0 0.428125 0.2265625 0.08125 0.09375
0 0.46875 0.28515625 0.0625 0.071875
0 0.40390625 0.3453125 0.0953125 0.1125
0 0.475 0.39765625 0.06875 0.0921875
0 0.315625 0.20703125 0.075 0.1015625
0 0.296875 0.32734375 0.084375 0.0921875
0 0.3046875 0.4578125 0.09375 0.103125
0 0.06015625 0.42890625 0.0890625 0.1140625
0 0.18125 0.43359375 0.08125 0.0921875
0 0.17890625 0.55625 0.06875 0.08125
0 0.05390625 0.565625 0.1078125 0.115625
0 0.06875 0.696875 0.065625 0.090625
0 0.18984375 0.69609375 0.0578125 0.0859375
0 0.309375 0.56875 0.09375 0.090625
0 0.41328125 0.72578125 0.0765625 0.0984375
0 0.49375 0.734375 0.065625 0.09375
0 0.49765625 0.84140625 0.0484375 0.0640625
0 0.56796875 0.8515625 0.0890625 0.09375
0 0.05078125 0.7984375 0.0765625 0.090625
0 0.16640625 0.821875 0.0890625 0.096875
0 0.2859375 0.83203125 0.09375 0.1171875
0 0.421875 0.83984375 0.09375 0.1015625
0 0.3984375 0.9609375 0.09375 0.078125
0 0.51015625 0.96015625 0.0828125 0.0765625
0 0.2890625 0.95 0.078125 0.096875
0 0.16875 0.9359375 0.071875 0.090625
0 0.0703125 0.925 0.084375 0.10625
0 0.9234375 0.88515625 0.065625 0.0828125
0 0.6828125 0.20625 0.0671875 0.084375
0 0.73359375 0.0953125 0.0765625 0.0875
0 0.9265625 0.01796875 0.0875 0.0359375
0 0.43359375 0.01953125 0.0703125 0.0390625
0 0.30546875 0.0109375 0.0640625 0.021875
0 0.48671875 0.5953125 0.0671875 0.11875
0 0.428125 0.59140625 0.053125 0.0640625
0 0.30859375 0.70703125 0.0578125 0.0515625