0 0.37578125 0.3734375 0.0796875 0.10703125
0 0.36640625 0.2421875 0.0828125 0.09453125
0 0.37421875 0.11640625 0.06015625 0.0734375
0 0.290625 0.1359375 0.07109375 0.0921875
0 0.23828125 0.04140625 0.06484375 0.0828125
0 0.22890625 0.2203125 0.06171875 0.0765625
0 0.23671875 0.35234375 0.078125 0.09765625
0 0.25546875 0.49609375 0.0828125 0.0921875
0 0.24375 0.628125 0.075 0.1203125
0 0.2703125 0.7609375 0.0796875 0.10234375
0 0.4 0.78984375 0.09609375 0.11875
0 0.3921875 0.9328125 0.0796875 0.10546875
0 0.25546875 0.90234375 0.0828125 0.10078125
0 0.14296875 0.91171875 0.06171875 0.0859375
0 0.50859375 0.25625 0.0859375 0.1265625
0 0.6546875 0.1390625 0.0859375 0.115625
0 0.65078125 0.28046875 0.09453125 0.10546875
0 0.7921875 0.16484375 0.10703125 0.11875
0 0.80625 0.31953125 0.09609375 0.09765625
0 0.80625 0.4625 0.0859375 0.10703125
0 0.65703125 0.43203125 0.0734375 0.10078125
0 0.66015625 0.56875 0.09609375 0.11328125
0 0.5359375 0.5359375 0.090625 0.10703125
0 0.5125 0.409375 0.09921875 0.1296875
0 0.396875 0.51953125 0.09609375 0.10703125
0 0.52578125 0.6828125 0.0875 0.10859375
0 0.6703125 0.71484375 0.11015625 0.10859375
0 0.68515625 0.86640625 0.08125 0.125
0 0.5375 0.8375 0.078125 0.078125
0 0.52578125 0.94765625 0.0890625 0.1046875
0 0.6875 0.96796875 0.10234375 0.06328125
0 0.81484375 0.89453125 0.07109375 0.1171875
0 0.82265625 0.98984375 0.0703125 0.0203125
0 0.80390625 0.6046875 0.09765625 0.13125
0 0.94140625 0.059375 0.075 0.10546875
0 0.95 0.2015625 0.090625 0.11015625
0 0.93828125 0.34296875 0.090625 0.13671875
0 0.946875 0.48515625 0.0859375 0.11015625
0 0.95078125 0.61953125 0.0828125 0.134375
0 0.94609375 0.7734375 0.075 0.0890625
0 0.9640625 0.95625 0.07109375 0.0875
0 0.98046875 0.8453125 0.0390625 0.0765625
0 0.26796875 0.98671875 0.090625 0.02578125
0 0.79765625 0.7375 0.06953125 0.0890625
0 0.37109375 0.03671875 0.0765625 0.0734375
0 0.5109375 0.1328125 0.09609375 0.09765625