0 0.45078125 0.38515625 0.09453125 0.134375
0 0.44765625 0.42265625 0.128125 0.13515625
0 0.53203125 0.51328125 0.046875 0.065625
0 0.47578125 0.54453125 0.0796875 0.1
0 0.34140625 0.4734375 0.12109375 0.1375
0 0.2625 0.31953125 0.04765625 0.08125
0 0.30546875 0.35234375 0.06171875 0.08046875
0 0.3453125 0.24296875 0.03984375 0.05078125
0 0.3921875 0.66875 0.059375 0.1078125
0 0.41171875 0.7140625 0.05234375 0.07265625
0 0.39140625 0.75703125 0.084375 0.1234375
0 0.4625 0.63125 0.06328125 0.07578125
0 0.46875 0.671875 0.04375 0.06015625
0 0.49296875 0.70625 0.07265625 0.10625
0 0.471875 0.7640625 0.040625 0.065625
0 0.32734375 0.859375 0.0625 0.08125
0 0.54609375 0.696875 0.03203125 0.06640625
0 0.48125 0.20625 0.20625 0.14921875
0 0.675 0.10234375 0.1015625 0.1203125
0 0.6171875 0.0328125 0.06328125 0.06484375
0 0.71953125 0.0453125 0.0765625 0.08984375
0 0.78828125 0.05234375 0.0234375 0.03671875
0 0.7703125 0.3390625 0.034375 0.05
0 0.778125 0.45390625 0.05546875 0.0609375
0 0.18984375 0.16328125 0.04375 0.05859375
0 0.14375 0.25625 0.0515625 0.08203125
0 0.2078125 0.30859375 0.08046875 0.1296875
0 0.18984375 0.39453125 0.05859375 0.06875
0 0.10390625 0.36796875 0.0484375 0.06640625
0 0.23125 0.7703125 0.02734375 0.0328125
0 0.21875 0.8796875 0.0296875 0.03671875
0 0.20703125 0.91640625 0.0375 0.05390625
0 0.1125 0.24921875 0.04375 0.07890625