0 0.71640625 0.67578125 0.1625 0.16484375
0 0.69375 0.478125 0.19375 0.3515625
0 0.70859375 0.2171875 0.0515625 0.05546875
0 0.7890625 0.1046875 0.09140625 0.12734375
0 0.8875 0.13125 0.0921875 0.18046875
0 0.91328125 0.25625 0.04765625 0.08125
0 0.79375 0.303125 0.0453125 0.06875
0 0.859375 0.38203125 0.0484375 0.0625
0 0.8390625 0.32890625 0.053125 0.0640625
0 0.7484375 0.19375 0.04453125 0.0796875
0 0.65859375 0.05234375 0.04453125 0.05390625
0 0.72578125 0.1140625 0.0421875 0.05546875
0 0.675 0.13515625 0.07890625 0.125
0 0.85859375 0.00703125 0.0484375 0.0140625
0 0.878125 0.0515625 0.05390625 0.06640625
0 0.96328125 0.15546875 0.0734375 0.153125
0 0.9859375 0.06953125 0.02734375 0.04296875
0 0.7890625 0.78125 0.0328125 0.05234375
0 0.79453125 0.46171875 0.03359375 0.06796875
0 0.9046875 0.5703125 0.0234375 0.03828125
0 0.8078125 0.6375 0.046875 0.06328125
0 0.98359375 0.5328125 0.02890625 0.03984375
0 0.41953125 0.61328125 0.08984375 0.11953125
0 0.4828125 0.66171875 0.04140625 0.06171875
0 0.54375 0.48046875 0.04765625 0.0796875
0 0.24921875 0.7703125 0.06796875 0.1296875
0 0.35 0.865625 0.075 0.103125
0 0.50625 0.96953125 0.090625 0.0609375
0 0.2390625 0.9703125 0.06875 0.059375
0 0.53359375 0.23359375 0.0609375 0.090625
0 0.5390625 0.09296875 0.04375 0.05234375
0 0.61015625 0.16953125 0.05625 0.07265625
0 0.58515625 0.27421875 0.03203125 0.04765625
0 0.59140625 0.23515625 0.0265625 0.06328125
0 0.60703125 0.0234375 0.065625 0.046875
0 0.30390625 0.68671875 0.04375 0.05390625
0 0.39921875 0.7046875 0.04609375 0.040625
0 0.015625 0.221875 0.03125 0.09765625
0 0.15234375 0.86328125 0.1140625 0.165625
0 0.04296875 0.88671875 0.04453125 0.0625
0 0.62734375 0.23671875 0.04296875 0.065625
0 0.66328125 0.23984375 0.0359375 0.05703125
0 0.71875 0.01640625 0.12578125 0.0328125
0 0.86796875 0.90703125 0.04140625 0.07421875
0 0.7515625 0.97578125 0.05625 0.0484375
0 0.834375 0.95 0.034375 0.07265625
0 0.8859375 0.9609375 0.10625 0.078125
0 0.93046875 0.88671875 0.034375 0.0484375
0 0.02578125 0.96171875 0.0515625 0.0765625