0 0.5875 0.1453125 0.17890625 0.240625
0 0.565625 0.30390625 0.08046875 0.1203125
0 0.49375 0.303125 0.0421875 0.0640625
0 0.49453125 0.25546875 0.06796875 0.08046875
0 0.3625 0.47734375 0.06484375 0.13359375
0 0.5578125 0.4578125 0.06953125 0.13046875
0 0.4765625 0.51328125 0.140625 0.22734375
0 0.39765625 0.59296875 0.0421875 0.0703125
0 0.48515625 0.37890625 0.06640625 0.06875
0 0.440625 0.7640625 0.06640625 0.1421875
0 0.47421875 0.89765625 0.11796875 0.20390625
0 0.38359375 0.25703125 0.0625 0.1125
0 0.4265625 0.27578125 0.0640625 0.109375
0 0.31875 0.109375 0.0859375 0.109375
0 0.3203125 0.1796875 0.06484375 0.10234375
0 0.33359375 0.278125 0.07421875 0.13125
0 0.17109375 0.25859375 0.0796875 0.096875
0 0.1171875 0.12734375 0.1046875 0.12578125
0 0.165625 0.1 0.06640625 0.103125
0 0.21171875 0.390625 0.04921875 0.084375
0 0.1734375 0.36328125 0.0453125 0.07578125
0 0.1421875 0.36953125 0.0359375 0.075
0 0.1 0.36796875 0.06484375 0.1125
0 0.0234375 0.378125 0.04609375 0.109375
0 0.10703125 0.46328125 0.04765625 0.090625
0 0.21484375 0.63515625 0.07265625 0.10703125
0 0.19453125 0.69609375 0.059375 0.096875
0 0.1625 0.75234375 0.06640625 0.10625
0 0.17265625 0.8453125 0.075 0.12578125
0 0.16171875 0.94609375 0.04140625 0.06015625
0 0.184375 0.90234375 0.075 0.09296875
0 0.24609375 0.8578125 0.06484375 0.12265625
0 0.3390625 0.8234375 0.053125 0.06953125
0 0.2890625 0.9078125 0.12734375 0.18359375
0 0.2828125 0.54375 0.02734375 0.0359375
0 0.2890625 0.6 0.03515625 0.065625
0 0.35390625 0.63984375 0.0734375 0.18203125
0 0.2921875 0.4296875 0.08125 0.11953125
0 0.08046875 0.55546875 0.0859375 0.109375
0 0.08671875 0.64921875 0.11015625 0.13984375
0 0.01328125 0.62109375 0.0265625 0.0984375
0 0.02734375 0.91015625 0.0546875 0.0953125
0 0.0265625 0.97890625 0.05234375 0.0421875
0 0.0921875 0.91875 0.05546875 0.0875
0 0.11328125 0.94609375 0.0515625 0.06640625
0 0.01015625 0.22578125 0.01953125 0.03515625
0 0.0390625 0.8484375 0.06015625 0.11328125
0 0.02265625 0.80546875 0.0453125 0.096875
0 0.03828125 0.22265625 0.02265625 0.03125
0 0.1375 0.6359375 0.04296875 0.09140625
0 0.125 0.7703125 0.05625 0.0953125
0 0.06328125 0.71875 0.0453125 0.053125
0 0.0796875 0.98984375 0.05 0.01953125
0 0.1453125 0.98828125 0.03359375 0.02265625
0 0.92421875 0.840625 0.15078125 0.31875
0 0.66953125 0.659375 0.38828125 0.68046875