0 0.31796875 0.55546875 0.26875 0.5625
0 0.13984375 0.75 0.1078125 0.20234375
0 0.04375 0.690625 0.06796875 0.1078125
0 0.8046875 0.36015625 0.26171875 0.36328125
0 0.82578125 0.61796875 0.128125 0.2703125
0 0.971875 0.55703125 0.05625 0.23125
0 0.98125 0.1921875 0.0375 0.16796875
0 0.94375 0.334375 0.1125 0.27734375
0 0.48046875 0.91953125 0.14609375 0.1609375
0 0.640625 0.91640625 0.16875 0.1671875
0 0.4984375 0.66328125 0.2125 0.4140625
0 0.78125 0.890625 0.103125 0.21875
0 0.85625 0.95546875 0.084375 0.08828125
0 0.71328125 0.6984375 0.11796875 0.2859375
0 0.6375 0.63828125 0.05234375 0.146875
0 0.69296875 0.096875 0.184375 0.19296875
0 0.66328125 0.2359375 0.14453125 0.19375
0 0.5984375 0.35625 0.1796875 0.22421875
0 0.9484375 0.81484375 0.05625 0.0734375
0 0.94765625 0.86953125 0.0421875 0.06171875
0 0.94609375 0.93125 0.0453125 0.0765625
0 0.8796875 0.07109375 0.175 0.1421875
0 0.46875 0.26171875 0.0484375 0.0859375
0 0.52421875 0.06015625 0.13828125 0.1203125
0 0.36953125 0.08515625 0.1890625 0.16953125
0 0.121875 0.284375 0.24375 0.56875
0 0.64453125 0.5171875 0.0515625 0.1015625
0 0.89453125 0.925 0.053125 0.075
0 0.96328125 0.6859375 0.0734375 0.06171875