0 0.51171875 0.34921875 0.13828125 0.14921875
0 0.7328125 0.27421875 0.11875 0.175
0 0.7375 0.38203125 0.08046875 0.08203125
0 0.18828125 0.0921875 0.18125 0.184375
0 0.409375 0.0703125 0.1953125 0.140625
0 0.37265625 0.8078125 0.06796875 0.09296875
0 0.3875 0.915625 0.103125 0.12265625
0 0.6640625 0.84375 0.1265625 0.1453125
0 0.5828125 0.93515625 0.1 0.1296875
0 0.8953125 0.94453125 0.0625 0.09140625
0 0.97578125 0.70859375 0.0484375 0.1859375
0 0.97734375 0.2625 0.0453125 0.109375
0 0.97265625 0.3546875 0.0546875 0.103125
0 0.9640625 0.415625 0.07109375 0.09140625
0 0.84921875 0.43046875 0.0359375 0.06171875
0 0.96875 0.090625 0.06171875 0.10390625
0 0.4734375 0.78515625 0.07265625 0.071875