0 0.434375 0.11796875 0.203125 0.23515625
0 0.459375 0.27890625 0.09140625 0.13671875
0 0.540625 0.278125 0.04765625 0.07265625
0 0.5390625 0.22421875 0.07734375 0.09140625
0 0.6890625 0.47578125 0.07265625 0.1515625
0 0.46796875 0.453125 0.07890625 0.14765625
0 0.559375 0.515625 0.159375 0.25703125
0 0.64921875 0.60625 0.04765625 0.0796875
0 0.55078125 0.3640625 0.075 0.078125
0 0.60078125 0.8 0.075 0.1609375
0 0.56328125 0.91796875 0.13359375 0.1640625
0 0.665625 0.22578125 0.0703125 0.12734375
0 0.61640625 0.246875 0.07265625 0.12421875
0 0.73828125 0.06015625 0.096875 0.1203125
0 0.7375 0.13828125 0.0734375 0.11640625
0 0.72109375 0.25 0.084375 0.1484375
0 0.90546875 0.22734375 0.090625 0.11015625
0 0.953125 0.07890625 0.09375 0.1421875
0 0.91171875 0.053125 0.07578125 0.10625
0 0.86015625 0.37734375 0.05546875 0.0953125
0 0.903125 0.346875 0.05078125 0.0859375
0 0.93828125 0.35390625 0.040625 0.08515625
0 0.97421875 0.3515625 0.05078125 0.12734375
0 0.975 0.459375 0.04921875 0.10234375
0 0.85625 0.65390625 0.08203125 0.12109375
0 0.87890625 0.7234375 0.0671875 0.11015625
0 0.91484375 0.78671875 0.075 0.1203125
0 0.90390625 0.89140625 0.08515625 0.1421875
0 0.915625 0.9859375 0.04609375 0.028125
0 0.890625 0.9515625 0.08515625 0.096875
0 0.82109375 0.90625 0.0734375 0.13828125
0 0.715625 0.8671875 0.059375 0.078125
0 0.771875 0.92890625 0.14375 0.1421875
0 0.77890625 0.55078125 0.03046875 0.040625
0 0.771875 0.6140625 0.03984375 0.07421875
0 0.69921875 0.659375 0.0828125 0.20546875
0 0.76796875 0.421875 0.09140625 0.13515625
0 0.9796875 0.56328125 0.040625 0.1234375
0 0.96875 0.66875 0.0625 0.159375
0 0.98203125 0.9625 0.0359375 0.075
0 0.97109375 0.98359375 0.0578125 0.0328125
0 0.94296875 0.6546875 0.0484375 0.103125
0 0.9578125 0.80703125 0.06328125 0.1078125
0 0.06953125 0.853125 0.1390625 0.29375
0 0.34140625 0.64765625 0.4390625 0.7046875