0 0.56171875 0.465625 0.14921875 0.2234375
0 0.25859375 0.690625 0.5171875 0.61875
0 0.1078125 0.1703125 0.215625 0.3375
0 0.29609375 0.20390625 0.14921875 0.4015625
0 0.46484375 0.17265625 0.24453125 0.34453125
0 0.64140625 0.196875 0.146875 0.28046875
0 0.68671875 0.0625 0.1328125 0.125
0 0.675 0.3328125 0.1109375 0.13125
0 0.84296875 0.38125 0.1015625 0.16796875
0 0.78828125 0.121875 0.075 0.11484375
0 0.7984375 0.22890625 0.071875 0.15
0 0.8515625 0.10546875 0.07109375 0.13125
0 0.59140625 0.90625 0.10859375 0.18671875
0 0.70546875 0.80859375 0.1453125 0.3421875
0 0.8890625 0.7265625 0.18046875 0.2875
0 0.9328125 0.525 0.13359375 0.2265625
0 0.94765625 0.24375 0.1046875 0.146875
0 0.96484375 0.06328125 0.06875 0.09296875
0 0.78984375 0.5734375 0.07890625 0.11328125