0 0.98671875 0.1328125 0.0265625 0.0875
0 0.9859375 0.22265625 0.028125 0.0703125
0 0.97890625 0.32578125 0.0421875 0.08046875
0 0.9671875 0.43671875 0.065625 0.06875
0 0.94296875 0.5390625 0.05859375 0.07890625
0 0.93359375 0.6515625 0.071875 0.071875
0 0.9890625 0.753125 0.021875 0.0734375
0 0.98671875 0.85546875 0.0265625 0.0734375
0 0.9734375 0.9640625 0.053125 0.071875
0 0.87265625 0.95703125 0.08359375 0.0859375
0 0.89140625 0.853125 0.071875 0.071875
0 0.9109375 0.74140625 0.0734375 0.05546875
0 0.8 0.75390625 0.07734375 0.08203125
0 0.79921875 0.853125 0.065625 0.0859375
0 0.7765625 0.9609375 0.075 0.078125
0 0.67734375 0.9609375 0.0734375 0.078125
0 0.68125 0.84921875 0.0734375 0.05859375
0 0.6953125 0.7484375 0.07890625 0.09375
0 0.72421875 0.6328125 0.071875 0.08046875
0 0.825 0.646875 0.071875 0.07578125
0 0.83984375 0.54375 0.07578125 0.0875
0 0.746875 0.54609375 0.06875 0.06875
0 0.859375 0.42734375 0.0875 0.08203125
0 0.7578125 0.425 0.065625 0.071875
0 0.63984375 0.434375 0.0890625 0.08046875
0 0.6640625 0.31875 0.0734375 0.0734375
0 0.775 0.31875 0.0640625 0.0734375
0 0.875 0.315625 0.06171875 0.07734375
0 0.88515625 0.20390625 0.07578125 0.065625
0 0.90859375 0.10625 0.06171875 0.06171875
0 0.91953125 0.021875 0.0671875 0.04375
0 0.8203125 0.01953125 0.0734375 0.03828125
0 0.70703125 0.01484375 0.0671875 0.0296875
0 0.6984375 0.0984375 0.07890625 0.07890625
0 0.684375 0.2 0.0671875 0.08046875
0 0.7828125 0.2078125 0.071875 0.09765625
0 0.7984375 0.09765625 0.0734375 0.08359375
0 0.6125 0.6390625 0.06015625 0.0703125
0 0.590625 0.7453125 0.07734375 0.0875
0 0.57265625 0.85078125 0.06171875 0.05703125
0 0.55859375 0.96796875 0.0671875 0.0640625
0 0.35234375 0.93125 0.06015625 0.05
0 0.34921875 0.8359375 0.05546875 0.0703125
0 0.39375 0.73828125 0.0453125 0.05546875
0 0.48359375 0.7421875 0.0671875 0.07578125
0 0.5125 0.6390625 0.0484375 0.05859375
0 0.51875 0.54765625 0.0640625 0.0890625
0 0.5421875 0.42109375 0.05 0.05390625
0 0.5671875 0.31484375 0.05 0.05859375
0 0.5796875 0.20625 0.0484375 0.05
0 0.47421875 0.2015625 0.05859375 0.05703125
0 0.58359375 0.10546875 0.0734375 0.06015625
0 0.490625 0.0921875 0.05859375 0.05703125
0 0.38828125 0.0921875 0.071875 0.0671875
0 0.421875 0.00859375 0.0484375 0.01640625
0 0.31953125 0.0125 0.05859375 0.025
0 0.2609375 0.06328125 0.0421875 0.0484375
0 0.371875 0.20703125 0.065625 0.06171875
0 0.35859375 0.2984375 0.0640625 0.06875
0 0.46171875 0.31015625 0.06015625 0.0734375
0 0.43984375 0.42109375 0.07734375 0.0703125
0 0.33359375 0.4140625 0.05390625 0.0734375
0 0.42421875 0.5296875 0.0671875 0.07578125
0 0.39765625 0.628125 0.0640625 0.0640625
0 0.31953125 0.5234375 0.05859375 0.0734375
0 0.30234375 0.63359375 0.05 0.06875
0 0.2765625 0.80703125 0.06015625 0.09375
0 0.240625 0.90234375 0.05546875 0.0703125
0 0.4734375 0.84296875 0.05390625 0.05859375
0 0.13671875 0.98828125 0.071875 0.0234375
0 0.16171875 0.890625 0.065625 0.0703125
0 0.0609375 0.87421875 0.06171875 0.05859375
0 0.071875 0.78828125 0.0734375 0.0671875
0 0.16640625 0.80390625 0.0640625 0.0875
0 0.1859375 0.7109375 0.05703125 0.071875
0 0.19296875 0.60859375 0.06015625 0.05859375
0 0.20390625 0.515625 0.06171875 0.06875
0 0.215625 0.40234375 0.05546875 0.0671875
0 0.24765625 0.31171875 0.05859375 0.05859375
0 0.26796875 0.19765625 0.06171875 0.06015625
0 0.203125 0.13828125 0.040625 0.06875
0 0.19375 0.00859375 0.06875 0.01640625
0 0.14921875 0.0671875 0.0640625 0.0671875
0 0.09765625 0.02109375 0.05 0.0421875
0 0.03828125 0.07265625 0.05703125 0.06171875
0 0.09296875 0.134375 0.0421875 0.0734375
0 0.03828125 0.19609375 0.0765625 0.0765625
0 0.0046875 0.14609375 0.009375 0.0484375
0 0.0046875 0.02734375 0.009375 0.0546875
0 0.140625 0.2984375 0.046875 0.06875
0 0.1265625 0.4140625 0.06875 0.0734375
0 0.1046875 0.515625 0.06875 0.06875
0 0.0875 0.62421875 0.0640625 0.090625
0 0.090625 0.70546875 0.0640625 0.05234375
0 0.0390625 0.3078125 0.065625 0.06171875
0 0.028125 0.41171875 0.05625 0.0703125
0 0.015625 0.5203125 0.03125 0.059375
0 0.0125 0.621875 0.025 0.06875
0 0.015625 0.865625 0.03125 0.09375