0 0.61875 0.18828125 0.09921875 0.096875
0 0.5234375 0.22265625 0.10078125 0.10859375
0 0.1015625 0.90703125 0.13203125 0.14609375
0 0.2015625 0.921875 0.08203125 0.1359375
0 0.33984375 0.9015625 0.21640625 0.196875
0 0.6171875 0.9046875 0.1484375 0.12734375
0 0.4953125 0.890625 0.0875 0.10546875
0 0.76328125 0.89921875 0.1625 0.13203125
0 0.921875 0.915625 0.15625 0.16796875
0 0.796875 0.17421875 0.1703125 0.19296875
0 0.91953125 0.19375 0.1609375 0.17421875
0 0.0296875 0.2234375 0.059375 0.1328125