0 0.46484375 0.5359375 0.2015625 0.22265625
0 0.4875 0.6578125 0.20703125 0.1859375
0 0.88984375 0.04296875 0.05546875 0.04375
0 0.890625 0.01015625 0.05390625 0.0203125
0 0.87578125 0.16875 0.0625 0.05234375
0 0.8796875 0.32578125 0.04765625 0.04609375
0 0.8859375 0.403125 0.0578125 0.06015625
0 0.8859375 0.4984375 0.0578125 0.0546875
0 0.89140625 0.5609375 0.0578125 0.0625
0 0.89296875 0.6109375 0.06015625 0.04921875
0 0.90546875 0.65625 0.046875 0.03671875
0 0.89921875 0.71796875 0.04140625 0.03984375
0 0.9 0.7640625 0.04921875 0.03515625
0 0.971875 0.890625 0.05546875 0.06171875
0 0.94765625 0.8125 0.0578125 0.04140625
0 0.76484375 0.9703125 0.078125 0.059375
0 0.8046875 0.88515625 0.14140625 0.08203125
0 0.88046875 0.44921875 0.06015625 0.06875