0 0.2609375 0.53671875 0.246875 0.25859375
0 0.24921875 0.26015625 0.09453125 0.078125
0 0.54296875 0.2125 0.12578125 0.07890625
0 0.37578125 0.4328125 0.06328125 0.03984375
0 0.215625 0.81796875 0.10234375 0.10625
0 0.9109375 0.503125 0.0953125 0.08984375
0 0.95 0.57109375 0.04609375 0.04296875
0 0.6578125 0.8640625 0.103125 0.1140625
0 0.6140625 0.95859375 0.10625 0.0828125
0 0.76015625 0.60234375 0.13125 0.1234375
0 0.865625 0.15390625 0.05078125 0.0453125
0 0.9375 0.16953125 0.040625 0.040625