0 0.90078125 0.93046875 0.1984375 0.1390625
0 0.84140625 0.709375 0.2265625 0.234375
0 0.73515625 0.04921875 0.16953125 0.0984375
0 0.596875 0.05546875 0.1125 0.1109375
0 0.69609375 0.184375 0.27265625 0.26953125
0 0.9390625 0.09296875 0.12109375 0.15234375
0 0.92734375 0.27734375 0.1453125 0.27421875
0 0.91015625 0.50234375 0.1546875 0.178125
0 0.734375 0.35390625 0.3234375 0.18828125
0 0.55078125 0.559375 0.25390625 0.21171875
0 0.440625 0.715625 0.30390625 0.309375
0 0.3609375 0.46484375 0.17890625 0.16484375
0 0.14609375 0.59375 0.2734375 0.33359375
0 0.0375 0.71796875 0.075 0.1234375
0 0.21484375 0.93359375 0.209375 0.1328125
0 0.57578125 0.93046875 0.2609375 0.1390625
0 0.33984375 0.221875 0.29140625 0.35625