0 0.06640625 0.03671875 0.13203125 0.0734375
0 0.3375 0.02109375 0.109375 0.0421875
0 0.44296875 0.05078125 0.1265625 0.1015625
0 0.59140625 0.0171875 0.18359375 0.034375
0 0.81171875 0.03125 0.103125 0.0625
0 0.8625 0.04375 0.04375 0.07265625
0 0.93515625 0.09765625 0.059375 0.08671875
0 0.56484375 0.0640625 0.09375 0.090625
0 0.6484375 0.04921875 0.07578125 0.06328125
0 0.72890625 0.1 0.125 0.11015625
0 0.5890625 0.15390625 0.08203125 0.0875
0 0.52890625 0.128125 0.04765625 0.0390625
0 0.35625 0.07734375 0.0609375 0.06796875
0 0.4109375 0.1265625 0.053125 0.059375
0 0.46953125 0.16796875 0.05546875 0.05859375
0 0.53203125 0.2109375 0.06640625 0.07109375
0 0.57890625 0.24921875 0.0625 0.06171875
0 0.6328125 0.28671875 0.05546875 0.0578125
0 0.69453125 0.3359375 0.053125 0.053125
0 0.85390625 0.35546875 0.153125 0.15546875
0 0.9359375 0.4125 0.08828125 0.07265625
0 0.9765625 0.29375 0.046875 0.1375
0 0.74609375 0.20859375 0.09609375 0.10703125
0 0.91015625 0.2296875 0.08671875 0.0640625
0 0.27109375 0.06796875 0.10234375 0.09296875
0 0.375 0.31640625 0.1046875 0.12265625
0 0.46171875 0.390625 0.1265625 0.1046875
0 0.53515625 0.4640625 0.11171875 0.1140625
0 0.3390625 0.46640625 0.09921875 0.1
0 0.12890625 0.296875 0.115625 0.084375
0 0.028125 0.4375 0.05625 0.0796875
0 0.74375 0.63359375 0.115625 0.140625
0 0.67265625 0.5828125 0.05859375 0.0578125
0 0.72578125 0.803125 0.11796875 0.10625
0 0.93125 0.9671875 0.10078125 0.065625
0 0.71640625 0.915625 0.09140625 0.09609375
0 0.615625 0.87109375 0.13046875 0.1265625
0 0.49921875 0.7328125 0.0890625 0.11328125
0 0.40546875 0.67890625 0.11171875 0.13125
0 0.23828125 0.56796875 0.17421875 0.1765625
0 0.13359375 0.546875 0.06640625 0.05
0 0.09296875 0.7609375 0.13203125 0.115625
0 0.17265625 0.834375 0.11171875 0.0984375
0 0.09296875 0.6421875 0.1203125 0.1296875
0 0.0328125 0.53125 0.065625 0.125
0 0.41484375 0.809375 0.08671875 0.109375
0 0.3203125 0.84140625 0.1125 0.11484375
0 0.24375 0.71484375 0.15625 0.184375
0 0.43203125 0.92578125 0.10625 0.11875
0 0.584375 0.94140625 0.15546875 0.1171875