0 0.76796875 0.4890625 0.0703125 0.06640625
0 0.80703125 0.446875 0.06875 0.06796875
0 0.81484375 0.66640625 0.04140625 0.0390625
0 0.74765625 0.68203125 0.06171875 0.05703125
0 0.84296875 0.73125 0.05625 0.04921875
0 0.77421875 0.74140625 0.06328125 0.04921875
0 0.8125 0.8015625 0.04921875 0.059375
0 0.87109375 0.79375 0.05546875 0.0421875
0 0.94296875 0.82421875 0.05078125 0.0484375
0 0.98046875 0.88515625 0.0390625 0.046875
0 0.9 0.86796875 0.04453125 0.04296875
0 0.84140625 0.86484375 0.0453125 0.05
0 0.9359375 0.9328125 0.05859375 0.0609375
0 0.86640625 0.9203125 0.03515625 0.0359375
0 0.884375 0.96328125 0.06015625 0.04140625
0 0.3453125 0.88359375 0.19921875 0.153125
0 0.26953125 0.94140625 0.2140625 0.1171875
0 0.115625 0.95859375 0.11875 0.0828125