0 0.93203125 0.6453125 0.11328125 0.115625
0 0.85859375 0.7859375 0.08203125 0.0734375
0 0.80625 0.74765625 0.084375 0.06796875
0 0.84609375 0.85703125 0.128125 0.08125
0 0.88671875 0.9359375 0.06640625 0.0734375
0 0.81015625 0.96796875 0.11484375 0.06328125
0 0.77734375 0.9265625 0.11171875 0.08984375
0 0.73125 0.815625 0.10859375 0.103125
0 0.79375 0.63046875 0.18984375 0.1515625
0 0.63515625 0.63671875 0.12734375 0.11484375
0 0.53046875 0.578125 0.11640625 0.0953125
0 0.44921875 0.63125 0.11796875 0.08046875
0 0.5359375 0.69765625 0.15703125 0.109375
0 0.64375 0.52734375 0.1625 0.0953125
0 0.8765625 0.50078125 0.08828125 0.09140625
0 0.93125 0.55625 0.10390625 0.07578125
0 0.59609375 0.8015625 0.1640625 0.1546875
0 0.6546875 0.928125 0.17265625 0.14296875
0 0.521875 0.946875 0.0984375 0.08046875
0 0.15859375 0.94296875 0.1765625 0.1140625
0 0.38046875 0.88984375 0.17421875 0.19453125
0 0.81328125 0.4109375 0.13203125 0.10234375
0 0.90703125 0.42890625 0.1203125 0.11796875
0 0.925 0.33046875 0.15 0.13125