0 0.2046875 0.253125 0.08125 0.08046875
0 0.209375 0.1984375 0.0359375 0.0484375
0 0.1859375 0.36796875 0.071875 0.0734375
0 0.04140625 0.4515625 0.07421875 0.06796875
0 0.046875 0.62109375 0.04453125 0.05078125
0 0.08125 0.628125 0.0515625 0.07265625
0 0.03671875 0.87734375 0.07265625 0.14453125
0 0.11484375 0.928125 0.13125 0.14375
0 0.225 0.8625 0.16171875 0.1671875
0 0.22890625 0.97890625 0.06171875 0.04140625
0 0.13671875 0.9921875 0.04453125 0.015625
0 0.03828125 0.9640625 0.0765625 0.071875
0 0.5859375 0.49765625 0.1265625 0.12421875
0 0.28984375 0.415625 0.0359375 0.03359375
0 0.3734375 0.13828125 0.30234375 0.27265625
0 0.9390625 0.103125 0.121875 0.20625
0 0.821875 0.04375 0.21875 0.0875
0 0.89453125 0.3328125 0.2109375 0.284375
0 0.946875 0.62109375 0.10625 0.1265625
0 0.9046875 0.8125 0.18984375 0.3234375