0 0.95 0.1625 0.1 0.13046875
0 0.821875 0.109375 0.165625 0.0859375
0 0.69375 0.07421875 0.1484375 0.0828125
0 0.5359375 0.15546875 0.33359375 0.2171875
0 0.12265625 0.11953125 0.2265625 0.1375
0 0.0609375 0.31015625 0.12109375 0.121875
0 0.20859375 0.38125 0.29453125 0.18671875
0 0.41875 0.6046875 0.2515625 0.1640625
0 0.5640625 0.76328125 0.12109375 0.09453125
0 0.7515625 0.70078125 0.0921875 0.0609375
0 0.740625 0.48515625 0.134375 0.11875
0 0.96796875 0.40546875 0.0640625 0.075
0 0.84453125 0.4484375 0.1390625 0.12265625