0 0.2984375 0.51875 0.3140625 0.2953125
0 0.134375 0.64453125 0.1390625 0.14921875
0 0.05703125 0.709375 0.1140625 0.14296875
0 0.27265625 0.7828125 0.11484375 0.12578125
0 0.190625 0.890625 0.1453125 0.19921875
0 0.296875 0.98125 0.084375 0.0375
0 0.0640625 0.98125 0.05625 0.0375
0 0.134375 0.9828125 0.05234375 0.034375
0 0.60859375 0.9359375 0.215625 0.12734375
0 0.67265625 0.76484375 0.27265625 0.25859375
0 0.72109375 0.571875 0.15 0.134375
0 0.57890625 0.29765625 0.0953125 0.09375
0 0.76484375 0.3515625 0.0609375 0.05
0 0.75390625 0.21953125 0.21484375 0.22734375
0 0.6234375 0.48671875 0.06953125 0.07421875