0 0.89375 0.9203125 0.1265625 0.14296875
0 0.73203125 0.80390625 0.0796875 0.0578125
0 0.43046875 0.93046875 0.11171875 0.12421875
0 0.5171875 0.97421875 0.16484375 0.05078125
0 0.03359375 0.96796875 0.0671875 0.06328125
0 0.0140625 0.77578125 0.028125 0.05234375
0 0.0953125 0.67578125 0.0328125 0.03046875
0 0.35859375 0.61640625 0.11484375 0.13203125
0 0.0421875 0.496875 0.084375 0.096875
0 0.0078125 0.44921875 0.015625 0.03046875
0 0.00625 0.2734375 0.0125 0.040625
0 0.23828125 0.2296875 0.14921875 0.184375
0 0.14453125 0.1515625 0.140625 0.1375
0 0.0828125 0.2609375 0.14453125 0.18203125
0 0.0703125 0.121875 0.140625 0.15