0 0.19921875 0.26015625 0.1328125 0.1390625
0 0.19921875 0.06484375 0.1859375 0.1296875
0 0.0640625 0.03828125 0.128125 0.07578125
0 0.5296875 0.62421875 0.196875 0.175
0 0.43984375 0.52421875 0.03984375 0.03359375
0 0.3828125 0.48671875 0.04375 0.03515625
0 0.33984375 0.48984375 0.03046875 0.02734375
0 0.42421875 0.503125 0.03046875 0.021875
0 0.3546875 0.84765625 0.03671875 0.03984375
0 0.3984375 0.83984375 0.046875 0.0390625
0 0.92421875 0.78828125 0.15078125 0.2
0 0.97734375 0.95234375 0.0453125 0.0953125
0 0.8859375 0.9265625 0.15859375 0.146875
0 0.69921875 0.75546875 0.2953125 0.2671875
0 0.46484375 0.76796875 0.19375 0.1609375
0 0.94296875 0.3734375 0.1140625 0.125
0 0.946875 0.23671875 0.10625 0.1484375
0 0.95625 0.1421875 0.08671875 0.08828125
0 0.9015625 0.10390625 0.11875 0.11171875
0 0.859375 0.32265625 0.0953125 0.1109375
0 0.7921875 0.0546875 0.2 0.109375
0 0.70234375 0.17421875 0.26875 0.26875
0 0.871875 0.20625 0.07265625 0.08125