0 0.07734375 0.534375 0.11171875 0.09453125
0 0.08125 0.70625 0.1125 0.134375
0 0.240625 0.5859375 0.16875 0.09453125
0 0.21484375 0.68984375 0.13359375 0.128125
0 0.32109375 0.66953125 0.128125 0.17109375
0 0.3265625 0.81953125 0.1640625 0.1453125
0 0.5109375 0.8796875 0.08046875 0.08203125
0 0.46640625 0.7421875 0.23671875 0.2953125
0 0.56640625 0.8421875 0.0625 0.06953125
0 0.5734375 0.878125 0.0671875 0.0640625
0 0.58203125 0.91484375 0.06171875 0.046875
0 0.61640625 0.88828125 0.04765625 0.05
0 0.61640625 0.8453125 0.06953125 0.08125
0 0.6296875 0.7640625 0.05546875 0.04765625
0 0.59609375 0.76328125 0.034375 0.0484375
0 0.46484375 0.5328125 0.25625 0.17109375
0 0.71015625 0.521875 0.22265625 0.196875
0 0.78359375 0.85234375 0.2796875 0.2953125
0 0.95078125 0.7859375 0.0984375 0.134375
0 0.071875 0.88671875 0.14296875 0.22578125