0 0.6625 0.02890625 0.11171875 0.05703125
0 0.546875 0.075 0.08671875 0.10859375
0 0.4921875 0.1265625 0.084375 0.09140625
0 0.4203125 0.1734375 0.0984375 0.11875
0 0.85078125 0.4375 0.11015625 0.1015625
0 0.97265625 0.42734375 0.0546875 0.06484375
0 0.8265625 0.5171875 0.09609375 0.08125
0 0.91640625 0.5296875 0.04765625 0.0390625
0 0.7703125 0.46875 0.05703125 0.06875
0 0.7546875 0.54296875 0.0609375 0.08125
0 0.7015625 0.49921875 0.07421875 0.0765625
0 0.81328125 0.584375 0.05390625 0.04921875
0 0.6875 0.56640625 0.0703125 0.071875
0 0.6046875 0.5453125 0.10859375 0.1015625
0 0.62890625 0.6390625 0.10234375 0.09921875
0 0.6890625 0.65859375 0.09453125 0.08984375
0 0.1734375 0.30234375 0.0796875 0.0703125
0 0.125 0.38984375 0.103125 0.121875
0 0.05625 0.35390625 0.07578125 0.06796875
0 0.0171875 0.20859375 0.034375 0.0828125
0 0.0375 0.453125 0.075 0.1296875
0 0.25234375 0.3421875 0.06875 0.0578125
0 0.865625 0.7484375 0.10703125 0.10859375
0 0.7671875 0.7390625 0.09609375 0.09765625
0 0.95390625 0.7078125 0.090625 0.19375
0 0.95625 0.86875 0.08671875 0.125
0 0.87109375 0.87265625 0.1046875 0.1109375
0 0.77734375 0.85625 0.09296875 0.11796875
0 0.721875 0.8046875 0.1 0.10546875
0 0.6578125 0.73671875 0.103125 0.10625