0 0.5 0.26484375 1 0.5296875
0 0.63515625 0.62890625 0.28125 0.21015625
0 0.4390625 0.69609375 0.184375 0.23046875
0 0.8453125 0.48125 0.23515625 0.1421875
0 0.92109375 0.6796875 0.15703125 0.265625
0 0.93671875 0.90390625 0.12578125 0.1921875
0 0.10078125 0.365625 0.2015625 0.2140625
0 0.22109375 0.42734375 0.18046875 0.14140625
0 0.140625 0.21796875 0.265625 0.1703125
0 0.275 0.3234375 0.18046875 0.1421875
0 0.434375 0.28046875 0.14765625 0.13671875
0 0.33984375 0.2 0.13203125 0.153125
0 0.44375 0.05859375 0.16171875 0.1171875
0 0.6890625 0.1671875 0.1390625 0.16015625
0 0.87578125 0.31171875 0.215625 0.2109375