0 0.09921875 0.384375 0.125 0.11953125
0 0.40546875 0.3046875 0.14609375 0.14921875
0 0.47421875 0.1796875 0.128125 0.11953125
0 0.746875 0.209375 0.1515625 0.146875
0 0.6859375 0.43359375 0.165625 0.1671875
0 0.35546875 0.57421875 0.1671875 0.1875
0 0.11953125 0.59375 0.10234375 0.09765625
0 0.0625 0.5421875 0.125 0.18125
0 0.0875 0.721875 0.175 0.18125
0 0.23671875 0.78671875 0.12890625 0.12890625
0 0.04375 0.8875 0.0875 0.159375
0 0.13203125 0.8734375 0.1203125 0.1625
0 0.22578125 0.92578125 0.17578125 0.1484375
0 0.38125 0.92734375 0.1359375 0.1453125
0 0.36015625 0.7296875 0.1734375 0.15703125
0 0.47734375 0.765625 0.09453125 0.15859375
0 0.503125 0.909375 0.06328125 0.11328125