0 0.25234375 0.59921875 0.19921875 0.2015625
0 0.51171875 0.64765625 0.125 0.12109375
0 0.41171875 0.440625 0.21328125 0.1984375
0 0.52265625 0.8171875 0.1765625 0.1765625
0 0.49296875 0.95546875 0.096875 0.0890625
0 0.0765625 0.8515625 0.11875 0.1234375
0 0.12421875 0.77265625 0.16484375 0.14375
0 0.109375 0.65859375 0.1015625 0.08125
0 0.184375 0.30859375 0.10390625 0.0953125
0 0.1734375 0.40078125 0.04921875 0.0484375
0 0.18203125 0.4375 0.084375 0.05078125
0 0.19140625 0.4828125 0.09375 0.05390625
0 0.9328125 0.13515625 0.07578125 0.05859375
0 0.8703125 0.10546875 0.04921875 0.0875
0 0.8140625 0.0890625 0.06015625 0.0796875
0 0.75078125 0.0796875 0.0625 0.07890625
0 0.69296875 0.08203125 0.05859375 0.059375
0 0.634375 0.0671875 0.0625 0.071875
0 0.57109375 0.06796875 0.05859375 0.075
0 0.45625 0.06796875 0.053125 0.0484375
0 0.51171875 0.06953125 0.04140625 0.0390625
0 0.4 0.07109375 0.0484375 0.04140625