0 0.8703125 0.74921875 0.1796875 0.1203125
0 0.96484375 0.7921875 0.0703125 0.2265625
0 0.8875 0.6734375 0.1015625 0.0640625
0 0.81484375 0.8296875 0.10546875 0.096875
0 0.475 0.86875 0.09765625 0.1265625
0 0.64609375 0.7015625 0.08515625 0.07109375
0 0.64921875 0.80859375 0.21171875 0.15546875
0 0.4921875 0.77109375 0.06328125 0.0703125
0 0.74765625 0.346875 0.07109375 0.07578125
0 0.79921875 0.284375 0.0734375 0.084375
0 0.78984375 0.18359375 0.07578125 0.1
0 0.91171875 0.28984375 0.08203125 0.07890625
0 0.909375 0.16640625 0.04453125 0.04765625
0 0.6828125 0.22421875 0.11953125 0.128125
0 0.76484375 0.4375 0.07109375 0.04765625
0 0.55859375 0.5328125 0.05859375 0.04921875