0 0.234375 0.49609375 0.07265625 0.06875
0 0.19375 0.45234375 0.07109375 0.06953125
0 0.1859375 0.6796875 0.0421875 0.03984375
0 0.2546875 0.6953125 0.0640625 0.05859375
0 0.15625 0.74609375 0.0578125 0.05078125
0 0.2265625 0.75703125 0.065625 0.05078125
0 0.18828125 0.81875 0.05078125 0.0609375
0 0.12734375 0.81015625 0.05703125 0.04375
0 0.053125 0.84140625 0.05234375 0.05
0 0.01796875 0.90390625 0.0359375 0.0484375
0 0.09765625 0.88671875 0.0453125 0.04453125
0 0.15859375 0.884375 0.046875 0.0515625
0 0.06015625 0.95390625 0.06015625 0.0625
0 0.13203125 0.940625 0.0359375 0.03671875
0 0.1140625 0.98203125 0.0625 0.0359375
0 0.6703125 0.903125 0.20546875 0.1578125
0 0.746875 0.9515625 0.2203125 0.096875
0 0.90625 0.96875 0.121875 0.0625