0 0.08359375 0.19765625 0.1453125 0.19140625
0 0.33359375 0.21015625 0.13515625 0.175
0 0.37421875 0.2734375 0.0296875 0.00078125
0 0.46640625 0.22109375 0.11953125 0.09609375
0 0.47578125 0.43671875 0.21640625 0.21484375
0 0.7078125 0.0390625 0.29375 0.078125
0 0.7015625 0.19609375 0.19140625 0.24765625
0 0.8875 0.2015625 0.19296875 0.22734375
0 0.884375 0.36015625 0.128125 0.10625
0 0.9734375 0.35078125 0.053125 0.12109375
0 0.45390625 0.91640625 0.184375 0.16640625
0 0.3734375 0.72890625 0.0984375 0.13515625
0 0.21796875 0.5984375 0.12734375 0.11171875
0 0.17578125 0.9453125 0.08046875 0.07734375