0 0.3828125 0.52890625 0.15546875 0.1203125
0 0.4109375 0.39609375 0.09765625 0.12421875
0 0.290625 0.30625 0.12421875 0.1203125
0 0.42578125 0.1015625 0.12734375 0.096875
0 0.63125 0.03671875 0.12578125 0.07265625
0 0.74921875 0.034375 0.1421875 0.06875
0 0.83046875 0.03671875 0.09296875 0.0734375
0 0.80546875 0.32109375 0.30703125 0.2859375
0 0.8390625 0.11015625 0.16015625 0.125
0 0.7203125 0.4875 0.2 0.1875
0 0.8875 0.509375 0.1296875 0.12265625
0 0.8734375 0.7515625 0.1546875 0.16640625
0 0.81484375 0.6734375 0.1 0.07890625
0 0.7328125 0.7125 0.13984375 0.153125
0 0.58515625 0.71953125 0.159375 0.1609375
0 0.41640625 0.7234375 0.15546875 0.1625