0 0.6828125 0.34921875 0.0484375 0.08359375
0 0.58828125 0.4375 0.078125 0.1515625
0 0.70390625 0.4078125 0.10546875 0.08359375
0 0.71640625 0.603125 0.13359375 0.140625
0 0.68359375 0.47890625 0.10234375 0.10078125
0 0.91015625 0.61171875 0.1796875 0.2078125
0 0.91796875 0.80703125 0.16328125 0.3859375
0 0.696875 0.6765625 0.0390625 0.0453125
0 0.29140625 0.675 0.05625 0.08125
0 0.15234375 0.63359375 0.15859375 0.15390625
0 0.1296875 0.575 0.128125 0.134375
0 0.090625 0.49375 0.159375 0.1296875
0 0.075 0.38515625 0.14921875 0.15625
0 0.0625 0.34765625 0.125 0.16015625
0 0.04453125 0.91015625 0.0640625 0.08203125
0 0.28515625 0.203125 0.0703125 0.09140625
0 0.3328125 0.20703125 0.06484375 0.06953125
0 0.609375 0.1078125 0.209375 0.215625
0 0.8640625 0.07734375 0.09296875 0.1125