0 0.17265625 0.059375 0.13359375 0.11875
0 0.09296875 0.203125 0.16796875 0.1453125
0 0.03671875 0.38203125 0.0734375 0.2171875
0 0.10078125 0.6 0.19296875 0.2578125
0 0.31875 0.56015625 0.15546875 0.15234375
0 0.39921875 0.45390625 0.17734375 0.1515625
0 0.22265625 0.4125 0.1421875 0.13984375
0 0.2125 0.29921875 0.16953125 0.13515625
0 0.425 0.065625 0.275 0.13125
0 0.91484375 0.02109375 0.1375 0.0421875
0 0.89375 0.20625 0.1578125 0.14609375
0 0.50546875 0.225 0.16328125 0.14140625
0 0.50234375 0.359375 0.09140625 0.11796875
0 0.7171875 0.32734375 0.11953125 0.11875
0 0.90703125 0.53046875 0.0359375 0.0484375
0 0.940625 0.64921875 0.11875 0.1828125
0 0.52734375 0.62890625 0.17421875 0.15078125
0 0.74765625 0.765625 0.17421875 0.15
0 0.91875 0.790625 0.16171875 0.1734375
0 0.94609375 0.92734375 0.1078125 0.1453125
0 0.82265625 0.89296875 0.14140625 0.13984375
0 0.2078125 0.7484375 0.14296875 0.17734375
0 0.346875 0.84765625 0.16796875 0.1921875
0 0.12421875 0.8859375 0.2484375 0.228125
0 0.53515625 0.73515625 0.15078125 0.10703125