0 0.0421875 0.26015625 0.084375 0.1171875
0 0.034375 0.1625 0.0640625 0.07734375
0 0.1296875 0.24140625 0.04609375 0.06328125
0 0.175 0.19375 0.1046875 0.10546875
0 0.15 0.09296875 0.0703125 0.0875
0 0.0671875 0.10078125 0.103125 0.071875
0 0.1078125 0.17109375 0.0859375 0.09765625
0 0.21796875 0.0984375 0.078125 0.075
0 0.3234375 0.0453125 0.10234375 0.08671875
0 0.465625 0.03984375 0.10546875 0.07890625
0 0.39296875 0.01875 0.0484375 0.0375
0 0.68515625 0.0328125 0.1609375 0.065625
0 0.30625 0.153125 0.1375 0.13359375
0 0.44375 0.6453125 0.140625 0.13671875
0 0.225 0.8375 0.45 0.325
0 0.55625 0.940625 0.15625 0.11875
0 0.728125 0.871875 0.0609375 0.05390625
0 0.71171875 0.925 0.0515625 0.0625
0 0.75234375 0.92734375 0.0515625 0.06640625
0 0.915625 0.86171875 0.01875 0.01640625
0 0.92265625 0.87265625 0.021875 0.015625