0 0.321875 0.30234375 0.18359375 0.1234375
0 0.14609375 0.20859375 0.1328125 0.2140625
0 0.04296875 0.1984375 0.08515625 0.1828125
0 0.03125 0.3390625 0.0625 0.09140625
0 0.078125 0.36640625 0.1171875 0.11015625
0 0.03828125 0.87578125 0.0765625 0.11328125
0 0.08203125 0.92109375 0.07578125 0.09609375
0 0.0703125 0.97421875 0.140625 0.05078125
0 0.1671875 0.91875 0.04453125 0.05859375
0 0.17109375 0.87109375 0.04921875 0.03515625
0 0.175 0.8421875 0.04921875 0.03515625
0 0.20078125 0.8296875 0.03828125 0.0375
0 0.5234375 0.9390625 0.0953125 0.12109375
0 0.8109375 0.7265625 0.2859375 0.17578125
0 0.7609375 0.88046875 0.39609375 0.2390625
0 0.95234375 0.25859375 0.0953125 0.1109375
0 0.88828125 0.21640625 0.10546875 0.109375
0 0.815625 0.0765625 0.12890625 0.1140625
0 0.834375 0.01796875 0.109375 0.03515625
0 0.23515625 0.38125 0.06171875 0.0640625
0 0.284375 0.40390625 0.07890625 0.05390625
0 0.26015625 0.4515625 0.05859375 0.05390625
0 0.184375 0.43515625 0.0578125 0.0640625
0 0.146875 0.4125 0.053125 0.06171875
0 0.19140625 0.48671875 0.05703125 0.046875