0 0.41640625 0.759375 0.22890625 0.284375
0 0.5828125 0.7375 0.21875 0.2625
0 0.66953125 0.75703125 0.11640625 0.10546875
0 0.76796875 0.696875 0.1515625 0.1515625
0 0.72890625 0.86796875 0.11953125 0.1328125
0 0.7765625 0.93984375 0.11875 0.07265625
0 0.76484375 0.98125 0.11875 0.0375
0 0.8125 0.84453125 0.1296875 0.153125
0 0.9359375 0.85234375 0.128125 0.19140625
0 0.93984375 0.70546875 0.1203125 0.1953125
0 0.8 0.24140625 0.11875 0.1953125
0 0.73984375 0.0796875 0.16328125 0.159375
0 0.5640625 0.109375 0.03203125 0.05078125
0 0.37734375 0.146875 0.09453125 0.1171875
0 0.19921875 0.04921875 0.10390625 0.0984375
0 0.0125 0.04296875 0.025 0.0765625
0 0.19765625 0.4546875 0.14609375 0.13671875
0 0.1921875 0.35703125 0.12578125 0.1640625
0 0.1 0.928125 0.2 0.14375