0 0.63671875 0.73046875 0.159375 0.178125
0 0.8078125 0.628125 0.07109375 0.0640625
0 0.940625 0.6390625 0.06875 0.08046875
0 0.946875 0.77265625 0.05859375 0.04765625
0 0.79921875 0.77890625 0.0671875 0.06484375
0 0.80625 0.91796875 0.05703125 0.05234375
0 0.96796875 0.90390625 0.0640625 0.0546875
0 0.375 0.9484375 0.1390625 0.103125
0 0.66796875 0.9734375 0.16640625 0.053125
0 0.62109375 0.471875 0.084375 0.103125
0 0.78515625 0.4515625 0.0890625 0.06953125
0 0.93671875 0.5171875 0.046875 0.04375
0 0.76484375 0.13515625 0.0578125 0.05859375
0 0.62265625 0.06875 0.03828125 0.07890625
0 0.62265625 0.2484375 0.0578125 0.1015625
0 0.03359375 0.1765625 0.04765625 0.06640625