0 0.61015625 0.52890625 0.42421875 0.346875
0 0.6140625 0.84140625 0.0796875 0.08515625
0 0.609375 0.93125 0.09296875 0.0859375
0 0.69453125 0.953125 0.09609375 0.08046875
0 0.765625 0.29765625 0.16640625 0.22890625
0 0.6515625 0.18046875 0.159375 0.1484375
0 0.34140625 0.03515625 0.1015625 0.0703125
0 0.4203125 0.065625 0.0703125 0.07890625
0 0.4578125 0.04296875 0.0859375 0.0859375
0 0.51875 0.03515625 0.078125 0.0703125
0 0.58828125 0.028125 0.08359375 0.05625
0 0.41484375 0.29453125 0.05234375 0.05078125
0 0.32890625 0.26328125 0.06484375 0.0515625
0 0.0921875 0.1625 0.06796875 0.0734375