0 0.3984375 0.5 0.79609375 1
0 0.7703125 0.8171875 0.075 0.0859375
0 0.80859375 0.6828125 0.134375 0.1375
0 0.84609375 0.55625 0.1625 0.12578125
0 0.90703125 0.4 0.13828125 0.15078125
0 0.94609375 0.29140625 0.10703125 0.1328125
0 0.50390625 0.86484375 0.14609375 0.14609375
0 0.47265625 0.96484375 0.12265625 0.06953125
0 0.6 0.71015625 0.12421875 0.15078125
0 0.65234375 0.56484375 0.11015625 0.11015625
0 0.70703125 0.40703125 0.1390625 0.1140625
0 0.98515625 0.090625 0.0296875 0.178125
0 0.51015625 0.5140625 0.24375 0.1828125
0 0.46484375 0.68359375 0.19609375 0.16640625
0 0.41796875 0.8265625 0.14453125 0.146875