0 0.64140625 0.5 0.7171875 1
0 0.30625 0.83515625 0.065625 0.0765625
0 0.27265625 0.715625 0.11875 0.121875
0 0.23984375 0.60390625 0.14375 0.1109375
0 0.1859375 0.46640625 0.121875 0.13359375
0 0.13515625 0.37109375 0.1265625 0.1171875
0 0.54140625 0.8765625 0.12890625 0.12890625
0 0.56875 0.9671875 0.10859375 0.065625
0 0.45625 0.740625 0.11015625 0.13359375
0 0.41015625 0.61171875 0.096875 0.096875
0 0.3625 0.47265625 0.1234375 0.10078125
0 0.06484375 0.19375 0.1296875 0.15625
0 0.5359375 0.5671875 0.215625 0.1609375
0 0.57578125 0.7171875 0.1734375 0.146875
0 0.6171875 0.84296875 0.12734375 0.1296875