0 0.86484375 0.446875 0.12578125 0.115625
0 0.7671875 0.571875 0.16796875 0.17109375
0 0.9078125 0.54609375 0.11484375 0.10390625
0 0.69921875 0.08203125 0.05390625 0.05546875
0 0.65546875 0.05 0.06328125 0.05625
0 0.61640625 0.025 0.0734375 0.04921875
0 0.421875 0.01640625 0.115625 0.03203125
0 0.06171875 0.06796875 0.12265625 0.13515625
0 0.10625 0.2390625 0.06640625 0.05703125
0 0.4828125 0.54765625 0.2484375 0.165625
0 0.02734375 0.5703125 0.05390625 0.15
0 0.12734375 0.69921875 0.07265625 0.06328125
0 0.19375 0.78671875 0.1375 0.1203125
0 0.29921875 0.8609375 0.0578125 0.05625
0 0.77578125 0.884375 0.11171875 0.11484375
0 0.83828125 0.9421875 0.1203125 0.115625
0 0.95546875 0.7234375 0.08828125 0.1109375
0 0.9609375 0.596875 0.078125 0.1609375
0 0.89921875 0.6609375 0.13046875 0.13046875