0 0.090625 0.81015625 0.14765625 0.15625
0 0.084375 0.66328125 0.16875 0.1359375
0 0.0671875 0.52578125 0.13359375 0.15078125
0 0.06484375 0.34453125 0.12890625 0.23828125
0 0.30390625 0.41171875 0.115625 0.11640625
0 0.02421875 0.14609375 0.0484375 0.1578125
0 0.26171875 0.11328125 0.30546875 0.2265625
0 0.52890625 0.084375 0.284375 0.16796875
0 0.4375 0.1203125 0.078125 0.07109375
0 0.7203125 0.02890625 0.12109375 0.0578125
0 0.7 0.07734375 0.0671875 0.0625
0 0.84609375 0.03359375 0.14375 0.0671875
0 0.93984375 0.0625 0.1203125 0.125
0 0.74140625 0.1984375 0.06953125 0.065625
0 0.91796875 0.1484375 0.16328125 0.2296875
0 0.8421875 0.69140625 0.15 0.16328125
0 0.57421875 0.665625 0.153125 0.15703125
0 0.73125 0.74375 0.16484375 0.1578125
0 0.73671875 0.88515625 0.22421875 0.196875
0 0.92109375 0.890625 0.14765625 0.17421875
0 0.50234375 0.8390625 0.25390625 0.23671875
0 0.96796875 0.34921875 0.06328125 0.1765625
0 0.9578125 0.50625 0.084375 0.12890625
0 0.953125 0.6546875 0.09375 0.19453125
0 0.2921875 0.8765625 0.09140625 0.09921875