0 0.096875 0.6171875 0.19375 0.2890625
0 0.159375 0.40546875 0.05 0.0453125
0 0.021875 0.39609375 0.04296875 0.0484375
0 0.06171875 0.39140625 0.021875 0.0140625
0 0.1703125 0.553125 0.15546875 0.12578125
0 0.1484375 0.47578125 0.0796875 0.0890625
0 0.025 0.46640625 0.05 0.1015625
0 0.425 0.9328125 0.08125 0.07890625
0 0.50078125 0.959375 0.084375 0.08125
0 0.5578125 0.965625 0.06328125 0.06875
0 0.5265625 0.86640625 0.096875 0.0890625
0 0.640625 0.92109375 0.09453125 0.096875
0 0.71875 0.8625 0.09375 0.09765625
0 0.71796875 0.9328125 0.05390625 0.05859375
0 0.68203125 0.984375 0.0859375 0.03125
0 0.60703125 0.98125 0.06953125 0.0375
0 0.5671875 0.75 0.0703125 0.08515625
0 0.48359375 0.5953125 0.12109375 0.14375
0 0.546875 0.515625 0.075 0.08125
0 0.596875 0.465625 0.05078125 0.05
0 0.46796875 0.44296875 0.0921875 0.08515625
0 0.496875 0.365625 0.13359375 0.10546875
0 0.621875 0.4109375 0.03046875 0.028125
0 0.5796875 0.30546875 0.19609375 0.18046875
0 0.45625 0.26171875 0.08671875 0.10078125
0 0.69921875 0.24453125 0.0421875 0.040625
0 0.66328125 0.4640625 0.0546875 0.04765625
0 0.73125 0.459375 0.0734375 0.05859375
0 0.76875 0.42734375 0.0578125 0.0421875
0 0.71171875 0.36484375 0.03125 0.028125
0 0.6453125 0.51953125 0.059375 0.05078125
0 0.69921875 0.509375 0.0734375 0.0578125
0 0.76875 0.51640625 0.0578125 0.05546875
0 0.71796875 0.57109375 0.0484375 0.0453125
0 0.74140625 0.553125 0.03984375 0.021875
0 0.73203125 0.62734375 0.06875 0.06328125
0 0.6890625 0.6109375 0.0609375 0.0421875
0 0.646875 0.628125 0.06171875 0.06875
0 0.8828125 0.4734375 0.1 0.0921875
0 0.95390625 0.4734375 0.08984375 0.09375
0 0.965625 0.4046875 0.06875 0.09453125
0 0.8453125 0.35625 0.1375 0.13203125
0 0.82890625 0.14453125 0.0796875 0.1015625
0 0.678125 0.1453125 0.078125 0.0875
0 0.44453125 0.11875 0.121875 0.11015625
0 0.87265625 0.04140625 0.08671875 0.0828125
0 0.1515625 0.05390625 0.08515625 0.09296875
0 0.1078125 0.021875 0.08984375 0.04296875
0 0.75546875 0.73125 0.1625 0.14921875
0 0.6375 0.71328125 0.0953125 0.1140625
0 0.675 0.7984375 0.08984375 0.05390625
0 0.784375 0.628125 0.06953125 0.0609375
0 0.8609375 0.85546875 0.19140625 0.16484375
0 0.94765625 0.903125 0.1046875 0.15625