0 0.65546875 0.43359375 0.14453125 0.1375
0 0.58515625 0.30390625 0.159375 0.16796875
0 0.6296875 0.18125 0.10625 0.09296875
0 0.85078125 0.2421875 0.14140625 0.128125
0 0.75078125 0.2390625 0.08359375 0.090625
0 0.9734375 0.1796875 0.053125 0.09609375
0 0.890625 0.178125 0.14765625 0.13515625
0 0.80390625 0.0203125 0.0671875 0.040625
0 0.71640625 0.0171875 0.0984375 0.034375
0 0.62734375 0.040625 0.10703125 0.08125
0 0.61015625 0.09140625 0.07890625 0.06796875
0 0.98984375 0.57578125 0.0203125 0.1171875
0 0.95234375 0.51484375 0.09453125 0.1375
0 0.89453125 0.62578125 0.08515625 0.08828125
0 0.94296875 0.65 0.11328125 0.11015625
0 0.97109375 0.7359375 0.0578125 0.06796875
0 0.884375 0.79296875 0.11328125 0.1265625
0 0.78515625 0.88515625 0.09296875 0.07421875
0 0.71328125 0.9125 0.11015625 0.11328125
0 0.61640625 0.89765625 0.0765625 0.0734375
0 0.61015625 0.96953125 0.1078125 0.0609375
0 0.5390625 0.9796875 0.0765625 0.040625
0 0.325 0.84453125 0.1671875 0.13828125
0 0.27890625 0.675 0.19921875 0.20078125
0 0.24140625 0.54765625 0.1359375 0.1421875
0 0.01875 0.60546875 0.0375 0.0453125
0 0.46484375 0.48828125 0.13515625 0.13515625
0 0.38203125 0.5359375 0.1390625 0.1484375
0 0.31640625 0.43984375 0.08828125 0.1078125
0 0.36875 0.421875 0.090625 0.065625
0 0.06015625 0.19921875 0.11953125 0.13046875
0 0.1640625 0.08046875 0.1671875 0.13203125
0 0.2125 0.03203125 0.16015625 0.0640625
0 0.9625 0.9765625 0.075 0.046875
0 0.990625 0.83984375 0.01875 0.1171875