0 0.19921875 0.40390625 0.1140625 0.1078125
0 0.0765625 0.25859375 0.10234375 0.09453125
0 0.03203125 0.56640625 0.0640625 0.11796875
0 0.07265625 0.7 0.1453125 0.1421875
0 0.46328125 0.8015625 0.14453125 0.1234375
0 0.29375 0.86796875 0.09453125 0.1265625
0 0.246875 0.70546875 0.13203125 0.1453125
0 0.2203125 0.628125 0.11015625 0.0921875
0 0.63671875 0.05625 0.1109375 0.1125
0 0.809375 0.28828125 0.184375 0.2046875
0 0.91015625 0.36953125 0.17890625 0.17890625
0 0.90234375 0.53515625 0.1953125 0.1828125