0 0.62578125 0.48515625 0.07890625 0.090625
0 0.56640625 0.415625 0.075 0.06640625
0 0.46796875 0.2890625 0.07578125 0.09765625
0 0.35078125 0.146875 0.0640625 0.07265625
0 0.0734375 0.0328125 0.0890625 0.065625
0 0.11953125 0.096875 0.071875 0.0765625
0 0.1609375 0.15 0.109375 0.10390625
0 0.27734375 0.2984375 0.0734375 0.103125
0 0.3265625 0.35546875 0.09296875 0.1078125
0 0.41875 0.4828125 0.0625 0.0765625
0 0.50234375 0.57421875 0.10390625 0.09609375
0 0.56328125 0.6515625 0.08515625 0.07578125
0 0.6484375 0.759375 0.0765625 0.07421875
0 0.70859375 0.84453125 0.0828125 0.084375
0 0.778125 0.92890625 0.07578125 0.07578125