0 0.48203125 0.50234375 0.19921875 0.2203125
0 0.50390625 0.62265625 0.2046875 0.18359375
0 0.90234375 0.01796875 0.0546875 0.0359375
0 0.88828125 0.1390625 0.0625 0.0515625
0 0.8921875 0.29375 0.046875 0.0453125
0 0.89765625 0.3703125 0.0578125 0.059375
0 0.89765625 0.46484375 0.05703125 0.05390625
0 0.903125 0.5265625 0.05703125 0.06171875
0 0.9046875 0.57578125 0.059375 0.0484375
0 0.9171875 0.62109375 0.04609375 0.03671875
0 0.91171875 0.68203125 0.040625 0.0390625
0 0.9125 0.728125 0.04921875 0.03515625
0 0.978125 0.85234375 0.04375 0.0609375
0 0.959375 0.77578125 0.0578125 0.04140625
0 0.778125 0.94296875 0.07734375 0.08125
0 0.81796875 0.846875 0.13984375 0.08125
0 0.89296875 0.41640625 0.059375 0.06796875