0 0.54375 0.23046875 0.9125 0.4609375
0 0.6203125 0.54375 0.23359375 0.17421875
0 0.4578125 0.6 0.153125 0.19140625
0 0.79453125 0.42109375 0.1953125 0.11796875
0 0.88671875 0.5859375 0.18828125 0.2203125
0 0.909375 0.79453125 0.18125 0.203125
0 0.16875 0.32578125 0.18359375 0.178125
0 0.27578125 0.3765625 0.15 0.11796875
0 0.209375 0.20234375 0.2203125 0.14140625
0 0.32109375 0.290625 0.15 0.11796875
0 0.453125 0.2546875 0.12265625 0.1140625
0 0.375 0.18828125 0.109375 0.1265625
0 0.46171875 0.059375 0.134375 0.11875
0 0.66484375 0.1609375 0.115625 0.1328125
0 0.81953125 0.28125 0.17890625 0.175
0 0.9515625 0.28203125 0.09609375 0.2140625