0 0.2046875 0.15 0.153125 0.153125
0 0.1109375 0.33046875 0.121875 0.1453125
0 0.27578125 0.4109375 0.0984375 0.109375
0 0.0625 0.08984375 0.125 0.1796875
0 0.86953125 0.05859375 0.2546875 0.1171875
0 0.60078125 0.1078125 0.1453125 0.184375
0 0.71015625 0.1546875 0.1140625 0.1375
0 0.4625 0.0609375 0.10625 0.121875
0 0.3765625 0.25390625 0.090625 0.1171875
0 0.49296875 0.290625 0.0859375 0.1375
0 0.621875 0.3734375 0.109375 0.16875
0 0.734375 0.39296875 0.125 0.1453125
0 0.9546875 0.30625 0.090625 0.16875
0 0.825 0.2203125 0.109375 0.153125
0 0.90078125 0.43828125 0.1296875 0.0859375
0 0.41171875 0.43984375 0.1359375 0.0671875
0 0.03125 0.44453125 0.0625 0.0515625