0 0.146875 0.07421875 0.1375 0.1484375
0 0.0234375 0.3484375 0.046875 0.109375
0 0.34375 0.77421875 0.15625 0.1796875
0 0.2640625 0.915625 0.184375 0.16875
0 0.4421875 0.96484375 0.1875 0.0703125
0 0.546875 0.84453125 0.15625 0.1640625
0 0.71171875 0.9234375 0.1484375 0.153125
0 0.0875 0.84140625 0.175 0.1765625
0 0.17890625 0.68671875 0.0671875 0.0984375
0 0.246875 0.58984375 0.15625 0.2109375
0 0.03515625 0.96484375 0.0703125 0.0703125
0 0.90625 0.69453125 0.140625 0.1609375
0 0.91484375 0.98828125 0.1015625 0.0234375
0 0.97734375 0.85 0.0390625 0.10625
0 0.8203125 0.8015625 0.125 0.125
0 0.6328125 0.709375 0.1875 0.215625
0 0.4296875 0.63203125 0.15625 0.1453125
0 0.33984375 0.26015625 0.0859375 0.0828125