0 0.90078125 0.0625 0.15 0.12421875
0 0.6859375 0.8078125 0.1703125 0.19609375
0 0.77265625 0.93515625 0.2015625 0.1296875
0 0.578125 0.9890625 0.2046875 0.021875
0 0.4640625 0.88515625 0.1703125 0.17890625
0 0.284375 0.94375 0.1625 0.1125
0 0.93515625 0.88125 0.1296875 0.19296875
0 0.86640625 0.7125 0.0734375 0.1078125
0 0.7921875 0.60703125 0.1703125 0.23046875
0 0.07421875 0.72109375 0.1484375 0.17578125
0 0.0078125 0.890625 0.015625 0.11640625
0 0.165625 0.8375 0.13671875 0.13671875
0 0.3703125 0.7375 0.2046875 0.23515625
0 0.5921875 0.65234375 0.1703125 0.15859375
0 0.690625 0.246875 0.09375 0.090625