0 0.03125 0.125 0.0625 0.1875
0 0.96875 0.15 0.0625 0.1375
0 0.23828125 0.4765625 0.1484375 0.171875
0 0.0609375 0.875 0.121875 0.15625
0 0.165625 0.19140625 0.16875 0.2109375
0 0.4265625 0.1078125 0.1875 0.215625
0 0.33203125 0.27421875 0.1796875 0.1953125
0 0.26796875 0.06640625 0.1921875 0.1328125
0 0.040625 0.59921875 0.08125 0.1984375
0 0.134375 0.6703125 0.153125 0.2
0 0.296875 0.76171875 0.1875 0.2109375
0 0.47890625 0.875 0.1765625 0.21875
0 0.2078125 0.92578125 0.171875 0.1484375
0 0.38125 0.96875 0.16875 0.0625
0 0.51015625 0.365625 0.1609375 0.2
0 0.94296875 0.80390625 0.1140625 0.2109375
0 0.925 0.93515625 0.140625 0.1296875
0 0.86015625 0.5078125 0.1484375 0.171875
0 0.03125 0.978125 0.0625 0.04375
0 0.6546875 0.9296875 0.16875 0.140625
0 0.7328125 0.728125 0.2 0.246875
0 0.92578125 0.33046875 0.1484375 0.1921875
0 0.8484375 0.09375 0.15625 0.1875
0 0.68203125 0.0453125 0.1765625 0.090625
0 0.0828125 0.39765625 0.15625 0.2078125
0 0.6890625 0.4296875 0.153125 0.234375
0 0.7734375 0.27734375 0.171875 0.2265625
0 0.42265625 0.54765625 0.1640625 0.1953125
0 0.58984375 0.61328125 0.1796875 0.2109375