0 0.46015625 0.0484375 0.2109375 0.096875
0 0.35546875 0.16484375 0.1796875 0.2109375
0 0.546875 0.25859375 0.15625 0.1953125
0 0.25390625 0.33828125 0.1796875 0.1921875
0 0.64453125 0.1015625 0.1796875 0.203125
0 0.92734375 0.65703125 0.1453125 0.1921875
0 0.03125 0.875 0.0625 0.1875
0 0.96875 0.8828125 0.0625 0.234375
0 0.0328125 0.4375 0.065625 0.1875
0 0.08203125 0.25390625 0.1640625 0.2109375
0 0.36015625 0.6015625 0.2109375 0.25
0 0.515625 0.68828125 0.078125 0.0703125
0 0.15625 0.51171875 0.1875 0.1796875
0 0.165625 0.91796875 0.16875 0.1640625
0 0.4265625 0.85625 0.1875 0.21875
0 0.33203125 0.9625 0.1796875 0.075
0 0.26796875 0.78046875 0.1921875 0.2078125
0 0.9625 0.50234375 0.075 0.1609375
0 0.44140625 0.43203125 0.1796875 0.2078125
0 0.62734375 0.5078125 0.1765625 0.234375
0 0.8484375 0.83203125 0.15625 0.2109375
0 0.68203125 0.746875 0.1765625 0.1875
0 0.75546875 0.95078125 0.1828125 0.0984375
0 0.08515625 0.68046875 0.1609375 0.1953125
0 0.17109375 0.0828125 0.1765625 0.15625
0 0.9 0.09375 0.2 0.1875
0 0.85859375 0.3375 0.2078125 0.2625
0 0.68125 0.340625 0.10625 0.125
0 0.77578125 0.58984375 0.0828125 0.1015625