0 0.8453125 0.0796875 0.153125 0.159375
0 0.978125 0.38203125 0.04375 0.121875
0 0.6265625 0.8546875 0.1734375 0.2
0 0.715625 0.959375 0.2046875 0.08125
0 0.40078125 0.92109375 0.1734375 0.1578125
0 0.21796875 0.96796875 0.16484375 0.0640625
0 0.90703125 0.915625 0.1859375 0.16875
0 0.81015625 0.7578125 0.075 0.109375
0 0.734375 0.65 0.1734375 0.234375
0 0.03984375 0.76640625 0.0796875 0.17890625
0 0.096875 0.88515625 0.1390625 0.1390625
0 0.30546875 0.7828125 0.20859375 0.23984375
0 0.53125 0.696875 0.1734375 0.16171875
0 0.63125 0.28359375 0.0953125 0.0921875