0 0.47421875 0.0421875 0.17265625 0.08359375
0 0.78515625 0.09453125 0.1734375 0.1890625
0 0.67265625 0.3703125 0.2015625 0.19296875
0 0.2734375 0.09609375 0.18125 0.1921875
0 0.9703125 0.66796875 0.05859375 0.23515625
0 0.58671875 0.67890625 0.1390625 0.1390625
0 0.86796875 0.74921875 0.15625 0.17265625
0 0.03671875 0.46953125 0.0734375 0.184375
0 0.93125 0.9296875 0.1375 0.140625
0 0.7609375 0.97109375 0.19609375 0.05703125
0 0.19453125 0.89765625 0.15078125 0.16796875
0 0.92890625 0.04453125 0.1421875 0.0890625
0 0.97890625 0.1765625 0.0421875 0.2015625
0 0.87265625 0.27578125 0.19765625 0.23984375
0 0.784375 0.56328125 0.20625 0.24296875
0 0.93359375 0.45390625 0.1328125 0.21328125
0 0.08125 0.16328125 0.1625 0.2265625
0 0.03046875 0.0140625 0.0578125 0.028125
0 0.47265625 0.46953125 0.159375 0.2015625
0 0.27421875 0.57734375 0.2265625 0.26484375
0 0.10546875 0.678125 0.1640625 0.21484375
0 0.01640625 0.77578125 0.0328125 0.2265625
0 0.3859375 0.78671875 0.21484375 0.23125
0 0.47734375 0.91484375 0.2171875 0.1703125
0 0.68203125 0.840625 0.159375 0.21484375
0 0.0609375 0.93515625 0.121875 0.1265625
0 0.2625 0.9671875 0.1765625 0.065625
0 0.575 0.1765625 0.17265625 0.184375
0 0.36484375 0.26484375 0.20625 0.21796875
0 0.15625 0.36328125 0.19765625 0.23984375