0 0.35078125 0.0140625 0.1765625 0.028125
0 0.54140625 0.05859375 0.1609375 0.1171875
0 0.25234375 0.11796875 0.1609375 0.1953125
0 0.35625 0.38359375 0.1875 0.1796875
0 0.728125 0.125 0.16875 0.1875
0 0.053125 0.6609375 0.10625 0.21875
0 0.43671875 0.67109375 0.1296875 0.1296875
0 0.17421875 0.73671875 0.1453125 0.1609375
0 0.95703125 0.4765625 0.0859375 0.171875
0 0.09765625 0.91953125 0.1640625 0.1609375
0 0.27421875 0.95859375 0.1828125 0.0828125
0 0.8015625 0.875 0.140625 0.15625
0 0.10390625 0.0609375 0.1609375 0.121875
0 0.0453125 0.203125 0.090625 0.1875
0 0.1703125 0.29609375 0.184375 0.2234375
0 0.25234375 0.56328125 0.1921875 0.2265625
0 0.0875 0.46171875 0.175 0.1984375
0 0.915625 0.19140625 0.16875 0.2109375
0 0.96171875 0.0328125 0.0671875 0.065625
0 0.54296875 0.4765625 0.1484375 0.1875
0 0.72734375 0.5765625 0.2109375 0.246875
0 0.884375 0.6703125 0.153125 0.2
0 0.9765625 0.76171875 0.046875 0.2109375
0 0.6234375 0.771875 0.2 0.215625
0 0.5390625 0.90625 0.203125 0.1875
0 0.34765625 0.821875 0.1484375 0.2
0 0.93515625 0.92578125 0.1296875 0.1484375
0 0.73828125 0.9546875 0.1640625 0.090625
0 0.44765625 0.203125 0.1609375 0.171875
0 0.64296875 0.2859375 0.1921875 0.203125
0 0.8375 0.37734375 0.184375 0.2234375