0 0.27265625 0.1546875 0.146875 0.153125
0 0.18828125 0.33125 0.1421875 0.1625
0 0.1 0.4984375 0.13125 0.14375
0 0.2984375 0.58046875 0.14375 0.1515625
0 0.37265625 0.42109375 0.1515625 0.1609375
0 0.43828125 0.23671875 0.1515625 0.1515625
0 0.5140625 0.07265625 0.1234375 0.1359375
0 0.34921875 0.0359375 0.1515625 0.071875
0 0.0921875 0.078125 0.153125 0.15625
0 0.046875 0.2609375 0.084375 0.2
0 0.0390625 0.72578125 0.078125 0.2234375
0 0.2140625 0.7875 0.13125 0.153125
0 0.16796875 0.9375 0.1328125 0.125
0 0.6078125 0.31484375 0.121875 0.1296875
0 0.5453125 0.5109375 0.1125 0.1375
0 0.490625 0.665625 0.121875 0.128125
0 0.41796875 0.89609375 0.109375 0.1046875
0 0.6703125 0.1515625 0.1125 0.121875
0 0.69921875 0.0234375 0.0859375 0.046875
0 0.58125 0.921875 0.075 0.06875
0 0.58359375 0.82578125 0.0578125 0.0546875
0 0.03671875 0.88984375 0.0734375 0.1234375