0 0.9265625 0.0171875 0.146875 0.034375
0 0.64609375 0.06640625 0.171875 0.13203125
0 0.56328125 0.2359375 0.16796875 0.2203125
0 0.85078125 0.1625 0.171875 0.20390625
0 0.96953125 0.25234375 0.06015625 0.22421875
0 0.8421875 0.61875 0.18828125 0.184375
0 0.19765625 0.95 0.146875 0.1
0 0.940625 0.90625 0.11875 0.159375
0 0.47734375 0.0234375 0.1515625 0.046875
0 0.38984375 0.14609375 0.15546875 0.171875
0 0.28984375 0.32890625 0.1359375 0.18828125
0 0.10546875 0.696875 0.1359375 0.15546875
0 0.0328125 0.896875 0.065625 0.13046875
0 0.39609375 0.61484375 0.184375 0.2203125
0 0.29296875 0.80546875 0.16796875 0.19296875
0 0.48359375 0.88984375 0.1796875 0.2203125
0 0.66875 0.9484375 0.16796875 0.103125
0 0.02265625 0.07578125 0.0453125 0.0984375
0 0.75078125 0.32109375 0.184375 0.2203125
0 0.925 0.4390625 0.15 0.184375
0 0.65078125 0.51484375 0.15546875 0.19296875
0 0.47890625 0.44453125 0.1796875 0.19609375
0 0.57578125 0.709375 0.20078125 0.22890625
0 0.77421875 0.80859375 0.209375 0.2578125
0 0.1921875 0.5015625 0.109375 0.1078125