0 0.9703125 0.12421875 0.059375 0.1890625
0 0.0296875 0.14921875 0.059375 0.13828125
0 0.76328125 0.478125 0.14921875 0.17265625
0 0.940625 0.878125 0.11875 0.15625
0 0.83671875 0.19140625 0.16953125 0.2125
0 0.57421875 0.1078125 0.1890625 0.215625
0 0.66875 0.27421875 0.18046875 0.196875
0 0.73359375 0.06640625 0.19375 0.13203125
0 0.9609375 0.6015625 0.078125 0.2
0 0.86796875 0.67265625 0.15390625 0.2015625
0 0.7046875 0.76484375 0.1890625 0.2125
0 0.52109375 0.87890625 0.17734375 0.2203125
0 0.79375 0.92734375 0.17265625 0.14453125
0 0.61953125 0.97109375 0.16953125 0.0578125
0 0.48984375 0.36640625 0.16171875 0.2015625
0 0.05625 0.80625 0.1125 0.2125
0 0.07265625 0.93671875 0.14140625 0.12578125
0 0.1375 0.509375 0.14921875 0.17265625
0 0.9703125 0.98046875 0.059375 0.0390625
0 0.34453125 0.93125 0.16953125 0.13671875
0 0.265625 0.73125 0.2015625 0.2484375
0 0.0734375 0.33125 0.14609375 0.19375
0 0.14921875 0.09375 0.15703125 0.18671875
0 0.31796875 0.04453125 0.1765625 0.0890625
0 0.91953125 0.3984375 0.15703125 0.209375
0 0.309375 0.43046875 0.15390625 0.2359375
0 0.225 0.27734375 0.17265625 0.228125
0 0.578125 0.54921875 0.16484375 0.196875
0 0.409375 0.615625 0.18046875 0.2125