0 0.2234375 0.228125 0.140625 0.16875
0 0.415625 0.32109375 0.184375 0.2109375
0 0.134375 0.3890625 0.153125 0.153125
0 0.6015625 0.3890625 0.15625 0.153125
0 0.9390625 0.15 0.121875 0.153125
0 0.8609375 0.33046875 0.121875 0.1453125
0 0.98828125 0.4109375 0.0234375 0.109375
0 0.13515625 0.01171875 0.1296875 0.0234375
0 0.0484375 0.140625 0.096875 0.125
0 0.31328125 0.071875 0.1609375 0.14375
0 0.496875 0.1375 0.171875 0.21875
0 0.67421875 0.24609375 0.1609375 0.2109375
0 0.58515625 0.03515625 0.1921875 0.0703125
0 0.775 0.08984375 0.2 0.1796875
0 0.32109375 0.434375 0.1171875 0.0625
0 0.7609375 0.4453125 0.096875 0.046875