0 0.85546875 0.2734375 0.17109375 0.20546875
0 0.621875 0.38671875 0.22421875 0.25703125
0 0.93515625 0.46953125 0.12890625 0.1859375
0 0.3953125 0.46953125 0.18984375 0.1859375
0 0.0296875 0.17890625 0.05859375 0.1859375
0 0.0796875 0.3984375 0.1484375 0.1765625
0 0.9421875 0.0125 0.115625 0.025
0 0.74609375 0.0859375 0.19609375 0.17109375
0 0.52265625 0.16328125 0.209375 0.26640625
0 0.30703125 0.2953125 0.19609375 0.25703125
0 0.41640625 0.040625 0.2328125 0.08125
0 0.18515625 0.10703125 0.2421875 0.2140625
0 0.73671875 0.525 0.14296875 0.07578125
0 0.2015625 0.53828125 0.11796875 0.05703125