0 0.0546875 0.12109375 0.10859375 0.159375
0 0.55546875 0.7671875 0.1359375 0.18046875
0 0.8859375 0.75078125 0.1484375 0.17265625
0 0.9484375 0.62265625 0.103125 0.1171875
0 0.2875 0.05703125 0.19140625 0.11328125
0 0.4734375 0.12109375 0.18046875 0.2234375
0 0.196875 0.19765625 0.17578125 0.2
0 0.3734375 0.2890625 0.17265625 0.2078125
0 0.05625 0.546875 0.11171875 0.2125
0 0.39609375 0.71171875 0.17578125 0.2125
0 0.68515625 0.65703125 0.23671875 0.215625
0 0.7671875 0.51953125 0.18359375 0.18828125
0 0.94453125 0.078125 0.11015625 0.15625
0 0.89140625 0.27421875 0.2171875 0.31171875
0 0.02421875 0.3015625 0.04765625 0.17578125
0 0.1140625 0.3453125 0.11640625 0.159375
0 0.478125 0.54453125 0.16484375 0.2078125
0 0.56953125 0.3953125 0.228125 0.2765625
0 0.653125 0.21328125 0.17265625 0.215625
0 0.72890625 0.059375 0.228125 0.11796875
0 0.2078125 0.63515625 0.17578125 0.228125
0 0.28828125 0.43984375 0.18359375 0.24453125
0 0.03046875 0.75234375 0.0609375 0.128125
0 0.13828125 0.81640625 0.1328125 0.159375
0 0.30234375 0.87265625 0.16484375 0.16796875
0 0.465625 0.94375 0.11640625 0.11171875
0 0.59609375 0.96796875 0.09609375 0.0640625
0 0.74453125 0.96796875 0.15625 0.0640625
0 0.80546875 0.8765625 0.10859375 0.0875
0 0.6890625 0.83203125 0.10078125 0.11171875
0 0.0546875 0.9625 0.10859375 0.075
0 0.21484375 0.9796875 0.10078125 0.03984375
0 0.9015625 0.98125 0.11015625 0.03671875