0 0.7109375 0.121875 0.22578125 0.24296875
0 0.4921875 0.23203125 0.2296875 0.24921875
0 0.31640625 0.05390625 0.2875 0.10703125
0 0.16171875 0.11875 0.18203125 0.22578125
0 0.259375 0.3546875 0.2359375 0.22578125
0 0.92109375 0.55 0.15703125 0.2453125
0 0.365625 0.55390625 0.20703125 0.2296875
0 0.46875 0.78515625 0.25859375 0.28359375
0 0.59921875 0.93828125 0.2203125 0.1234375
0 0.24453125 0.89140625 0.2203125 0.21640625
0 0.83046875 0.33984375 0.21640625 0.2546875
0 0.91015625 0.05390625 0.1796875 0.10703125
0 0.97421875 0.2296875 0.0515625 0.2453125
0 0.02578125 0.490625 0.0515625 0.11484375
0 0.59375 0.45 0.2109375 0.22578125
0 0.70859375 0.646875 0.2296875 0.2359375
0 0.82265625 0.87890625 0.2265625 0.2421875
0 0.13046875 0.6890625 0.0765625 0.08203125