0 0.83203125 0.64609375 0.13515625 0.14609375
0 0.903125 0.83671875 0.14921875 0.15703125
0 0.71328125 0.925 0.13671875 0.14921875
0 0.559375 0.9546875 0.146875 0.090625
0 0.47890625 0.82109375 0.11796875 0.12890625
0 0.65703125 0.73046875 0.14453125 0.15234375
0 0.603125 0.58359375 0.12109375 0.11640625
0 0.76484375 0.5 0.13359375 0.12265625
0 0.284375 0.740625 0.11328125 0.13203125
0 0.33828125 0.89609375 0.10703125 0.09765625
0 0.3625 0.1109375 0.09921875 0.09296875
0 0.98203125 0.59296875 0.0296875 0.07890625
0 0.30390625 0.31484375 0.12578125 0.10703125
0 0.4734375 0.38515625 0.2328125 0.2203125
0 0.2109375 0.4640625 0.13515625 0.13828125
0 0.38046875 0.03203125 0.0921875 0.0640625
0 0.934375 0.95625 0.13125 0.0875
0 0.88359375 0.1671875 0.10703125 0.10546875
0 0.61640625 0.034375 0.1015625 0.06875
0 0.52578125 0.0421875 0.0953125 0.084375
0 0.25546875 0.13203125 0.11796875 0.11015625
0 0.296875 0.21640625 0.16953125 0.10859375
0 0.86953125 0.034375 0.0953125 0.06875
0 0.890625 0.38515625 0.17734375 0.2109375
0 0.08984375 0.21640625 0.17890625 0.43203125
0 0.11171875 0.5609375 0.2234375 0.2515625
0 0.13515625 0.8421875 0.2703125 0.315625
0 0.72734375 0.06796875 0.12109375 0.12265625
0 0.60625 0.16328125 0.215625 0.2109375
0 0.715625 0.30078125 0.2140625 0.271875
0 0.875 0.2453125 0.25 0.11953125