0 0.9609375 0.3296875 0.078125 0.178125
0 0.35078125 0.68046875 0.1765625 0.1953125
0 0.54140625 0.7671875 0.1609375 0.2
0 0.25234375 0.86796875 0.1609375 0.1953125
0 0.728125 0.875 0.16875 0.1875
0 0.44609375 0.928125 0.1796875 0.1375
0 0.9140625 0.0859375 0.171875 0.171875
0 0.46015625 0.07421875 0.1453125 0.1484375
0 0.371875 0.24609375 0.15625 0.1953125
0 0.640625 0.6015625 0.171875 0.203125
0 0.73515625 0.43125 0.1578125 0.175
0 0.10390625 0.77578125 0.1609375 0.1921875
0 0.0453125 0.9296875 0.090625 0.140625
0 0.14765625 0.96640625 0.1390625 0.0671875
0 0.55625 0.33203125 0.2 0.2109375
0 0.63515625 0.15 0.2078125 0.2
0 0.8265625 0.24921875 0.184375 0.2109375
0 0.915625 0.91796875 0.16875 0.1640625
0 0.9609375 0.759375 0.078125 0.1640625
0 0.17890625 0.59296875 0.1765625 0.1765625
0 0.26640625 0.4140625 0.1328125 0.171875
0 0.44453125 0.5 0.1453125 0.1875
0 0.91875 0.5375 0.15625 0.215625
0 0.83203125 0.6890625 0.1640625 0.2
0 0.75 0.03515625 0.1875 0.0703125
0 0.62890625 0.96171875 0.1515625 0.0765625