0 0.83125 0.64375 0.134375 0.1453125
0 0.90234375 0.8328125 0.1484375 0.15625
0 0.71328125 0.9234375 0.1359375 0.153125
0 0.56015625 0.953125 0.1453125 0.09375
0 0.48046875 0.8171875 0.1171875 0.128125
0 0.6578125 0.72734375 0.14375 0.1515625
0 0.60390625 0.58125 0.1203125 0.115625
0 0.76484375 0.4984375 0.1328125 0.121875
0 0.2875 0.7375 0.1125 0.13125
0 0.340625 0.8921875 0.10625 0.096875
0 0.36484375 0.11171875 0.0984375 0.0921875
0 0.98046875 0.590625 0.0296875 0.078125
0 0.30703125 0.3140625 0.125 0.10625
0 0.475 0.384375 0.23125 0.21875
0 0.2140625 0.4625 0.134375 0.1375
0 0.38203125 0.0328125 0.0921875 0.065625
0 0.93359375 0.9546875 0.1328125 0.090625
0 0.8828125 0.16796875 0.10625 0.1046875
0 0.61640625 0.03515625 0.1015625 0.0703125
0 0.5265625 0.04296875 0.09375 0.0859375
0 0.25859375 0.1328125 0.1171875 0.109375
0 0.3 0.21640625 0.16875 0.1078125
0 0.86796875 0.03515625 0.0953125 0.0703125
0 0.88984375 0.384375 0.1765625 0.209375
0 0.09140625 0.215625 0.1828125 0.43125
0 0.11328125 0.559375 0.2265625 0.25
0 0.13671875 0.84140625 0.2734375 0.3171875
0 0.72734375 0.06875 0.1203125 0.121875
0 0.60703125 0.1640625 0.2140625 0.209375
0 0.715625 0.30078125 0.2125 0.2703125
0 0.875 0.2453125 0.25 0.11875