0 0.9796875 0.57734375 0.03984375 0.1015625
0 0.89921875 0.67265625 0.1015625 0.1109375
0 0.9796875 0.765625 0.03984375 0.1015625
0 0.92265625 0.48203125 0.1015625 0.1015625
0 0.825 0.3890625 0.0859375 0.0765625
0 0.72890625 0.2921875 0.10546875 0.12421875
0 0.6484375 0.215625 0.0671875 0.0859375
0 0.5640625 0.10546875 0.1015625 0.09609375
0 0.4796875 0.04140625 0.10546875 0.08203125
0 0.3953125 0.1109375 0.1203125 0.09609375
0 0.4734375 0.1875 0.1109375 0.09609375
0 0.55859375 0.2890625 0.1015625 0.0921875
0 0.6515625 0.36484375 0.0921875 0.0859375
0 0.74453125 0.4625 0.0859375 0.1015625
0 0.8171875 0.5609375 0.1015625 0.11484375
0 0.74609375 0.63984375 0.1015625 0.1109375
0 0.65703125 0.5578125 0.0765625 0.0921875
0 0.8421875 0.7546875 0.08203125 0.0921875
0 0.66171875 0.93125 0.10546875 0.1109375
0 0.66171875 0.7375 0.0859375 0.11484375
0 0.57109375 0.65 0.09609375 0.1203125
0 0.58125 0.98671875 0.0859375 0.0265625
0 0.58125 0.82890625 0.0859375 0.10546875
0 0.48203125 0.7375 0.08203125 0.09609375
0 0.4734375 0.55859375 0.0921875 0.1015625
0 0.403125 0.4625 0.10546875 0.1203125
0 0.5734375 0.4625 0.1015625 0.1015625
0 0.40390625 0.825 0.11484375 0.10546875
0 0.490625 0.91953125 0.0765625 0.0765625
0 0.4078125 0.97890625 0.09609375 0.0421875
0 0.3171875 0.9125 0.0859375 0.1015625
0 0.21328125 0.80546875 0.1015625 0.12421875
0 0.31640625 0.72578125 0.1109375 0.0921875
0 0.39375 0.63125 0.0859375 0.1015625
0 0.30859375 0.54765625 0.09609375 0.0921875
0 0.2203125 0.44609375 0.0921875 0.09609375
0 0.13671875 0.5390625 0.08203125 0.08203125
0 0.23203125 0.6328125 0.09609375 0.0859375
0 0.13671875 0.70703125 0.08203125 0.0921875
0 0.0578125 0.61796875 0.0921875 0.10546875
0 0.04765625 0.46015625 0.0921875 0.09609375
0 0.0453125 0.8046875 0.0859375 0.09609375
0 0.1359375 0.90234375 0.09609375 0.1109375
0 0.2234375 0.98359375 0.08203125 0.0328125
0 0.05 0.97421875 0.09609375 0.0515625
0 0.39921875 0.26953125 0.0859375 0.0859375
0 0.48203125 0.37421875 0.1015625 0.10546875
0 0.3 0.3640625 0.1015625 0.09609375
0 0.2296875 0.27109375 0.0921875 0.1015625
0 0.30859375 0.18515625 0.09609375 0.08203125
0 0.13984375 0.35546875 0.09609375 0.0859375
0 0.04921875 0.2671875 0.09765625 0.1015625
0 0.1265625 0.1828125 0.09609375 0.10546875
0 0.21953125 0.09453125 0.1015625 0.1015625
0 0.29921875 0.01953125 0.09609375 0.03828125
0 0.13515625 0.0140625 0.0921875 0.028125
0 0.04140625 0.0796875 0.08203125 0.08203125
0 0.75546875 0.99296875 0.08203125 0.01328125