0 0.034375 0.0796875 0.06796875 0.06484375
0 0.18046875 0.08203125 0.08125 0.0859375
0 0.10859375 0.15234375 0.078125 0.08125
0 0.0375 0.23046875 0.075 0.078125
0 0.2515625 0.015625 0.0453125 0.03046875
0 0.1765625 0.2328125 0.08125 0.0890625
0 0.40546875 0.15859375 0.0453125 0.05390625
0 0.559375 0.0109375 0.06015625 0.02109375
0 0.546875 0.1609375 0.0453125 0.0484375
0 0.62265625 0.23046875 0.05703125 0.06171875
0 0.5546875 0.30859375 0.0734375 0.078125
0 0.04140625 0.3859375 0.0828125 0.0859375
0 0.10859375 0.4609375 0.078125 0.08125
0 0.0359375 0.54921875 0.07109375 0.0734375
0 0.109375 0.61796875 0.06953125 0.06953125
0 0.18046875 0.54765625 0.08125 0.0859375
0 0.0921875 0.77734375 0.078125 0.08125
0 0.1734375 0.7 0.078125 0.08125
0 0.25234375 0.61875 0.06953125 0.08125
0 0.253125 0.78515625 0.08125 0.0890625
0 0.1875 0.86328125 0.05390625 0.06171875
0 0.1859375 0.99140625 0.0625 0.0171875
0 0.2578125 0.94375 0.06484375 0.0734375
0 0.3359375 0.86015625 0.06171875 0.078125
0 0.40859375 0.78359375 0.0734375 0.0859375
0 0.32578125 0.6984375 0.06953125 0.078125
0 0.40703125 0.61953125 0.0859375 0.0890625
0 0.484375 0.70390625 0.05703125 0.05703125
0 0.55859375 0.77734375 0.06484375 0.06484375
0 0.6265625 0.6984375 0.08125 0.078125
0 0.6359375 0.85546875 0.0734375 0.078125
0 0.4828125 0.9875 0.0859375 0.02421875
0 0.259375 0.46484375 0.078125 0.0890625
0 0.553125 0.46796875 0.06953125 0.0734375
0 0.471875 0.390625 0.05390625 0.05390625
0 0.628125 0.3859375 0.06171875 0.06953125
0 0.7 0.309375 0.0484375 0.05390625
0 0.7796875 0.22890625 0.06953125 0.06484375
0 0.85234375 0.303125 0.06171875 0.0734375
0 0.7765625 0.38359375 0.05703125 0.05703125
0 0.98515625 0.4640625 0.02890625 0.08125
0 0.8546875 0.13671875 0.05703125 0.06484375