0 0.09296875 0.978125 0.0671875 0.04375
0 0.02734375 0.921875 0.0546875 0.09375
0 0.1640625 0.93125 0.0625 0.075
0 0.25 0.853125 0.0625 0.075
0 0.3875 0.69765625 0.0625 0.0828125
0 0.46484375 0.7828125 0.0703125 0.090625
0 0.53828125 0.8609375 0.0828125 0.090625
0 0.38671875 0.98046875 0.0703125 0.0390625
0 0.96640625 0.97265625 0.0671875 0.0546875
0 0.02734375 0.78359375 0.0546875 0.0671875
0 0.10078125 0.71484375 0.0984375 0.1015625
0 0.0234375 0.32109375 0.046875 0.0546875
0 0.09765625 0.24609375 0.0703125 0.0703125
0 0.0296875 0.17578125 0.059375 0.0703125
0 0.82890625 0.38671875 0.0859375 0.0859375
0 0.6703125 0.23515625 0.090625 0.0859375
0 0.8921875 0.47265625 0.075 0.0859375
0 0.68125 0.0796875 0.090625 0.10625
0 0.8140625 0.0875 0.075 0.075
0 0.95703125 0.07421875 0.0859375 0.0859375
0 0.17109375 0.0375 0.1140625 0.075
0 0.44921875 0.02734375 0.0703125 0.0546875