0 0.01953125 0.7828125 0.0390625 0.10625
0 0.0546875 0.87109375 0.078125 0.0859375
0 0.01171875 0.9546875 0.0234375 0.090625
0 0.140625 0.9359375 0.078125 0.090625
0 0.67265625 0.96640625 0.0828125 0.0671875
0 0.82265625 0.9609375 0.0828125 0.078125
0 0.75859375 0.89296875 0.0859375 0.0828125
0 0.96484375 0.8296875 0.0703125 0.090625
0 0.8984375 0.8828125 0.078125 0.078125
0 0.3171875 0.903125 0.09375 0.078125
0 0.38984375 0.96875 0.0671875 0.0625
0 0.46328125 0.88515625 0.0828125 0.0828125
0 0.5453125 0.81484375 0.059375 0.0671875
0 0.6078125 0.8953125 0.075 0.078125
0 0.67890625 0.8203125 0.0828125 0.078125
0 0.61015625 0.7421875 0.0703125 0.0625
0 0.746875 0.734375 0.078125 0.0625
0 0.325 0.7484375 0.078125 0.075
0 0.46875 0.73671875 0.0625 0.0671875
0 0.546875 0.6609375 0.0625 0.078125
0 0.6109375 0.58828125 0.090625 0.0828125
0 0.75390625 0.58984375 0.0859375 0.0859375
0 0.825 0.6609375 0.078125 0.078125
0 0.03984375 0.60234375 0.0703125 0.0859375
0 0.19375 0.59453125 0.090625 0.1015625
0 0.11953125 0.5234375 0.0671875 0.078125
0 0.040625 0.45234375 0.075 0.0828125
0 0.04921875 0.296875 0.0515625 0.0625
0 0.11875 0.3640625 0.075 0.078125
0 0.178125 0.44140625 0.090625 0.0859375
0 0.259375 0.53046875 0.090625 0.1140625
0 0.33203125 0.59765625 0.0859375 0.0859375
0 0.39921875 0.51484375 0.0546875 0.0671875
0 0.4671875 0.575 0.075 0.078125
0 0.53984375 0.50625 0.0859375 0.090625
0 0.47109375 0.43125 0.0515625 0.059375
0 0.32734375 0.44765625 0.0828125 0.0828125
0 0.25078125 0.359375 0.0859375 0.09375
0 0.1890625 0.2828125 0.059375 0.075
0 0.1234375 0.21484375 0.04375 0.0546875
0 0.32890625 0.28984375 0.0703125 0.0859375
0 0.478125 0.290625 0.090625 0.090625
0 0.54296875 0.36015625 0.0859375 0.0703125
0 0.6234375 0.43359375 0.075 0.0859375
0 0.9703125 0.5 0.059375 0.078125
0 0.8890625 0.58671875 0.090625 0.0859375
0 0.83046875 0.5171875 0.0671875 0.075
0 0.76796875 0.44140625 0.0671875 0.0703125
0 0.6921875 0.50234375 0.0625 0.0671875
0 0.6140625 0.29296875 0.0625 0.0703125
0 0.6875 0.3609375 0.078125 0.075
0 0.7546875 0.2828125 0.046875 0.075
0 0.6859375 0.20546875 0.075 0.0828125
0 0.6265625 0.1484375 0.075 0.078125
0 0.5515625 0.06171875 0.046875 0.0515625
0 0.77265625 0.13671875 0.0671875 0.0703125
0 0.69765625 0.059375 0.0671875 0.078125
0 0.82890625 0.0546875 0.0859375 0.078125
0 0.91015625 0.13359375 0.0703125 0.0703125
0 0.82734375 0.209375 0.0671875 0.075
0 0.90546875 0.2890625 0.0671875 0.0625
0 0.97421875 0.20859375 0.0515625 0.0578125
0 0.053125 0.1375 0.075 0.0625
0 0.121875 0.06328125 0.0625 0.0703125
0 0.26796875 0.06875 0.0828125 0.075
0 0.3328125 0.1328125 0.0625 0.0625
0 0.4 0.05546875 0.075 0.0703125
0 0.4 0.2203125 0.04375 0.04375