0 0.290625 0.38515625 0.07890625 0.09140625
0 0.36640625 0.453125 0.07890625 0.07578125
0 0.13984375 0.22265625 0.09140625 0.08671875
0 0.21640625 0.29921875 0.08671875 0.08359375
0 0.26875 0.23125 0.07578125 0.09453125
0 0.35625 0.3046875 0.06796875 0.07890625
0 0.36015625 0.14140625 0.09140625 0.09140625
0 0.4328125 0.225 0.08671875 0.09140625
0 0.50703125 0.303125 0.07109375 0.07578125
0 0.57578125 0.228125 0.07578125 0.09140625
0 0.5015625 0.15390625 0.09140625 0.09140625
0 0.42265625 0.07890625 0.09140625 0.09140625
0 0.4328125 0.38515625 0.0546875 0.059375
0 0.50703125 0.46484375 0.07109375 0.08359375
0 0.28125 0.06875 0.09140625 0.08359375
0 0.13515625 0.07578125 0.059375 0.059375
0 0.0640625 0.14375 0.08671875 0.08671875
0 0.05703125 0.3015625 0.08359375 0.07890625
0 0.08359375 0.76328125 0.09453125 0.09921875
0 0.15625 0.69296875 0.08359375 0.09921875
0 0.21640625 0.77109375 0.07109375 0.08359375
0 0.15625 0.840625 0.06796875 0.07109375
0 0.3 0.69140625 0.09140625 0.08671875
0 0.36953125 0.628125 0.07890625 0.08671875
0 0.4546875 0.5421875 0.07578125 0.09140625
0 0.27578125 0.53984375 0.08671875 0.09921875
0 0.13828125 0.5234375 0.09453125 0.10703125
0 0.06484375 0.44375 0.07578125 0.07890625
0 0.0671875 0.60859375 0.08671875 0.09453125
0 0.37421875 0.7703125 0.09453125 0.09140625
0 0.2984375 0.84140625 0.07890625 0.07578125
0 0.23046875 0.9296875 0.11484375 0.11796875
0 0.3046875 0.97890625 0.09140625 0.0421875
0 0.38671875 0.93203125 0.09140625 0.10703125
0 0.4546875 0.865625 0.07578125 0.08359375
0 0.5171875 0.778125 0.07578125 0.09140625
0 0.43984375 0.6953125 0.08359375 0.09453125
0 0.51875 0.61015625 0.09453125 0.10703125
0 0.58828125 0.5421875 0.09140625 0.09140625
0 0.66171875 0.4609375 0.09140625 0.10703125
0 0.74609375 0.39296875 0.08359375 0.07578125
0 0.60703125 0.71015625 0.09140625 0.10234375
0 0.675 0.62578125 0.09921875 0.09140625
0 0.73984375 0.55 0.08671875 0.09140625
0 0.8078125 0.47421875 0.07578125 0.08671875
0 0.728125 0.22734375 0.09453125 0.10234375
0 0.7953125 0.1640625 0.07578125 0.08671875
0 0.8796875 0.240625 0.08359375 0.09140625
0 0.80859375 0.3140625 0.08359375 0.08671875
0 0.8953125 0.38828125 0.08359375 0.09453125
0 0.959375 0.3203125 0.08125 0.09375
0 0.95703125 0.47578125 0.0859375 0.1078125
0 0.821875 0.62890625 0.08671875 0.10703125
0 0.89453125 0.7 0.07578125 0.09140625
0 0.82421875 0.78359375 0.09140625 0.09921875
0 0.75546875 0.871875 0.10234375 0.11796875
0 0.4421875 0.98046875 0.07578125 0.0390625
0 0.52734375 0.93828125 0.08671875 0.08671875
0 0.60703125 0.9828125 0.07578125 0.034375
0 0.89609375 0.98046875 0.11015625 0.0390625
0 0.959375 0.94296875 0.08125 0.1078125
0 0.89453125 0.865625 0.09140625 0.09921875
0 0.96328125 0.77734375 0.0734375 0.0921875
0 0.9890625 0.4015625 0.021875 0.11484375
0 0.9609375 0.1421875 0.078125 0.078125
0 0.8765625 0.07734375 0.08671875 0.09453125
0 0.72265625 0.071875 0.08359375 0.09921875
0 0.646875 0.140625 0.0515625 0.07109375
0 0.5765625 0.06328125 0.11484375 0.10703125
0 0.99140625 0.07890625 0.0171875 0.09140625
0 0.8 0.0265625 0.09140625 0.053125
0 0.05859375 0.0265625 0.07109375 0.053125
0 0.21328125 0.01875 0.10234375 0.0375
0 0.35859375 0.015625 0.09453125 0.028125
0 0.02421875 0.37265625 0.0390625 0.09453125
0 0.0203125 0.540625 0.03125 0.09453125
0 0.021875 0.6765625 0.04375 0.09921875
0 0.021875 0.84140625 0.04375 0.12265625