0 0.04765625 0.1890625 0.0546875 0.075
0 0.04765625 0.33671875 0.0859375 0.1015625
0 0.11953125 0.39921875 0.0984375 0.0859375
0 0.0390625 0.48046875 0.078125 0.0859375
0 0.10625 0.5515625 0.078125 0.078125
0 0.18671875 0.475 0.0828125 0.090625
0 0.259375 0.40625 0.075 0.0625
0 0.184375 0.31875 0.09375 0.075
0 0.18671875 0.16796875 0.0828125 0.0859375
0 0.121875 0.0921875 0.078125 0.075
0 0.040625 0.03125 0.08125 0.0625
0 0.18828125 0.0328125 0.0734375 0.065625
0 0.3375 0.31875 0.059375 0.059375
0 0.41015625 0.2515625 0.0703125 0.075
0 0.32109375 0.171875 0.0859375 0.078125
0 0.39765625 0.09765625 0.0671875 0.0703125
0 0.3359375 0.0296875 0.0625 0.059375
0 0.48046875 0.0234375 0.0546875 0.046875
0 0.48359375 0.165625 0.0828125 0.10625
0 0.46953125 0.321875 0.0703125 0.075
0 0.40546875 0.38515625 0.0828125 0.0984375
0 0.48046875 0.4703125 0.0859375 0.090625
0 0.54296875 0.39765625 0.0703125 0.0984375
0 0.46953125 0.6234375 0.0859375 0.10625
0 0.25703125 0.53203125 0.0515625 0.0859375
0 0.54296875 0.54921875 0.1015625 0.0984375
0 0.61953125 0.60546875 0.0828125 0.1015625
0 0.69609375 0.39140625 0.0859375 0.1015625
0 0.69453125 0.2359375 0.0828125 0.075
0 0.62109375 0.16328125 0.0859375 0.0828125
0 0.76953125 0.32109375 0.0703125 0.0703125
0 0.84296875 0.246875 0.0671875 0.078125
0 0.76953125 0.171875 0.0703125 0.09375
0 0.9140625 0.18125 0.0625 0.075
0 0.984375 0.103125 0.03125 0.075
0 0.97265625 0.39140625 0.0546875 0.0703125
0 0.9203125 0.31640625 0.075 0.0859375
0 0.83046875 0.39296875 0.0828125 0.0828125
0 0.76484375 0.4609375 0.0828125 0.09375
0 0.83984375 0.5515625 0.0859375 0.078125
0 0.76484375 0.6140625 0.0828125 0.078125
0 0.834375 0.6875 0.090625 0.09375
0 0.97265625 0.540625 0.0546875 0.075
0 0.9703125 0.68359375 0.059375 0.0703125
0 0.60625 0.7640625 0.078125 0.075
0 0.684375 0.83671875 0.0625 0.0859375
0 0.7546875 0.75625 0.09375 0.090625
0 0.6328125 0.03125 0.0625 0.0625
0 0.76953125 0.0328125 0.0703125 0.065625