0 0.91875 0.1140625 0.04765625 0.06328125
0 0.98125 0.18984375 0.0375 0.0640625
0 0.9203125 0.259375 0.0765625 0.084375
0 0.84765625 0.17890625 0.0796875 0.07109375
0 0.77109375 0.1109375 0.04765625 0.04765625
0 0.69453125 0.321875 0.06796875 0.0765625
0 0.403125 0.1765625 0.04765625 0.04453125
0 0.3296875 0.24375 0.06796875 0.05234375
0 0.4015625 0.32890625 0.04453125 0.04765625
0 0.41171875 0.03203125 0.05234375 0.04765625
0 0.34609375 0.10078125 0.06015625 0.06796875
0 0.125 0.02265625 0.075 0.0453125
0 0.03125 0.0921875 0.05234375 0.06015625
0 0.03203125 0.2453125 0.06015625 0.07109375
0 0.1203125 0.3375 0.0796875 0.0875
0 0.25 0.33046875 0.06796875 0.06015625
0 0.5625 0.478125 0.06796875 0.0765625
0 0.48671875 0.3984375 0.07109375 0.0765625
0 0.33515625 0.56328125 0.06328125 0.06328125
0 0.33125 0.409375 0.05546875 0.06015625
0 0.39921875 0.64453125 0.0875 0.0921875
0 0.31953125 0.72578125 0.07109375 0.0796875
0 0.24765625 0.6484375 0.0796875 0.084375
0 0.17890625 0.56875 0.1 0.084375
0 0.10546875 0.48828125 0.07109375 0.07109375
0 0.17421875 0.41796875 0.04453125 0.05234375
0 0.025 0.575 0.05 0.05625
0 0.09453125 0.653125 0.084375 0.084375
0 0.17109375 0.71328125 0.0765625 0.0875
0 0.5546875 0.17734375 0.03671875 0.03671875