0 0.04453125 0.9890625 0.0890625 0.021875
0 0.55 0.9890625 0.09609375 0.021875
0 0.4546875 0.94453125 0.06875 0.078125
0 0.29921875 0.95078125 0.09609375 0.090625
0 0.37890625 0.86015625 0.08203125 0.07265625
0 0.2203125 0.85078125 0.090625 0.07265625
0 0.7109375 0.8671875 0.090625 0.0875
0 0.54375 0.85390625 0.07265625 0.078125
0 0.45234375 0.765625 0.07265625 0.090625
0 0.378125 0.68125 0.10546875 0.09609375
0 0.21171875 0.6828125 0.1 0.1
0 0.12890625 0.765625 0.090625 0.090625
0 0.86328125 0.68828125 0.10546875 0.11796875
0 0.95 0.60546875 0.078125 0.090625
0 0.95078125 0.4203125 0.0875 0.090625
0 0.88203125 0.51015625 0.10546875 0.1
0 0.7875 0.61328125 0.10546875 0.1328125
0 0.70234375 0.6921875 0.1 0.1
0 0.62421875 0.5953125 0.06328125 0.078125
0 0.5453125 0.665625 0.0875 0.090625
0 0.4609375 0.58515625 0.1 0.10546875
0 0.540625 0.4984375 0.06015625 0.06875
0 0.7078125 0.5171875 0.09609375 0.09609375
0 0.79765625 0.41484375 0.1 0.109375
0 0.86875 0.32578125 0.06875 0.0875
0 0.9453125 0.24609375 0.05078125 0.06328125
0 0.70625 0.33359375 0.08203125 0.1
0 0.5328125 0.334375 0.10546875 0.10546875
0 0.45703125 0.415625 0.1 0.08203125
0 0.36328125 0.50078125 0.0875 0.1
0 0.0546875 0.67890625 0.10546875 0.1
0 0.12265625 0.5984375 0.078125 0.0875
0 0.1953125 0.51015625 0.078125 0.08203125
0 0.28359375 0.58125 0.07265625 0.078125
0 0.37421875 0.3375 0.07265625 0.08203125
0 0.2890625 0.41640625 0.090625 0.0875
0 0.2109375 0.32578125 0.0546875 0.0875
0 0.290625 0.23515625 0.0875 0.09609375
0 0.36015625 0.16875 0.0875 0.090625
0 0.44765625 0.06796875 0.0546875 0.06015625
0 0.18984375 0.15546875 0.078125 0.08203125
0 0.27734375 0.065625 0.078125 0.090625
0 0.12421875 0.06015625 0.1 0.090625
0 0.0359375 0.15078125 0.071875 0.0828125
0 0.1265625 0.23984375 0.078125 0.0875
0 0.0375 0.3328125 0.07421875 0.07265625
0 0.94765625 0.0703125 0.07265625 0.08203125
0 0.77734375 0.0765625 0.09609375 0.0875
0 0.7015625 0.15078125 0.07265625 0.07265625
0 0.6234375 0.0609375 0.0875 0.08203125
0 0.6234375 0.25234375 0.05078125 0.05078125