0 0.2734375 0.01171875 0.08828125 0.0234375
0 0.2015625 0.06015625 0.05859375 0.0671875
0 0.2 0.23125 0.0671875 0.0796875
0 0.10078125 0.334375 0.08828125 0.09765625
0 0.04609375 0.59296875 0.0921875 0.09375
0 0.11796875 0.50234375 0.0796875 0.0796875
0 0.040625 0.425 0.05 0.05859375
0 0.21171875 0.6 0.06171875 0.06171875
0 0.290625 0.5125 0.08828125 0.103125
0 0.13046875 0.68671875 0.09375 0.09375
0 0.04453125 0.7546875 0.08515625 0.09765625
0 0.28984375 0.31484375 0.0765625 0.0765625
0 0.36875 0.2375 0.0671875 0.0671875
0 0.278125 0.1484375 0.07109375 0.0796875
0 0.36328125 0.05703125 0.0671875 0.08515625
0 0.44140625 0.009375 0.0796875 0.01875
0 0.690625 0.0515625 0.0796875 0.08515625
0 0.52421875 0.23125 0.09375 0.09765625