0 0.99296875 0.62109375 0.0140625 0.07421875
0 0.934375 0.53671875 0.06875 0.07734375
0 0.8671875 0.459375 0.09453125 0.09453125
0 0.9875 0.4578125 0.025 0.103125
0 0.98984375 0.290625 0.0203125 0.06875
0 0.9375 0.20546875 0.09140625 0.09453125
0 0.98125 0.12421875 0.0375 0.09140625
0 0.61796875 0.20859375 0.07734375 0.09140625
0 0.53671875 0.11953125 0.07421875 0.07734375
0 0.47421875 0.20546875 0.0828125 0.07734375
0 0.61953125 0.040625 0.07421875 0.08046875
0 0.7765625 0.05703125 0.0859375 0.1
0 0.85390625 0.11484375 0.0859375 0.0859375