0 0.61171875 0.08671875 0.05625 0.07734375
0 0.38828125 0.0171875 0.06875 0.03359375
0 0.24453125 0.01875 0.07734375 0.03671875
0 0.321875 0.06796875 0.0609375 0.06875
0 0.4609375 0.08203125 0.053125 0.0640625
0 0.5421875 0.16796875 0.0609375 0.06875
0 0.46796875 0.23671875 0.08046875 0.07734375
0 0.3234375 0.2375 0.08046875 0.08515625
0 0.3890625 0.3171875 0.0609375 0.06875
0 0.24140625 0.1484375 0.07734375 0.06875
0 0.17109375 0.065625 0.06875 0.0640625
0 0.0328125 0.06796875 0.065625 0.08515625
0 0.09609375 0.13828125 0.07734375 0.08046875
0 0.17421875 0.215625 0.08828125 0.07734375
0 0.246875 0.296875 0.05625 0.06875
0 0.034375 0.21796875 0.06875 0.08828125
0 0.3296875 0.37890625 0.07734375 0.07265625
0 0.39609375 0.61171875 0.06875 0.07265625
0 0.25078125 0.6125 0.08046875 0.08046875
0 0.24921875 0.45546875 0.09296875 0.1046875
0 0.16640625 0.36875 0.08828125 0.08515625
0 0.09609375 0.44375 0.07734375 0.08046875
0 0.16953125 0.53125 0.07265625 0.07265625
0 0.0953125 0.59921875 0.06875 0.06875
0 0.0328125 0.5296875 0.065625 0.08515625
0 0.91796875 0.86484375 0.0484375 0.0640625
0 0.98046875 0.9421875 0.03828125 0.0640625
0 0.91953125 0.984375 0.07734375 0.03046875
0 0.8453125 0.9296875 0.08046875 0.07265625
0 0.76875 0.86171875 0.0484375 0.0484375
0 0.3953125 0.92734375 0.0484375 0.0453125
0 0.32109375 0.984375 0.06875 0.03046875
0 0.4046875 0.78125 0.053125 0.0484375
0 0.32421875 0.6875 0.06875 0.08515625
0 0.54765625 0.6203125 0.05625 0.0640625
0 0.3375 0.8515625 0.0609375 0.06875
0 0.1125 0.75703125 0.07734375 0.08046875
0 0.0359375 0.67890625 0.071875 0.0796875
0 0.02265625 0.8421875 0.0453125 0.0609375
0 0.025 0.98046875 0.05 0.03828125
0 0.54921875 0.928125 0.03671875 0.03671875