0 0.03828125 0.6765625 0.07578125 0.0828125
0 0.1890625 0.67890625 0.07109375 0.07109375
0 0.10546875 0.75234375 0.0625 0.0625
0 0.03515625 0.509375 0.0703125 0.078125
0 0.184375 0.51640625 0.07109375 0.065625
0 0.10390625 0.4328125 0.065625 0.07421875
0 0.25859375 0.58203125 0.07109375 0.07421875
0 0.10703125 0.5921875 0.0328125 0.0296875
0 0.2578125 0.75 0.0625 0.07109375
0 0.18671875 0.8296875 0.065625 0.065625
0 0.01484375 0.8890625 0.0296875 0.07890625
0 0.0546875 0.96875 0.065625 0.0625
0 0.3296875 0.96875 0.0828125 0.0625
0 0.4 0.90078125 0.0578125 0.0625
0 0.48359375 0.82578125 0.0828125 0.10703125
0 0.56015625 0.7390625 0.0875 0.0828125
0 0.334375 0.67578125 0.07421875 0.07109375
0 0.4140625 0.58671875 0.0625 0.07421875
0 0.6359375 0.81484375 0.07421875 0.07890625
0 0.78828125 0.81328125 0.0578125 0.065625
0 0.70625 0.73515625 0.065625 0.0578125
0 0.5578125 0.903125 0.065625 0.0578125
0 0.71484375 0.89765625 0.065625 0.0625
0 0.634375 0.9703125 0.07109375 0.059375
0 0.4859375 0.978125 0.05 0.04375
0 0.93046875 0.96171875 0.0625 0.065625
0 0.984375 0.41328125 0.03125 0.07734375
0 0.940625 0.49453125 0.0828125 0.0875
0 0.92890625 0.6515625 0.065625 0.0828125
0 0.990625 0.5765625 0.01796875 0.07109375
0 0.78828125 0.6515625 0.090625 0.0828125
0 0.71171875 0.58203125 0.07109375 0.07421875
0 0.7890625 0.5 0.065625 0.065625
0 0.33984375 0.353125 0.0625 0.0625
0 0.26640625 0.42578125 0.07109375 0.065625
0 0.34296875 0.5125 0.0828125 0.090625
0 0.42265625 0.2625 0.0625 0.0625
0 0.34765625 0.19609375 0.07421875 0.07890625
0 0.2625 0.275 0.0625 0.0546875
0 0.41328125 0.11171875 0.0578125 0.0578125
0 0.3484375 0.0375 0.07890625 0.07421875
0 0.18671875 0.0375 0.065625 0.07421875
0 0.571875 0.1015625 0.0546875 0.07109375
0 0.72890625 0.26328125 0.0546875 0.0546875
0 0.946875 0.0328125 0.04609375 0.0328125