0 0.0078125 0.8671875 0.01484375 0.08125
0 0.07265625 0.96875 0.06640625 0.0625
0 0.0171875 0.4984375 0.03359375 0.09453125
0 0.0765625 0.23671875 0.04375 0.04375
0 0.06796875 0.0546875 0.05625 0.05625
0 0.409375 0.96796875 0.053125 0.053125
0 0.5859375 0.96484375 0.0625 0.06640625
0 0.67109375 0.87421875 0.0625 0.0625
0 0.25 0.78359375 0.0625 0.0625
0 0.33203125 0.50625 0.05625 0.0625
0 0.5078125 0.5171875 0.0375 0.0375
0 0.33203125 0.32734375 0.0375 0.04375
0 0.3328125 0.128125 0.06640625 0.071875
0 0.42265625 0.05546875 0.07578125 0.06640625
0 0.50078125 0.1515625 0.04375 0.0625
0 0.42421875 0.23515625 0.03359375 0.046875
0 0.24921875 0.04453125 0.071875 0.08125
0 0.928125 0.965625 0.090625 0.06875
0 0.98671875 0.8765625 0.0265625 0.08515625
0 0.84375 0.86796875 0.071875 0.071875
0 0.7578125 0.95859375 0.06640625 0.071875
0 0.93515625 0.78671875 0.04375 0.0375
0 0.853125 0.6859375 0.071875 0.08125
0 0.93515625 0.421875 0.1 0.08125
0 0.7640625 0.2484375 0.053125 0.06640625
0 0.85625 0.1609375 0.07578125 0.0625
0 0.24609375 0.5921875 0.08125 0.0640625