0 0.03984375 0.2140625 0.0796875 0.075
0 0.0390625 0.3703125 0.071875 0.06328125
0 0.05 0.53984375 0.06640625 0.06640625
0 0.00859375 0.7734375 0.01640625 0.08359375
0 0.0453125 0.68671875 0.08359375 0.0796875
0 0.00703125 0.61015625 0.01328125 0.08359375
0 0.00703125 0.93046875 0.01328125 0.075
0 0.0484375 0.85859375 0.0796875 0.0796875
0 0.1984375 0.05859375 0.06328125 0.0796875
0 0.33671875 0.0625 0.06640625 0.071875
0 0.2734375 0.15 0.0796875 0.0796875
0 0.12109375 0.1390625 0.075 0.075
0 0.12421875 0.2953125 0.09140625 0.0796875
0 0.19140625 0.225 0.08359375 0.0796875
0 0.27421875 0.30859375 0.075 0.0796875
0 0.3484375 0.22578125 0.0796875 0.071875
0 0.42421875 0.159375 0.075 0.071875
0 0.4234375 0.309375 0.06328125 0.071875
0 0.12421875 0.4703125 0.075 0.0796875
0 0.203125 0.3859375 0.08359375 0.075
0 0.2703125 0.46640625 0.08359375 0.0796875
0 0.34609375 0.39140625 0.075 0.0796875
0 0.1984375 0.54296875 0.0796875 0.08359375
0 0.12265625 0.62578125 0.08828125 0.08828125
0 0.35 0.54296875 0.1 0.08359375
0 0.27421875 0.6203125 0.075 0.0796875
0 0.19609375 0.69765625 0.075 0.075
0 0.1234375 0.7859375 0.0796875 0.09140625
0 0.27265625 0.775 0.08828125 0.0796875
0 0.3515625 0.70703125 0.0796875 0.08359375
0 0.19765625 0.8625 0.071875 0.08828125
0 0.359375 0.86640625 0.071875 0.0796875
0 0.278125 0.9453125 0.06640625 0.06328125
0 0.1265625 0.93984375 0.0796875 0.08359375
0 0.0515625 0.98359375 0.071875 0.0328125
0 0.434375 0.94609375 0.08828125 0.08828125
0 0.509375 0.98359375 0.084375 0.0328125
0 0.5875 0.95625 0.075 0.0875
0 0.50390625 0.87265625 0.05859375 0.05859375
0 0.43671875 0.79609375 0.1 0.08828125
0 0.5828125 0.79609375 0.075 0.08828125
0 0.659375 0.8765625 0.08828125 0.1
0 0.73203125 0.95859375 0.046875 0.046875
0 0.4953125 0.55234375 0.08359375 0.075
0 0.43203125 0.4765625 0.0796875 0.1
0 0.50078125 0.3921875 0.08828125 0.08828125
0 0.565625 0.3265625 0.075 0.08359375
0 0.64609375 0.40234375 0.075 0.075
0 0.71796875 0.32109375 0.0796875 0.08828125
0 0.578125 0.46640625 0.08359375 0.0796875
0 0.7234375 0.47734375 0.0796875 0.075
0 0.7984375 0.41484375 0.0796875 0.06640625
0 0.64921875 0.5625 0.075 0.071875
0 0.42421875 0.61953125 0.075 0.09140625
0 0.5015625 0.71171875 0.06328125 0.0796875
0 0.5765625 0.63984375 0.0796875 0.08359375
0 0.65546875 0.7234375 0.071875 0.08359375
0 0.73203125 0.6359375 0.0796875 0.075
0 0.7953125 0.5671875 0.06640625 0.08828125
0 0.87109375 0.49453125 0.075 0.09140625
0 0.9515625 0.58359375 0.0796875 0.0796875
0 0.87265625 0.64765625 0.071875 0.075
0 0.81484375 0.71640625 0.06328125 0.06328125
0 0.9578125 0.7265625 0.075 0.06640625
0 0.9875 0.66015625 0.025 0.08359375
0 0.99609375 0.8203125 0.0078125 0.071875
0 0.49609375 0.07890625 0.09140625 0.08828125
0 0.565625 0.15546875 0.075 0.075
0 0.49609375 0.23046875 0.09140625 0.075
0 0.6453125 0.25078125 0.05 0.0546875