0 0.04296875 0.0359375 0.0546875 0.0625
0 0.103125 0.2515625 0.059375 0.059375
0 0.178125 0.1765625 0.059375 0.0625
0 0.03046875 0.3359375 0.0515625 0.046875
0 0.03515625 0.490625 0.0703125 0.075
0 0.1078125 0.4125 0.04375 0.059375
0 0.17890625 0.334375 0.0359375 0.04375
0 0.24140625 0.559375 0.0828125 0.078125
0 0.171875 0.48359375 0.0625 0.0828125
0 0.09453125 0.56328125 0.0703125 0.0703125
0 0.38984375 0.41328125 0.0671875 0.0671875
0 0.31328125 0.484375 0.0703125 0.0625
0 0.24921875 0.40859375 0.0515625 0.0515625
0 0.53359375 0.4046875 0.0828125 0.090625
0 0.4609375 0.32734375 0.03125 0.0359375
0 0.38984375 0.25 0.0671875 0.0625
0 0.32734375 0.18125 0.0828125 0.075
0 0.46015625 0.17109375 0.0671875 0.0671875
0 0.53046875 0.0984375 0.0671875 0.0625
0 0.3921875 0.56171875 0.059375 0.0671875
0 0.31640625 0.64140625 0.0703125 0.0859375
0 0.24375 0.71953125 0.090625 0.1015625
0 0.178125 0.6421875 0.059375 0.059375
0 0.09765625 0.71875 0.0703125 0.09375
0 0.37890625 0.70390625 0.0703125 0.0703125
0 0.46171875 0.6375 0.0546875 0.0625
0 0.53046875 0.5609375 0.0515625 0.059375
0 0.525 0.70703125 0.075 0.0859375
0 0.38671875 0.865625 0.0703125 0.075
0 0.52578125 0.85859375 0.0515625 0.0671875
0 0.6 0.78359375 0.059375 0.0671875
0 0.66875 0.71015625 0.0625 0.0828125
0 0.58984375 0.62890625 0.0703125 0.0703125
0 0.6703125 0.54765625 0.075 0.0703125
0 0.60625 0.478125 0.078125 0.075
0 0.740625 0.4828125 0.075 0.075
0 0.8140625 0.5625 0.059375 0.0625
0 0.740625 0.62890625 0.075 0.0703125
0 0.8140625 0.71015625 0.090625 0.0828125
0 0.875 0.78203125 0.0625 0.0703125
0 0.81171875 0.85546875 0.0671875 0.0703125
0 0.671875 0.86171875 0.0625 0.0671875
0 0.95546875 0.70390625 0.0671875 0.0703125
0 0.8875 0.63359375 0.0625 0.0703125
0 0.9609375 0.40078125 0.046875 0.0515625
0 0.88671875 0.32421875 0.0546875 0.0546875
0 0.80859375 0.39921875 0.0546875 0.0703125
0 0.67265625 0.40234375 0.0703125 0.0703125
0 0.74375 0.32734375 0.059375 0.0671875
0 0.68046875 0.2578125 0.0703125 0.078125
0 0.81953125 0.25234375 0.0671875 0.0671875
0 0.95703125 0.25 0.0703125 0.0625
0 0.96015625 0.1 0.0671875 0.075
0 0.8890625 0.17890625 0.075 0.0828125
0 0.82421875 0.1 0.0703125 0.075
0 0.7515625 0.1765625 0.059375 0.0625
0 0.75234375 0.0296875 0.0671875 0.059375
0 0.6015625 0.0296875 0.0625 0.059375
0 0.671875 0.1 0.0625 0.059375
0 0.60390625 0.17265625 0.0359375 0.0546875
0 0.4671875 0.03515625 0.090625 0.0703125
0 0.3203125 0.02734375 0.0625 0.0546875
0 0.94921875 0.98203125 0.0703125 0.0359375
0 0.80625 0.9859375 0.075 0.028125
0 0.73046875 0.9375 0.0859375 0.078125
0 0.59609375 0.93203125 0.0515625 0.0671875
0 0.6625 0.9859375 0.059375 0.028125
0 0.521875 0.984375 0.075 0.03125
0 0.37890625 0.98828125 0.0859375 0.0234375
0 0.05625 0.91328125 0.075 0.0828125
0 0.12421875 0.98046875 0.0671875 0.0390625