0 0.04296875 0.7859375 0.0546875 0.0625
0 0.103125 0.9859375 0.059375 0.028125
0 0.178125 0.9265625 0.059375 0.0625
0 0.38984375 0.984375 0.0671875 0.03125
0 0.32734375 0.93125 0.0828125 0.075
0 0.46015625 0.92109375 0.0671875 0.0671875
0 0.53046875 0.8484375 0.0671875 0.0625
0 0.68046875 0.984375 0.0703125 0.03125
0 0.81953125 0.984375 0.0671875 0.03125
0 0.95703125 0.984375 0.0703125 0.03125
0 0.96015625 0.85 0.0671875 0.075
0 0.8890625 0.92890625 0.075 0.0828125
0 0.82421875 0.85 0.0703125 0.075
0 0.7515625 0.9265625 0.059375 0.0625
0 0.75234375 0.77578125 0.0671875 0.0671875
0 0.81875 0.68984375 0.075 0.0671875
0 0.74921875 0.6234375 0.0671875 0.075
0 0.615625 0.63203125 0.075 0.0671875
0 0.6015625 0.77421875 0.0625 0.0703125
0 0.671875 0.85 0.0625 0.059375
0 0.60390625 0.92265625 0.0359375 0.0546875
0 0.81875 0.546875 0.059375 0.0625
0 0.9609375 0.3953125 0.078125 0.09375
0 0.5453125 0.4109375 0.059375 0.0625
0 0.75390625 0.3265625 0.0703125 0.075
0 0.82890625 0.2421875 0.0703125 0.0625
0 0.76640625 0.17265625 0.0703125 0.0703125
0 0.69765625 0.0953125 0.0671875 0.075
0 0.4046875 0.109375 0.059375 0.0625
0 0.33203125 0.33515625 0.0546875 0.0671875
0 0.25703125 0.4078125 0.0828125 0.075
0 0.1875 0.48359375 0.078125 0.0828125
0 0.328125 0.48828125 0.0625 0.0703125
0 0.4 0.5625 0.059375 0.0625
0 0.4703125 0.48125 0.059375 0.0625
0 0.53984375 0.5515625 0.0546875 0.0625
0 0.3296875 0.634375 0.04375 0.04375
0 0.39453125 0.696875 0.0546875 0.059375
0 0.4671875 0.78125 0.090625 0.078125
0 0.3203125 0.7734375 0.0625 0.0625
0 0.1765625 0.6328125 0.0625 0.078125
0 0.25625 0.56171875 0.059375 0.0671875
0 0.04296875 0.6328125 0.0859375 0.078125
0 0.04375 0.4890625 0.0625 0.0625
0 0.19375 0.046875 0.04375 0.03125