0 0.59375 0.025 0.0625 0.05
0 0.7421875 0.025 0.078125 0.05
0 0.44609375 0.01953125 0.0859375 0.0390625
0 0.6609375 0.09453125 0.078125 0.0703125
0 0.52421875 0.0875 0.0703125 0.075
0 0.5859375 0.1625 0.078125 0.075
0 0.74140625 0.17421875 0.0671875 0.0828125
0 0.81328125 0.09453125 0.0546875 0.0703125
0 0.81328125 0.25703125 0.0703125 0.0671875
0 0.8953125 0.17265625 0.0625 0.0546875
0 0.51640625 0.240625 0.0859375 0.075
0 0.5875 0.32265625 0.075 0.0515625
0 0.29375 0.1609375 0.09375 0.09375
0 0.36015625 0.08671875 0.0859375 0.0703125
0 0.3671875 0.2484375 0.078125 0.075
0 0.21328125 0.23671875 0.0828125 0.0828125
0 0.43359375 0.321875 0.0703125 0.075
0 0.359375 0.39765625 0.078125 0.0828125
0 0.290625 0.321875 0.075 0.075
0 0.14453125 0.3125 0.1015625 0.078125
0 0.215625 0.3828125 0.0625 0.0625
0 0.06171875 0.08203125 0.0828125 0.0703125
0 0.015625 0.1484375 0.03125 0.078125
0 0.896875 0.96484375 0.059375 0.0546875
0 0.75859375 0.95859375 0.0828125 0.0828125
0 0.59609375 0.95703125 0.0828125 0.0859375
0 0.22734375 0.98203125 0.0828125 0.0359375
0 0.14765625 0.92578125 0.0828125 0.0859375
0 0.309375 0.93984375 0.078125 0.0828125
0 0.22578125 0.85234375 0.0828125 0.0703125
0 0.06796875 0.97421875 0.0890625 0.0515625
0 0.51796875 0.871875 0.0984375 0.09375
0 0.446875 0.7890625 0.090625 0.09375
0 0.53046875 0.715625 0.0984375 0.09375
0 0.60234375 0.79140625 0.0859375 0.0828125
0 0.44453125 0.63359375 0.0828125 0.0859375
0 0.59375 0.6375 0.078125 0.078125
0 0.14140625 0.778125 0.1015625 0.109375
0 0.0640625 0.68828125 0.10625 0.1171875
0 0.2875 0.62578125 0.090625 0.0859375
0 0.3671875 0.546875 0.09375 0.09375
0 0.215625 0.54609375 0.09375 0.0984375
0 0.96640625 0.88203125 0.0671875 0.0703125
0 0.96484375 0.728125 0.0703125 0.090625
0 0.89765625 0.8015625 0.0515625 0.046875
0 0.74296875 0.6375 0.0703125 0.078125
0 0.6625 0.74140625 0.028125 0.0359375
0 0.81640625 0.56875 0.0703125 0.075
0 0.89765625 0.48125 0.0671875 0.078125
0 0.740625 0.48671875 0.059375 0.0671875
0 0.8953125 0.33828125 0.078125 0.0828125
0 0.82109375 0.4078125 0.0546875 0.059375
0 0.965625 0.4078125 0.0625 0.059375
0 0.95859375 0.25546875 0.0828125 0.0984375
0 0.6640625 0.403125 0.078125 0.078125
0 0.66875 0.246875 0.03125 0.046875