0 0.3703125 0.96328125 0.07109375 0.07265625
0 0.434375 0.88359375 0.05546875 0.05546875
0 0.37109375 0.809375 0.0765625 0.0765625
0 0.215625 0.8078125 0.06328125 0.0796875
0 0.28671875 0.7375 0.0875 0.0875
0 0.14453125 0.73125 0.04765625 0.05234375
0 0.01171875 0.578125 0.0234375 0.04765625
0 0.01640625 0.4203125 0.0328125 0.06875
0 0.0703125 0.65625 0.06796875 0.1
0 0.13984375 0.58046875 0.0796875 0.084375
0 0.07265625 0.5046875 0.0796875 0.0921875
0 0.22578125 0.6609375 0.0765625 0.103125
0 0.21953125 0.3421875 0.0875 0.084375
0 0.14765625 0.27421875 0.0953125 0.0921875
0 0.0828125 0.046875 0.0921875 0.0875
0 0.36484375 0.0328125 0.06328125 0.06484375
0 0.22109375 0.04765625 0.05234375 0.06015625
0 0.1515625 0.11875 0.05546875 0.0765625
0 0.66171875 0.03125 0.0765625 0.06171875
0 0.953125 0.02734375 0.05546875 0.05390625
0 0.5203125 0.4921875 0.0796875 0.0765625
0 0.590625 0.565625 0.0765625 0.05546875
0 0.6625 0.6421875 0.05234375 0.05546875
0 0.80625 0.653125 0.03203125 0.03984375
0 0.58359375 0.721875 0.05234375 0.06015625
0 0.50546875 0.653125 0.03984375 0.03984375
0 0.58671875 0.8734375 0.05234375 0.06796875
0 0.73515625 0.26171875 0.0796875 0.0765625
0 0.7359375 0.1078125 0.05546875 0.06015625
0 0.66171875 0.18984375 0.0921875 0.0875
0 0.8 0.33046875 0.06015625 0.06015625
0 0.96171875 0.33359375 0.06328125 0.0765625
0 0.8765625 0.11796875 0.06015625 0.07109375
0 0.94765625 0.8078125 0.04453125 0.03203125