0 0.490625 0.52890625 0.075 0.09609375
0 0.4140625 0.60703125 0.0703125 0.0703125
0 0.1921875 0.55078125 0.0875 0.0875
0 0.1046875 0.640625 0.0703125 0.075
0 0.4109375 0.8 0.0703125 0.07890625
0 0.24453125 0.8 0.0875 0.07890625
0 0.4953125 0.696875 0.09296875 0.09296875
0 0.5828125 0.615625 0.09296875 0.0875
0 0.57578125 0.78125 0.09609375 0.0875
0 0.3359375 0.8875 0.0875 0.07890625
0 0.48828125 0.8796875 0.07890625 0.08359375
0 0.4203125 0.96015625 0.0875 0.0796875
0 0.2453125 0.96484375 0.075 0.0703125
0 0.16484375 0.8875 0.0609375 0.07890625
0 0.0734375 0.971875 0.0703125 0.05625
0 0.746875 0.9546875 0.1046875 0.090625
0 0.671875 0.878125 0.09609375 0.07890625
0 0.9796875 0.8734375 0.03984375 0.07890625
0 0.91015625 0.61953125 0.09296875 0.07890625
0 0.9828125 0.7 0.034375 0.065625
0 0.91328125 0.4390625 0.07890625 0.08359375
0 0.8234375 0.36328125 0.06640625 0.06640625
0 0.74296875 0.2703125 0.0703125 0.0609375
0 0.90234375 0.27421875 0.06640625 0.0703125
0 0.971875 0.3671875 0.05625 0.0703125
0 0.9796875 0.528125 0.03984375 0.0875
0 0.97578125 0.1875 0.0484375 0.078125
0 0.82265625 0.18984375 0.09296875 0.075
0 0.90234375 0.1 0.06640625 0.0703125
0 0.96484375 0.03046875 0.0703125 0.0609375
0 0.4359375 0.11796875 0.0609375 0.0609375
0 0.36015625 0.0265625 0.06640625 0.05234375
0 0.275 0.1109375 0.07890625 0.075
0 0.1921875 0.0265625 0.05234375 0.05234375
0 0.271875 0.29375 0.075 0.06640625
0 0.1921875 0.20546875 0.0703125 0.0609375
0 0.0234375 0.74765625 0.046875 0.0609375
0 0.03046875 0.5609375 0.0609375 0.1015625
0 0.028125 0.38828125 0.05625 0.0703125
0 0.1046875 0.29375 0.0875 0.08359375
0 0.18515625 0.38125 0.06640625 0.06640625
0 0.10390625 0.11640625 0.0609375 0.0578125
0 0.02890625 0.1984375 0.0578125 0.075
0 0.028125 0.03046875 0.05625 0.0609375