0 0.8828125 0.9515625 0.06875 0.071875
0 0.71015625 0.95625 0.0953125 0.0875
0 0.55703125 0.9453125 0.07734375 0.07734375
0 0.47578125 0.8609375 0.07734375 0.071875
0 0.009375 0.8625 0.01796875 0.08671875
0 0.06171875 0.953125 0.08671875 0.09375
0 0.1359375 0.8625 0.08125 0.08671875
0 0.2203125 0.9515625 0.06875 0.071875
0 0.21953125 0.77734375 0.07734375 0.07734375
0 0.14296875 0.678125 0.08671875 0.07734375
0 0.22265625 0.60078125 0.07734375 0.08671875
0 0.37734375 0.6109375 0.08671875 0.07734375
0 0.39375 0.775 0.071875 0.08125
0 0.3125 0.8625 0.071875 0.06875
0 0.390625 0.946875 0.04140625 0.06328125
0 0.14296875 0.5125 0.06875 0.071875
0 0.01171875 0.3375 0.0234375 0.10859375
0 0.45859375 0.35546875 0.06875 0.071875
0 0.2171875 0.2578125 0.08125 0.08671875
0 0.13125 0.1609375 0.08125 0.071875
0 0.203125 0.08046875 0.08125 0.08125
0 0.2828125 0.0171875 0.07734375 0.034375
0 0.62109375 0.021875 0.06875 0.04296875
0 0.7046875 0.26796875 0.06328125 0.07734375
0 0.79140625 0.35234375 0.0953125 0.08671875
0 0.871875 0.43984375 0.090625 0.0953125
0 0.709375 0.4453125 0.071875 0.08125
0 0.6265625 0.53046875 0.06875 0.071875
0 0.5453125 0.43671875 0.06875 0.071875
0 0.46484375 0.51796875 0.06328125 0.071875
0 0.7078125 0.6140625 0.05078125 0.05078125
0 0.6328125 0.6859375 0.06328125 0.06875
0 0.5484375 0.78359375 0.1046875 0.090625
0 0.71875 0.77421875 0.071875 0.071875
0 0.884375 0.61171875 0.071875 0.090625
0 0.7921875 0.5296875 0.06875 0.07734375