0 0.0796875 0.74296875 0.075 0.0703125
0 0.22578125 0.89453125 0.0828125 0.0859375
0 0.290625 0.6625 0.075 0.090625
0 0.4390625 0.65625 0.075 0.078125
0 0.2234375 0.5921875 0.0625 0.075
0 0.1453125 0.5046875 0.078125 0.078125
0 0.296875 0.50625 0.0625 0.075
0 0.365625 0.59296875 0.075 0.0828125
0 0.4375 0.5125 0.078125 0.078125
0 0.509375 0.5859375 0.075 0.078125
0 0.509375 0.43125 0.075 0.075
0 0.4375 0.35859375 0.078125 0.0828125
0 0.365625 0.43671875 0.090625 0.0828125
0 0.29375 0.36328125 0.078125 0.0859375
0 0.371875 0.28515625 0.078125 0.0859375
0 0.5125 0.28359375 0.0625 0.0671875
0 0.4453125 0.209375 0.078125 0.075
0 0.3609375 0.121875 0.075 0.078125
0 0.29296875 0.2015625 0.0703125 0.075
0 0.21796875 0.2828125 0.0828125 0.090625
0 0.146875 0.21484375 0.059375 0.0546875
0 0.07734375 0.28125 0.0515625 0.0625
0 0.025 0.20859375 0.05 0.0828125
0 0.2203125 0.13359375 0.075 0.0703125
0 0.29765625 0.05546875 0.0859375 0.0859375
0 0.14765625 0.0515625 0.0515625 0.046875
0 0.446875 0.0375 0.075 0.059375
0 0.51953125 0.12890625 0.0859375 0.0859375
0 0.6625 0.12734375 0.059375 0.0515625
0 0.590625 0.19609375 0.0625 0.0703125
0 0.7328125 0.1921875 0.059375 0.0625
0 0.88203125 0.184375 0.0515625 0.046875
0 0.80703125 0.2734375 0.0515625 0.046875
0 0.66328125 0.278125 0.0515625 0.0625
0 0.58515625 0.50234375 0.0671875 0.0671875
0 0.87890625 0.35234375 0.0859375 0.0859375
0 0.6546875 0.57734375 0.075 0.0671875
0 0.796875 0.58046875 0.078125 0.0828125
0 0.7203125 0.64453125 0.090625 0.0703125
0 0.8734375 0.65234375 0.075 0.0703125
0 0.79609375 0.7234375 0.0828125 0.0625
0 0.88125 0.5 0.075 0.078125
0 0.72578125 0.8046875 0.0828125 0.09375
0 0.58515625 0.7953125 0.0984375 0.090625
0 0.5125 0.890625 0.046875 0.046875
0 0.734375 0.95 0.078125 0.09375
0 0.796875 0.8765625 0.078125 0.090625
0 0.87734375 0.79140625 0.0671875 0.0671875
0 0.86875 0.9515625 0.075 0.059375
0 0.94375 0.87421875 0.075 0.0828125
0 0.946875 0.728125 0.059375 0.075
0 0.9453125 0.415625 0.078125 0.075
0 0.9515625 0.56875 0.075 0.075