0 0.0359375 0.83359375 0.0578125 0.06640625
0 0.1796875 0.975 0.06328125 0.05
0 0.33828125 0.97421875 0.08828125 0.0515625
0 0.47890625 0.97109375 0.07109375 0.0578125
0 0.55390625 0.9 0.07109375 0.06640625
0 0.9875 0.90234375 0.025 0.0796875
0 0.93515625 0.97109375 0.0796875 0.0578125
0 0.86640625 0.90234375 0.075 0.0796875
0 0.7890625 0.975 0.06328125 0.05
0 0.78984375 0.8234375 0.07109375 0.07109375
0 0.86015625 0.73203125 0.0796875 0.07109375
0 0.78671875 0.6609375 0.07109375 0.0796875
0 0.64453125 0.6703125 0.0796875 0.07109375
0 0.6296875 0.82109375 0.06640625 0.075
0 0.7046875 0.90234375 0.06640625 0.06328125
0 0.63203125 0.975 0.03828125 0.05
0 0.86015625 0.5796875 0.06328125 0.06640625
0 0.98515625 0.41875 0.0296875 0.1
0 0.56953125 0.43515625 0.06328125 0.06640625
0 0.79140625 0.3453125 0.075 0.0796875
0 0.87109375 0.25546875 0.075 0.06640625
0 0.8046875 0.18203125 0.075 0.075
0 0.73203125 0.1 0.07109375 0.0796875
0 0.4203125 0.11484375 0.06328125 0.06640625
0 0.34296875 0.3546875 0.0578125 0.07109375
0 0.26328125 0.43203125 0.08828125 0.0796875
0 0.1890625 0.5125 0.0828125 0.08828125
0 0.3390625 0.5171875 0.06640625 0.075
0 0.415625 0.59609375 0.06328125 0.06640625
0 0.48984375 0.51015625 0.06328125 0.06640625
0 0.5640625 0.584375 0.0578125 0.06640625
0 0.340625 0.67265625 0.046875 0.046875
0 0.409375 0.7390625 0.0578125 0.06328125
0 0.48671875 0.82890625 0.09609375 0.0828125
0 0.33046875 0.8203125 0.06640625 0.06640625
0 0.178125 0.67109375 0.06640625 0.0828125
0 0.2625 0.5953125 0.06328125 0.07109375
0 0.040625 0.67109375 0.08125 0.0828125
0 0.03671875 0.51796875 0.06640625 0.06640625
0 0.19609375 0.0484375 0.046875 0.03359375