0 0.015625 0.025 0.03125 0.05
0 0.01171875 0.17421875 0.0234375 0.0828125
0 0.06328125 0.09453125 0.0546875 0.0703125
0 0.06328125 0.25703125 0.0703125 0.0671875
0 0.1453125 0.17265625 0.0625 0.0546875
0 0.4453125 0.959375 0.078125 0.075
0 0.3609375 0.871875 0.075 0.078125
0 0.29296875 0.9515625 0.0703125 0.075
0 0.146875 0.96484375 0.059375 0.0546875
0 0.025 0.95859375 0.05 0.0828125
0 0.2203125 0.88359375 0.075 0.0703125
0 0.29765625 0.80546875 0.0859375 0.0859375
0 0.22265625 0.728125 0.0859375 0.090625
0 0.14765625 0.8015625 0.0515625 0.046875
0 0.0140625 0.6375 0.028125 0.078125
0 0.3734375 0.71953125 0.090625 0.0859375
0 0.30625 0.64296875 0.075 0.0828125
0 0.4453125 0.64765625 0.078125 0.0828125
0 0.3734375 0.57734375 0.075 0.0984375
0 0.44921875 0.49609375 0.1015625 0.1015625
0 0.06640625 0.56875 0.0703125 0.075
0 0.14765625 0.48125 0.0671875 0.078125
0 0.1453125 0.33828125 0.078125 0.0828125
0 0.07109375 0.4078125 0.0546875 0.059375
0 0.215625 0.4078125 0.0625 0.059375
0 0.2984375 0.334375 0.059375 0.059375
0 0.21796875 0.25703125 0.0984375 0.0984375
0 0.3734375 0.41015625 0.075 0.0859375
0 0.5171875 0.56484375 0.075 0.0828125
0 0.5875 0.6453125 0.075 0.078125
0 0.6625 0.7203125 0.090625 0.10625
0 0.509375 0.7265625 0.090625 0.09375
0 0.446875 0.7875 0.075 0.059375
0 0.51953125 0.87890625 0.0859375 0.0859375
0 0.6625 0.87734375 0.059375 0.0515625
0 0.590625 0.94609375 0.0625 0.0703125
0 0.7328125 0.9421875 0.059375 0.0625
0 0.88203125 0.934375 0.0515625 0.046875
0 0.64140625 0.13125 0.0859375 0.090625
0 0.559375 0.215625 0.09375 0.09375
0 0.49453125 0.28125 0.0828125 0.078125
0 0.42109375 0.20703125 0.0828125 0.0703125
0 0.490625 0.12734375 0.075 0.0828125
0 0.5703125 0.36796875 0.078125 0.0859375
0 0.634375 0.303125 0.090625 0.121875
0 0.71171875 0.20546875 0.0859375 0.0828125
0 0.7953125 0.13203125 0.090625 0.08125
0 0.78359375 0.2875 0.0828125 0.075
0 0.71015625 0.3671875 0.0828125 0.09375
0 0.64296875 0.44453125 0.0828125 0.0984375
0 0.715625 0.5171875 0.078125 0.10625
0 0.79140625 0.44453125 0.0671875 0.0828125
0 0.93203125 0.43828125 0.0828125 0.0859375
0 0.86171875 0.36171875 0.0828125 0.0671875
0 0.93359375 0.2828125 0.0859375 0.090625
0 0.8578125 0.20546875 0.090625 0.0984375
0 0.71171875 0.0453125 0.0703125 0.075
0 0.8640625 0.05625 0.078125 0.090625
0 0.5609375 0.04765625 0.075 0.0703125
0 0.41328125 0.0453125 0.0828125 0.075
0 0.34453125 0.13515625 0.0703125 0.0828125