0 0.06640625 0.7375 0.084375 0.084375
0 0.14765625 0.6703125 0.084375 0.09296875
0 0.0671875 0.5765625 0.09296875 0.084375
0 0.01875 0.49609375 0.0375 0.0765625
0 0.13671875 0.49375 0.08984375 0.07265625
0 0.06875 0.421875 0.07265625 0.08125
0 0.23359375 0.421875 0.0640625 0.0640625
0 0.1390625 0.81796875 0.084375 0.11015625
0 0.06015625 0.8921875 0.08984375 0.08984375
0 0.0203125 0.03359375 0.040625 0.0671875
0 0.15546875 0.03671875 0.09296875 0.07265625
0 0.07421875 0.1015625 0.06796875 0.06796875
0 0.06796875 0.25703125 0.08125 0.08984375
0 0.01328125 0.33828125 0.0265625 0.0765625
0 0.1515625 0.33984375 0.0765625 0.0765625
0 0.2296875 0.26328125 0.07265625 0.059375
0 0.3140625 0.178125 0.07265625 0.06796875
0 0.29765625 0.815625 0.07265625 0.08125
0 0.36796875 0.7359375 0.084375 0.0984375
0 0.29921875 0.66328125 0.0765625 0.08984375
0 0.37890625 0.57734375 0.08984375 0.09296875
0 0.528125 0.56953125 0.11015625 0.0984375
0 0.46328125 0.4984375 0.07265625 0.0640625
0 0.5484375 0.421875 0.08984375 0.0984375
0 0.471875 0.33828125 0.07265625 0.08984375
0 0.37578125 0.42265625 0.0765625 0.05625
0 0.3109375 0.50078125 0.07265625 0.0765625
0 0.63203125 0.1859375 0.08125 0.08984375
0 0.5625 0.10625 0.084375 0.0765625
0 0.47578125 0.0296875 0.07265625 0.059375
0 0.9515625 0.509375 0.0765625 0.09296875
0 0.86953125 0.6 0.08125 0.08125
0 0.95 0.665625 0.07265625 0.0765625
0 0.98828125 0.7359375 0.0234375 0.0640625
0 0.86328125 0.74609375 0.0765625 0.06796875
0 0.79453125 0.678125 0.1015625 0.084375
0 0.79375 0.84140625 0.07265625 0.07265625
0 0.7234375 0.76328125 0.084375 0.09296875
0 0.65 0.83984375 0.07265625 0.0765625
0 0.71796875 0.9203125 0.05625 0.05078125
0 0.5625 0.93671875 0.084375 0.09296875
0 0.63125 0.984375 0.0625 0.03046875
0 0.7921875 0.98515625 0.046875 0.0296875