0 0.234375 0.01796875 0.09375 0.0359375
0 0.39765625 0.01484375 0.084375 0.0296875
0 0.32421875 0.075 0.09375 0.08984375
0 0.1375 0.0890625 0.08046875 0.09921875
0 0.0515625 0.01796875 0.065625 0.0359375
0 0.0515625 0.18828125 0.084375 0.08046875
0 0.40703125 0.16875 0.103125 0.08984375
0 0.321875 0.2671875 0.08984375 0.06171875
0 0.67421875 0.07265625 0.1125 0.1125
0 0.59453125 0.01328125 0.103125 0.0265625
0 0.5859375 0.178125 0.09375 0.08984375
0 0.7703125 0.1640625 0.09921875 0.09921875
0 0.50625 0.265625 0.084375 0.08984375
0 0.5953125 0.35703125 0.09375 0.09921875
0 0.678125 0.265625 0.08984375 0.08984375
0 0.853125 0.2546875 0.121875 0.09375
0 0.76796875 0.3390625 0.075 0.075
0 0.9515625 0.01015625 0.096875 0.0203125
0 0.99453125 0.0578125 0.0109375 0.09375
0 0.1171875 0.98984375 0.09921875 0.0203125
0 0.31171875 0.9875 0.09921875 0.02421875
0 0.84921875 0.96875 0.09921875 0.06171875
0 0.65546875 0.978125 0.09375 0.04296875
0 0.75546875 0.9015625 0.09921875 0.084375
0 0.40546875 0.925 0.11796875 0.1125
0 0.490625 0.82578125 0.10859375 0.1125
0 0.390625 0.7375 0.11796875 0.1125
0 0.3046875 0.82890625 0.103125 0.09921875
0 0.49375 0.63984375 0.09921875 0.103125
0 0.31484375 0.64453125 0.09375 0.09375
0 0.85703125 0.8125 0.121875 0.13125
0 0.94296875 0.7046875 0.1140625 0.140625
0 0.68203125 0.63046875 0.10859375 0.103125
0 0.5859375 0.5359375 0.1125 0.1125
0 0.76796875 0.534375 0.1125 0.11796875
0 0.1359375 0.64453125 0.084375 0.09375
0 0.23203125 0.76875 0.03359375 0.04296875
0 0.04765625 0.56171875 0.084375 0.08984375
0 0.13828125 0.46328125 0.07109375 0.08046875
0 0.0421875 0.36875 0.065625 0.07109375
0 0.23046875 0.36328125 0.09375 0.09375
0 0.225 0.17578125 0.0375 0.05625