0 0.13203125 0.7 0.0515625 0.046875
0 0.19921875 0.7734375 0.0546875 0.0625
0 0.05625 0.478125 0.04375 0.04375
0 0.27265625 0.71015625 0.0359375 0.0359375
0 0.4828125 0.62734375 0.04375 0.0515625
0 0.41015625 0.5484375 0.0546875 0.059375
0 0.48828125 0.47265625 0.0546875 0.0546875
0 0.55546875 0.54296875 0.0390625 0.0546875
0 0.625 0.4671875 0.0625 0.075
0 0.27265625 0.403125 0.0515625 0.046875
0 0.3453125 0.17421875 0.04375 0.0515625
0 0.20390625 0.18046875 0.0390625 0.0234375
0 0.059375 0.184375 0.046875 0.046875
0 0.27734375 0.1078125 0.0234375 0.028125
0 0.4203125 0.1 0.028125 0.028125
0 0.2796875 0.8515625 0.059375 0.046875
0 0.41875 0.853125 0.046875 0.04375
0 0.35 0.93125 0.04375 0.059375
0 0.1234375 0.86796875 0.059375 0.0703125
0 0.55625 0.85234375 0.028125 0.0390625
0 0.76796875 0.76796875 0.0671875 0.0671875
0 0.84765625 0.85625 0.0546875 0.0625
0 0.70234375 0.84765625 0.0515625 0.0390625
0 0.69921875 0.69140625 0.0703125 0.0703125
0 0.76796875 0.6234375 0.0515625 0.059375
0 0.69609375 0.540625 0.0546875 0.059375
0 0.778125 0.4609375 0.078125 0.078125
0 0.703125 0.3875 0.0625 0.0625
0 0.85078125 0.24453125 0.0359375 0.0359375
0 0.84375 0.09375 0.046875 0.046875
0 0.978125 0.984375 0.04375 0.03125
0 0.984375 0.69765625 0.03125 0.0515625
0 0.98203125 0.08359375 0.0359375 0.0671875
0 0.93046875 0.01953125 0.0546875 0.0390625