0 0.07421875 0.7359375 0.0578125 0.05234375
0 0.14921875 0.81796875 0.0609375 0.0703125
0 0.00703125 0.4875 0.0140625 0.04921875
0 0.23203125 0.74765625 0.03984375 0.03984375
0 0.46640625 0.6546875 0.04921875 0.0578125
0 0.38515625 0.56640625 0.0609375 0.06640625
0 0.47265625 0.48203125 0.0609375 0.0609375
0 0.5484375 0.56015625 0.04375 0.0609375
0 0.62578125 0.47578125 0.0703125 0.08359375
0 0.23203125 0.40390625 0.0578125 0.05234375
0 0.31328125 0.14765625 0.04921875 0.0578125
0 0.1546875 0.1546875 0.04375 0.0265625
0 0.009375 0.15859375 0.01875 0.0515625
0 0.23671875 0.0734375 0.0265625 0.03125
0 0.396875 0.06484375 0.03125 0.03125
0 0.23984375 0.90546875 0.06640625 0.05234375
0 0.3953125 0.90703125 0.05234375 0.04921875
0 0.31796875 0.98046875 0.04921875 0.03828125
0 0.06484375 0.92421875 0.06640625 0.07890625
0 0.54921875 0.90625 0.03125 0.04375
0 0.7859375 0.81171875 0.075 0.075
0 0.875 0.9109375 0.0609375 0.0703125
0 0.7125 0.9015625 0.0578125 0.04375
0 0.70859375 0.7265625 0.07890625 0.07890625
0 0.7859375 0.65 0.0578125 0.06640625
0 0.70546875 0.5578125 0.0609375 0.06640625
0 0.796875 0.46875 0.0875 0.0875
0 0.71328125 0.38671875 0.0703125 0.0703125
0 0.878125 0.2265625 0.03984375 0.03984375
0 0.8703125 0.0578125 0.05234375 0.05234375