0 0.68125 0.05546875 0.0953125 0.0921875
0 0.5421875 0.04453125 0.0875 0.0890625
0 0.3921875 0.04296875 0.0796875 0.0859375
0 0.31640625 0.1171875 0.07109375 0.0796875
0 0.2390625 0.1984375 0.06796875 0.0765625
0 0.315625 0.2734375 0.0796875 0.084375
0 0.45859375 0.12109375 0.0796875 0.0875
0 0.8390625 0.05390625 0.084375 0.0953125
0 0.975 0.06640625 0.05 0.0921875
0 0.90625 0.01640625 0.071875 0.0328125
0 0.9125 0.13828125 0.0921875 0.0921875
0 0.60546875 0.121875 0.07109375 0.0765625
0 0.53125 0.19921875 0.07109375 0.084375
0 0.4625 0.26953125 0.0875 0.0921875
0 0.7625 0.146875 0.084375 0.084375
0 0.68984375 0.221875 0.0875 0.0921875
0 0.76171875 0.2953125 0.0765625 0.0796875
0 0.8359375 0.221875 0.07109375 0.0765625
0 0.6859375 0.37265625 0.06328125 0.06015625
0 0.615625 0.4453125 0.0765625 0.084375
0 0.53671875 0.53203125 0.0765625 0.0765625
0 0.46015625 0.44609375 0.0765625 0.0796875
0 0.384375 0.5109375 0.0796875 0.0765625
0 0.08828125 0.5296875 0.05234375 0.05546875
0 0.16484375 0.453125 0.04765625 0.05234375
0 0.2390625 0.37578125 0.03671875 0.03984375
0 0.1671875 0.596875 0.05234375 0.06328125
0 0.01875 0.59765625 0.0375 0.0609375
0 0.08671875 0.67578125 0.07109375 0.06796875
0 0.30859375 0.6046875 0.05546875 0.06328125
0 0.24296875 0.68515625 0.06015625 0.07109375
0 0.1609375 0.76796875 0.07109375 0.06328125
0 0.0921875 0.8546875 0.06015625 0.07109375
0 0.459375 0.6046875 0.07109375 0.0796875
0 0.3859375 0.68125 0.06015625 0.0796875
0 0.31015625 0.76015625 0.06796875 0.0796875
0 0.24296875 0.84296875 0.0765625 0.0796875
0 0.16171875 0.92265625 0.06328125 0.07109375
0 0.3125 0.9328125 0.06328125 0.06796875
0 0.3953125 0.84453125 0.0796875 0.0765625
0 0.46015625 0.7671875 0.06015625 0.05546875
0 0.53984375 0.690625 0.0765625 0.0765625
0 0.61953125 0.6140625 0.06796875 0.0765625
0 0.71171875 0.53359375 0.05234375 0.06328125
0 0.76640625 0.46796875 0.0765625 0.0765625
0 0.84609375 0.390625 0.06015625 0.0796875
0 0.92265625 0.32109375 0.0875 0.1
0 0.9765625 0.228125 0.046875 0.0875
0 0.92109375 0.45546875 0.084375 0.0921875
0 0.84375 0.54375 0.0875 0.084375
0 0.77578125 0.6203125 0.05234375 0.06328125
0 0.69609375 0.70390625 0.05234375 0.07109375
0 0.6140625 0.77265625 0.0953125 0.0921875
0 0.53828125 0.85703125 0.04765625 0.06015625
0 0.390625 0.984375 0.071875 0.03125
0 0.46875 0.9421875 0.03671875 0.03984375
0 0.97890625 0.55078125 0.0421875 0.0921875
0 0.9765625 0.86328125 0.046875 0.0796875
0 0.96875 0.7046875 0.06171875 0.0796875
0 0.92265625 0.7765625 0.07109375 0.06328125
0 0.83984375 0.696875 0.0796875 0.0796875
0 0.7625 0.778125 0.084375 0.0921875
0 0.84609375 0.85859375 0.0921875 0.0953125
0 0.690625 0.859375 0.0765625 0.0875
0 0.6140625 0.9328125 0.0953125 0.084375
0 0.9078125 0.94609375 0.0796875 0.0953125
0 0.85 0.9890625 0.084375 0.021875
0 0.7625 0.9453125 0.084375 0.109375
0 0.68125 0.9859375 0.090625 0.028125