0 0.96640625 0.02734375 0.0671875 0.0546875
0 0.89453125 0.11328125 0.0859375 0.11640625
0 0.96875 0.36171875 0.0625 0.09453125
0 0.9640625 0.53125 0.07109375 0.09453125
0 0.90625 0.45 0.08046875 0.0859375
0 0.81171875 0.3640625 0.08046875 0.0890625
0 0.73671875 0.27890625 0.0984375 0.0890625
0 0.73125 0.0984375 0.08046875 0.0859375
0 0.8109375 0.02578125 0.06796875 0.0515625
0 0.6375 0.19453125 0.07109375 0.0890625
0 0.56171875 0.27734375 0.08046875 0.09453125
0 0.6515625 0.3765625 0.07109375 0.0890625
0 0.72265625 0.44765625 0.08046875 0.09453125
0 0.80703125 0.5546875 0.07109375 0.0765625
0 0.88515625 0.63359375 0.0765625 0.0859375
0 0.91015625 0.8109375 0.08046875 0.10703125
0 0.8140625 0.71484375 0.06796875 0.09453125
0 0.73125 0.63828125 0.08046875 0.09453125
0 0.64921875 0.5484375 0.09453125 0.0859375
0 0.4828125 0.36640625 0.05859375 0.06796875
0 0.48828125 0.54921875 0.0765625 0.0765625
0 0.56328125 0.63203125 0.09453125 0.0890625
0 0.4796875 0.73046875 0.0765625 0.10703125
0 0.6578125 0.73359375 0.09453125 0.0890625
0 0.73203125 0.8140625 0.07109375 0.0890625
0 0.56875 0.8109375 0.05859375 0.07109375
0 0.6421875 0.91171875 0.0984375 0.09453125
0 0.8140625 0.89921875 0.0859375 0.0984375
0 0.4 0.64609375 0.05 0.06796875
0 0.2390625 0.62578125 0.06796875 0.0765625
0 0.56171875 0.98046875 0.0625 0.0390625
0 0.4859375 0.9125 0.05390625 0.07109375
0 0.39921875 0.82421875 0.04140625 0.0625
0 0.31953125 0.7203125 0.06796875 0.08046875
0 0.39453125 0.9890625 0.05 0.02109375
0 0.0765625 0.97578125 0.07109375 0.0484375
0 0.65234375 0.02578125 0.0765625 0.0515625
0 0.4703125 0.03203125 0.09453125 0.0640625
0 0.38984375 0.10234375 0.09453125 0.09453125
0 0.23359375 0.10703125 0.0859375 0.0859375
0 0.31953125 0.18828125 0.06796875 0.0765625
0 0.40234375 0.2765625 0.09453125 0.0859375
0 0.3125 0.3796875 0.07109375 0.09453125
0 0.23203125 0.4671875 0.07109375 0.08046875
0 0.23671875 0.28125 0.08046875 0.09453125
0 0.14609375 0.20625 0.0890625 0.1125
0 0.1515625 0.36796875 0.07109375 0.0890625
0 0.0609375 0.47109375 0.06796875 0.07109375
0 0.15234375 0.55625 0.05859375 0.0625
0 0.07265625 0.64609375 0.09453125 0.10390625
0 0.13984375 0.7234375 0.0765625 0.10390625
0 0.0640625 0.2828125 0.0859375 0.0984375
0 0.009375 0.38671875 0.01875 0.0859375
0 0.01328125 0.20625 0.0265625 0.09453125