0 0.078125 0.015625 0.0625 0.03125
0 0.0171875 0.07578125 0.034375 0.0734375
0 0.08515625 0.165625 0.0828125 0.090625
0 0.0234375 0.25625 0.046875 0.075
0 0.021875 0.571875 0.04375 0.075
0 0.0921875 0.48828125 0.075 0.0703125
0 0.146875 0.41875 0.090625 0.09375
0 0.23046875 0.3375 0.0859375 0.090625
0 0.24140625 0.0390625 0.0828125 0.078125
0 0.21875 0.19140625 0.078125 0.0859375
0 0.37265625 0.040625 0.0828125 0.08125
0 0.30390625 0.11953125 0.0671875 0.0828125
0 0.44921875 0.1328125 0.0703125 0.078125
0 0.6 0.015625 0.075 0.03125
0 0.66796875 0.05625 0.0859375 0.090625
0 0.5953125 0.11875 0.075 0.075
0 0.52578125 0.20546875 0.0828125 0.0828125
0 0.5921875 0.29296875 0.059375 0.0859375
0 0.525 0.36640625 0.075 0.0828125
0 0.44765625 0.43671875 0.0828125 0.0828125
0 0.68046875 0.2125 0.0703125 0.075
0 0.74453125 0.140625 0.0515625 0.0625
0 0.82109375 0.06484375 0.0703125 0.0828125
0 0.965625 0.071875 0.0625 0.090625
0 0.89453125 0.13203125 0.0546875 0.065625
0 0.81328125 0.21953125 0.0703125 0.0859375
0 0.89296875 0.303125 0.0828125 0.090625
0 0.8203125 0.3734375 0.09375 0.090625
0 0.7359375 0.4578125 0.075 0.078125
0 0.58984375 0.44140625 0.0703125 0.0703125
0 0.52578125 0.5203125 0.0671875 0.078125
0 0.38359375 0.4984375 0.0703125 0.075
0 0.6703125 0.53359375 0.075 0.0828125
0 0.59296875 0.62578125 0.0828125 0.1015625
0 0.52734375 0.6765625 0.0703125 0.0625
0 0.153125 0.57421875 0.109375 0.1015625
0 0.228125 0.66484375 0.090625 0.1015625
0 0.07734375 0.809375 0.0828125 0.09375
0 0.22265625 0.821875 0.0703125 0.090625
0 0.14453125 0.75 0.0703125 0.078125
0 0.30859375 0.7390625 0.1171875 0.109375
0 0.15 0.8921875 0.090625 0.090625
0 0.021875 0.90078125 0.04375 0.0828125
0 0.07421875 0.96875 0.0703125 0.0625
0 0.2359375 0.96875 0.090625 0.0625
0 0.38515625 0.828125 0.0671875 0.078125
0 0.37421875 0.97421875 0.0703125 0.0515625
0 0.4546875 0.90859375 0.075 0.0828125
0 0.525 0.82890625 0.090625 0.0859375
0 0.9625 0.23359375 0.075 0.0828125
0 0.96640625 0.3859375 0.0671875 0.078125
0 0.89453125 0.46328125 0.0859375 0.0984375
0 0.8140625 0.54296875 0.075 0.0859375
0 0.74921875 0.6078125 0.0671875 0.075
0 0.65546875 0.68671875 0.0828125 0.0828125
0 0.6 0.7546875 0.059375 0.078125
0 0.96640625 0.5421875 0.0671875 0.078125
0 0.90234375 0.63515625 0.0703125 0.0828125
0 0.8265625 0.69765625 0.059375 0.0515625
0 0.96640625 0.69453125 0.0671875 0.0859375
0 0.8921875 0.771875 0.059375 0.059375
0 0.96484375 0.84609375 0.0703125 0.0984375
0 0.75 0.771875 0.0625 0.075
0 0.6859375 0.83671875 0.075 0.0859375
0 0.80703125 0.8515625 0.0828125 0.09375
0 0.746875 0.91640625 0.0625 0.0828125
0 0.59609375 0.92890625 0.0984375 0.0984375
0 0.5265625 0.97421875 0.078125 0.0515625
0 0.671875 0.9765625 0.0625 0.046875
0 0.88359375 0.93046875 0.0546875 0.0703125
0 0.95703125 0.98203125 0.0859375 0.0359375