0 0.271875 0.0421875 0.08203125 0.08359375
0 0.34921875 0.1171875 0.0953125 0.10625
0 0.88671875 0.03828125 0.0890625 0.0765625
0 0.95390625 0.1125 0.065625 0.0703125
0 0.959375 0.4328125 0.04609375 0.04921875
0 0.8109375 0.42421875 0.05703125 0.065625
0 0.734375 0.346875 0.07890625 0.0734375
0 0.6640625 0.26953125 0.07890625 0.08984375
0 0.05390625 0.12265625 0.07890625 0.0953125
0 0.115625 0.2 0.08671875 0.08203125
0 0.2015625 0.28203125 0.07890625 0.0984375
0 0.2671875 0.36171875 0.07890625 0.08671875
0 0.353125 0.4421875 0.08671875 0.08984375
0 0.00703125 0.21015625 0.0140625 0.0703125
0 0.04609375 0.27265625 0.0625 0.08984375
0 0.12265625 0.35703125 0.04609375 0.04609375
0 0.203125 0.43203125 0.065625 0.08671875
0 0.65234375 0.4375 0.04609375 0.04921875