0 0.08203125 0.14296875 0.0703125 0.0828125
0 0.16015625 0.24375 0.0234375 0.028125
0 0.08515625 0.31484375 0.0359375 0.0359375
0 0.0171875 0.38359375 0.034375 0.0578125
0 0.1546875 0.5234375 0.059375 0.0625
0 0.36171875 0.303125 0.0671875 0.075
0 0.0140625 0.85 0.028125 0.059375
0 0.29609375 0.9765625 0.0515625 0.046875
0 0.43671875 0.9703125 0.0671875 0.059375
0 0.7109375 0.04921875 0.078125 0.0828125
0 0.79375 0.125 0.078125 0.078125
0 0.5765625 0.05625 0.075 0.075
0 0.5015625 0.14140625 0.059375 0.0703125
0 0.57890625 0.20234375 0.0859375 0.0984375
0 0.64921875 0.125 0.0703125 0.09375
0 0.72265625 0.203125 0.0546875 0.0625
0 0.865625 0.21484375 0.075 0.1015625
0 0.646875 0.28984375 0.075 0.0859375
0 0.50078125 0.4390625 0.0703125 0.090625
0 0.6453125 0.43125 0.0625 0.059375
0 0.7171875 0.371875 0.04375 0.046875
0 0.64296875 0.5984375 0.0828125 0.09375
0 0.71953125 0.50625 0.0703125 0.075
0 0.790625 0.43203125 0.075 0.0828125
0 0.7203125 0.66640625 0.075 0.0828125
0 0.7984375 0.58046875 0.075 0.0828125
0 0.85546875 0.509375 0.0703125 0.075
0 0.93828125 0.434375 0.0703125 0.078125
0 0.98046875 0.359375 0.0390625 0.078125
0 0.9859375 0.2015625 0.028125 0.075
0 0.9390625 0.12578125 0.059375 0.0703125
0 0.9421875 0.60078125 0.0625 0.0671875
0 0.87421875 0.6703125 0.0671875 0.075
0 0.85234375 0.825 0.0703125 0.09375
0 0.9359375 0.74140625 0.059375 0.0828125
0 0.9859375 0.67421875 0.028125 0.0828125
0 0.98828125 0.828125 0.0234375 0.078125
0 0.9359375 0.90234375 0.075 0.0859375
0 0.73046875 0.825 0.0390625 0.046875
0 0.984375 0.05546875 0.03125 0.0859375