0 0.009375 0.2640625 0.01875 0.090625
0 0.009375 0.64453125 0.01875 0.08515625
0 0.07109375 0.7453125 0.06640625 0.090625
0 0.24453125 0.55625 0.0625 0.071875
0 0.240625 0.36796875 0.046875 0.053125
0 0.22890625 0.928125 0.0625 0.07578125
0 0.3125 0.984375 0.071875 0.03125
0 0.3265625 0.27890625 0.05625 0.071875
0 0.0734375 0.02265625 0.053125 0.0453125
0 0.33125 0.1015625 0.046875 0.05625
0 0.4109375 0.01796875 0.0375 0.0359375
0 0.50546875 0.3 0.05625 0.05625
0 0.753125 0.02265625 0.053125 0.0453125
0 0.92890625 0.1953125 0.08515625 0.1
0 0.990625 0.28671875 0.01875 0.09453125
0 0.85078125 0.46484375 0.071875 0.08515625
0 0.92734375 0.5578125 0.04375 0.0625
0 0.98125 0.64453125 0.0375 0.10390625
0 0.828125 0.64453125 0.071875 0.08515625
0 0.65859375 0.6546875 0.071875 0.07578125
0 0.746875 0.74453125 0.071875 0.08515625
0 0.396875 0.74375 0.046875 0.05625
0 0.5765625 0.73984375 0.06640625 0.07578125
0 0.49140625 0.8359375 0.06640625 0.071875
0 0.571875 0.91484375 0.07578125 0.090625
0 0.48515625 0.9890625 0.0671875 0.021875
0 0.92578125 0.74609375 0.06640625 0.1
0 0.98125 0.82890625 0.0375 0.10390625
0 0.90859375 0.903125 0.08125 0.1
0 0.821875 0.975 0.071875 0.05
0 0.659375 0.9796875 0.08125 0.040625