0 0.08125 0.9484375 0.08203125 0.09609375
0 0.021875 0.8265625 0.04375 0.09609375
0 0.07890625 0.75390625 0.078125 0.09609375
0 0.015625 0.66875 0.03125 0.090625
0 0.1625 0.85 0.08203125 0.08203125
0 0.26015625 0.7796875 0.0875 0.0875
0 0.33515625 0.70546875 0.08203125 0.090625
0 0.16640625 0.66875 0.08203125 0.07265625
0 0.090625 0.23203125 0.10546875 0.1
0 0.02421875 0.31875 0.0484375 0.1
0 0.0828125 0.41015625 0.078125 0.08203125
0 0.015625 0.47265625 0.03125 0.07265625
0 0.0828125 0.59609375 0.09609375 0.109375
0 0.17109375 0.50546875 0.090625 0.090625
0 0.2546875 0.5984375 0.0875 0.10546875
0 0.24921875 0.41796875 0.090625 0.090625
0 0.4234375 0.428125 0.0875 0.1
0 0.3421875 0.3296875 0.0875 0.09609375
0 0.25078125 0.240625 0.10546875 0.1
0 0.5171875 0.334375 0.08203125 0.0875
0 0.42578125 0.24609375 0.090625 0.1
0 0.35390625 0.15078125 0.1 0.109375
0 0.2625 0.06171875 0.08203125 0.0875
0 0.509375 0.16484375 0.0875 0.1
0 0.6703125 0.02578125 0.11484375 0.05078125
0 0.6671875 0.15078125 0.109375 0.090625
0 0.8515625 0.17265625 0.09609375 0.109375
0 0.76171875 0.07109375 0.090625 0.10546875
0 0.98359375 0.52109375 0.0328125 0.09609375
0 0.6703125 0.5265625 0.09609375 0.09609375
0 0.590625 0.6203125 0.10546875 0.10546875
0 0.51015625 0.70703125 0.09609375 0.10546875
0 0.671875 0.72734375 0.06328125 0.07265625
0 0.5921875 0.7953125 0.09609375 0.1
0 0.8375 0.7078125 0.078125 0.09609375
0 0.33125 0.87734375 0.090625 0.1
0 0.41640625 0.9546875 0.109375 0.090625
0 0.671875 0.884375 0.1 0.09609375
0 0.24921875 0.9515625 0.07265625 0.09609375
0 0.97421875 0.71640625 0.05078125 0.0875
0 0.978125 0.88203125 0.04375 0.109375
0 0.90703125 0.97265625 0.07265625 0.0546875
0 0.7625 0.96171875 0.11796875 0.0765625