0 0.07265625 0.2328125 0.06328125 0.07890625
0 0.14921875 0.3109375 0.06796875 0.08671875
0 0.02421875 0.0171875 0.0484375 0.034375
0 0.2953125 0.01875 0.075 0.0375
0 0.575 0.025 0.059375 0.05
0 0.5671875 0.16875 0.103125 0.08671875
0 0.425 0.32734375 0.08671875 0.0953125
0 0.78203125 0.09140625 0.07578125 0.07578125
0 0.93515625 0.0953125 0.06328125 0.06015625
0 0.93203125 0.25078125 0.06015625 0.06796875
0 0.98203125 0.484375 0.0359375 0.0875
0 0.634375 0.70234375 0.0953125 0.0953125
0 0.70859375 0.63828125 0.06328125 0.06796875
0 0.85 0.6296875 0.06015625 0.06015625
0 0.9328125 0.71484375 0.06796875 0.0953125
0 0.8609375 0.796875 0.06015625 0.06796875
0 0.00859375 0.93671875 0.0171875 0.06328125