0 0.08125 0.4359375 0.0625 0.06796875
0 0.32265625 0.17421875 0.0984375 0.09453125
0 0.48515625 0.33671875 0.09453125 0.0984375
0 0.4953125 0.14921875 0.08046875 0.0984375
0 0.42421875 0.08125 0.0625 0.08046875
0 0.4828125 0.0140625 0.0625 0.028125
0 0.5703125 0.07265625 0.0765625 0.08046875
0 0.74296875 0.06875 0.06796875 0.0625
0 0.8109375 0.1390625 0.06796875 0.07109375
0 0.73515625 0.40234375 0.09453125 0.0984375
0 0.81484375 0.32578125 0.0765625 0.09453125
0 0.89296875 0.23359375 0.05390625 0.07109375
0 0.97578125 0.14453125 0.0484375 0.07109375
0 0.9625 0.3140625 0.075 0.0890625
0 0.8921875 0.4 0.0765625 0.10390625
0 0.81796875 0.4828125 0.07109375 0.08046875
0 0.71875 0.57265625 0.0984375 0.0984375
0 0.96875 0.4859375 0.0625 0.10390625
0 0.79921875 0.65625 0.08046875 0.09453125
0 0.9640625 0.64375 0.07109375 0.0984375
0 0.56171875 0.7625 0.09453125 0.10390625
0 0.6390625 0.83203125 0.07109375 0.0890625
0 0.7140625 0.91015625 0.0890625 0.09453125
0 0.80859375 0.97578125 0.0890625 0.0484375
0 0.88515625 0.7609375 0.08046875 0.0890625
0 0.96875 0.82890625 0.0625 0.06796875
0 0.5609375 0.91796875 0.0859375 0.0859375
0 0.475 0.9875 0.06796875 0.025
0 0.64375 0.97109375 0.08046875 0.05703125
0 0.96953125 0.978125 0.0578125 0.04375