0 0.0546875 0.884375 0.0859375 0.1015625
0 0.0078125 0.75546875 0.015625 0.1015625
0 0.05234375 0.67890625 0.08203125 0.1015625
0 0.140625 0.78046875 0.0859375 0.0859375
0 0.24296875 0.70703125 0.0921875 0.0921875
0 0.32265625 0.628125 0.0859375 0.09609375
0 0.14453125 0.58984375 0.0859375 0.0765625
0 0.06484375 0.1296875 0.1109375 0.10546875
0 0.01015625 0.2203125 0.0203125 0.10625
0 0.05625 0.3171875 0.08203125 0.0859375
0 0.05625 0.51328125 0.1015625 0.11484375
0 0.14921875 0.41796875 0.09609375 0.09609375
0 0.2375 0.515625 0.0921875 0.1109375
0 0.23203125 0.32578125 0.09609375 0.09609375
0 0.415625 0.3359375 0.0921875 0.10546875
0 0.3296875 0.2328125 0.0921875 0.1015625
0 0.23359375 0.1390625 0.1109375 0.10546875
0 0.5140625 0.2375 0.0859375 0.0921875
0 0.41796875 0.14453125 0.09609375 0.10546875
0 0.3421875 0.05078125 0.10546875 0.1015625
0 0.50546875 0.05859375 0.0921875 0.10546875
0 0.67265625 0.04609375 0.11484375 0.0921875
0 0.8671875 0.0671875 0.1015625 0.11484375
0 0.675 0.43984375 0.1015625 0.1015625
0 0.5921875 0.53828125 0.1109375 0.1109375
0 0.50703125 0.63046875 0.1015625 0.1109375
0 0.67734375 0.6515625 0.0671875 0.0765625
0 0.59296875 0.7234375 0.1015625 0.10546875
0 0.8515625 0.63125 0.08203125 0.1015625
0 0.31796875 0.809375 0.09609375 0.10546875
0 0.4078125 0.9 0.11484375 0.11484375
0 0.67734375 0.8171875 0.10546875 0.1015625
0 0.23203125 0.89296875 0.0765625 0.1109375
0 0.14453125 0.9625 0.0671875 0.075
0 0.3234375 0.97890625 0.0921875 0.0421875
0 0.984375 0.63984375 0.03046875 0.0921875
0 0.98828125 0.8140625 0.02265625 0.11484375
0 0.925 0.91796875 0.0765625 0.07265625
0 0.77265625 0.925 0.12421875 0.134375
0 0.84375 0.98359375 0.10546875 0.0328125
0 0.50859375 0.96953125 0.12421875 0.0609375