0 0.24140625 0.021875 0.0890625 0.04375
0 0.165625 0.0765625 0.07890625 0.0734375
0 0.1734375 0.240625 0.07890625 0.0984375
0 0.165625 0.39609375 0.07890625 0.08984375
0 0.09921875 0.46796875 0.0734375 0.08671875
0 0.70625 0.16484375 0.0625 0.08671875
0 0.55390625 0.31796875 0.08203125 0.08203125
0 0.3984375 0.31875 0.08203125 0.08984375
0 0.32734375 0.39296875 0.08671875 0.08984375
0 0.4 0.47578125 0.07890625 0.0953125
0 0.471875 0.4171875 0.08203125 0.08984375
0 0.553125 0.484375 0.0734375 0.08671875
0 0.18125 0.55234375 0.08984375 0.0984375
0 0.2609375 0.6171875 0.07890625 0.08984375
0 0.403125 0.62890625 0.07890625 0.11953125
0 0.08671875 0.64453125 0.08203125 0.07890625
0 0.16640625 0.71875 0.0703125 0.103125
0 0.1 0.79375 0.0953125 0.0984375
0 0.0203125 0.88203125 0.040625 0.0625
0 0.10078125 0.95625 0.08671875 0.08671875
0 0.253125 0.95390625 0.08671875 0.0921875
0 0.321875 0.88984375 0.05390625 0.07890625
0 0.3296875 0.9921875 0.0625 0.015625
0 0.54375 0.80390625 0.0703125 0.103125
0 0.47109375 0.8734375 0.05703125 0.0625
0 0.69375 0.6390625 0.08203125 0.0953125
0 0.77109375 0.55390625 0.05703125 0.0625
0 0.92734375 0.4015625 0.05703125 0.0625
0 0.78046875 0.721875 0.0625 0.0703125
0 0.8484375 0.93515625 0.0734375 0.08671875