0 0.0453125 0.2421875 0.075 0.09375
0 0.4046875 0.16328125 0.059375 0.0671875
0 0.6171875 0.078125 0.0625 0.078125
0 0.26015625 0.3109375 0.0671875 0.075
0 0.40234375 0.3109375 0.0859375 0.090625
0 0.54765625 0.296875 0.0859375 0.078125
0 0.48125 0.38984375 0.078125 0.0828125
0 0.69609375 0.30390625 0.0703125 0.0828125
0 0.553125 0.4609375 0.059375 0.046875
0 0.61953125 0.52578125 0.0828125 0.0828125
0 0.54140625 0.6109375 0.0828125 0.075
0 0.3984375 0.6109375 0.0625 0.075
0 0.625 0.6859375 0.0625 0.075
0 0.47109375 0.68984375 0.0515625 0.0515625
0 0.55390625 0.7625 0.0828125 0.09375
0 0.625 0.828125 0.078125 0.078125
0 0.46328125 0.83515625 0.0671875 0.0671875
0 0.40234375 0.775 0.0703125 0.059375
0 0.33203125 0.69453125 0.0703125 0.0671875
0 0.18125 0.540625 0.075 0.090625
0 0.11015625 0.6171875 0.0546875 0.046875
0 0.04375 0.55078125 0.0625 0.0546875
0 0.0328125 0.70546875 0.059375 0.0671875
0 0.16875 0.85 0.0625 0.075
0 0.465625 0.97265625 0.078125 0.0546875
0 0.32890625 0.978125 0.0703125 0.04375
0 0.18828125 0.984375 0.0546875 0.03125
0 0.03046875 0.98046875 0.0515625 0.0390625
0 0.98203125 0.15625 0.0359375 0.0625
0 0.91640625 0.36953125 0.0671875 0.0671875
0 0.97421875 0.45625 0.0515625 0.09375
0 0.83984375 0.61328125 0.0546875 0.0546875
0 0.9125 0.68359375 0.075 0.0859375
0 0.97421875 0.61015625 0.0515625 0.0734375
0 0.915625 0.83828125 0.075 0.0828125
0 0.8359375 0.91484375 0.078125 0.0703125
0 0.91640625 0.9703125 0.0828125 0.059375
0 0.97734375 0.0171875 0.0421875 0.034375