0 0.975 0.98828125 0.05 0.0234375
0 0.96796875 0.5125 0.0640625 0.06953125
0 0.9671875 0.68203125 0.065625 0.1
0 0.965625 0.32890625 0.06875 0.0953125
0 0.896875 0.43046875 0.0609375 0.0828125
0 0.8140625 0.51953125 0.078125 0.0953125
0 0.73203125 0.4296875 0.06953125 0.0953125
0 0.81484375 0.33671875 0.06953125 0.09140625
0 0.8984375 0.25546875 0.07421875 0.09140625
0 0.81484375 0.18046875 0.06953125 0.09140625
0 0.7375 0.25859375 0.07421875 0.09140625
0 0.5703125 0.2671875 0.09140625 0.109375
0 0.66015625 0.1796875 0.09140625 0.1
0 0.7390625 0.08359375 0.0828125 0.0953125
0 0.8203125 0.01953125 0.078125 0.0390625
0 0.96796875 0.02265625 0.0640625 0.0453125
0 0.5796875 0.103125 0.065625 0.07421875
0 0.42421875 0.09375 0.065625 0.065625
0 0.346875 0.02265625 0.0609375 0.0453125
0 0.6671875 0.68828125 0.078125 0.08671875
0 0.7390625 0.77109375 0.0828125 0.078125
0 0.4328125 0.784375 0.065625 0.078125
0 0.4421875 0.95234375 0.1125 0.0953125
0 0.2078125 0.86875 0.0828125 0.0828125
0 0.03984375 0.871875 0.06953125 0.065625