0 0.97109375 0.11640625 0.0578125 0.0640625
0 0.9671875 0.28359375 0.065625 0.084375
0 0.89921875 0.2015625 0.04765625 0.0640625
0 0.82265625 0.12109375 0.04765625 0.0640625
0 0.8265625 0.2734375 0.0875 0.0796875
0 0.9 0.35 0.06875 0.09296875
0 0.96640625 0.42421875 0.0640625 0.071875
0 0.75390625 0.33828125 0.0765625 0.0765625
0 0.68203125 0.2609375 0.0609375 0.071875
0 0.67734375 0.1125 0.0609375 0.05625
0 0.6125 0.0375 0.084375 0.071875
0 0.53515625 0.10859375 0.0796875 0.0796875
0 0.45234375 0.1890625 0.0796875 0.0875
0 0.38671875 0.259375 0.04453125 0.05234375
0 0.5296875 0.25859375 0.06875 0.0765625
0 0.60390625 0.34453125 0.0640625 0.071875
0 0.8234375 0.4265625 0.071875 0.09296875
0 0.9734375 0.57890625 0.05234375 0.084375
0 0.825 0.56796875 0.084375 0.0875
0 0.746875 0.50078125 0.071875 0.071875
0 0.68203125 0.40625 0.0609375 0.06875
0 0.9671875 0.88359375 0.065625 0.0796875
0 0.90625 0.67265625 0.071875 0.0796875
0 0.83125 0.73359375 0.05625 0.0609375
0 0.90078125 0.96171875 0.0765625 0.0765625
0 0.7546875 0.96171875 0.071875 0.0765625
0 0.82578125 0.884375 0.0609375 0.071875
0 0.6 0.49140625 0.071875 0.084375
0 0.6828125 0.571875 0.071875 0.0796875
0 0.74765625 0.64765625 0.0796875 0.0875
0 0.60546875 0.64765625 0.0765625 0.0875
0 0.68125 0.721875 0.06875 0.0609375
0 0.75546875 0.8125 0.0796875 0.0875
0 0.684375 0.88203125 0.06875 0.0765625
0 0.59921875 0.8109375 0.04765625 0.05234375
0 0.5359375 0.740625 0.05625 0.05625
0 0.53359375 0.56015625 0.0609375 0.0875
0 0.46015625 0.5 0.0640625 0.0640625
0 0.3859375 0.57578125 0.06875 0.0875
0 0.3125 0.65625 0.0875 0.09609375
0 0.521875 0.88515625 0.084375 0.09296875
0 0.45546875 0.81171875 0.0640625 0.0796875
0 0.31015625 0.81171875 0.0765625 0.09609375
0 0.45 0.96171875 0.084375 0.0765625
0 0.31015625 0.965625 0.0765625 0.06875
0 0.02265625 0.9734375 0.04453125 0.05234375
0 0.0265625 0.81171875 0.05234375 0.09609375
0 0.09453125 0.74140625 0.0765625 0.09296875
0 0.16875 0.8203125 0.0875 0.0875
0 0.16328125 0.65 0.09296875 0.10859375
0 0.08515625 0.58359375 0.05234375 0.05625