0 0.0703125 0.16015625 0.0625 0.0703125
0 0.0171875 0.23359375 0.034375 0.0703125
0 0.1484375 0.228125 0.0625 0.075
0 0.0671875 0.31953125 0.0625 0.0671875
0 0.140625 0.39765625 0.0625 0.0671875
0 0.07265625 0.46484375 0.0828125 0.0859375
0 0.1421875 0.54296875 0.075 0.0703125
0 0.0703125 0.62734375 0.046875 0.0515625
0 0.22265625 0.6265625 0.0546875 0.075
0 0.36640625 0.4703125 0.0515625 0.059375
0 0.36328125 0.3140625 0.0390625 0.04375
0 0.35390625 0.778125 0.0515625 0.0625
0 0.4234375 0.85 0.059375 0.075
0 0.28125 0.984375 0.046875 0.03125
0 0.13359375 0.98203125 0.0578125 0.0359375
0 0.434375 0.240625 0.046875 0.059375
0 0.225 0.0234375 0.04375 0.046875
0 0.43828125 0.09375 0.0390625 0.046875
0 0.5046875 0.01953125 0.03125 0.0390625
0 0.5828125 0.2578125 0.046875 0.046875
0 0.7875 0.0234375 0.04375 0.046875
0 0.93359375 0.17109375 0.0703125 0.0828125
0 0.98828125 0.246875 0.0234375 0.078125
0 0.86875 0.39453125 0.059375 0.0703125
0 0.93203125 0.47109375 0.0359375 0.0515625
0 0.98046875 0.54296875 0.0390625 0.0859375
0 0.85 0.54296875 0.059375 0.0703125
0 0.709375 0.5515625 0.059375 0.0625
0 0.7828125 0.62578125 0.059375 0.0703125
0 0.49296875 0.625 0.0390625 0.046875
0 0.64140625 0.621875 0.0546875 0.0625
0 0.57109375 0.7015625 0.0546875 0.059375
0 0.6375 0.7671875 0.0625 0.075
0 0.56640625 0.84765625 0.0546875 0.0546875
0 0.93046875 0.62734375 0.0546875 0.0828125
0 0.98046875 0.69609375 0.0390625 0.0859375
0 0.91640625 0.75703125 0.0671875 0.0828125
0 0.8453125 0.834375 0.059375 0.075
0 0.71015625 0.84609375 0.0671875 0.0828125
0 0.7671875 0.91328125 0.075 0.0828125
0 0.63203125 0.9234375 0.0671875 0.075
0 0.5671875 0.978125 0.0625 0.04375
0 0.85078125 0.98046875 0.0828125 0.0390625