0 0.978125 0.05390625 0.04375 0.0828125
0 0.84296875 0.1953125 0.0828125 0.078125
0 0.9765625 0.209375 0.046875 0.075
0 0.9765625 0.3578125 0.046875 0.075
0 0.9046875 0.27265625 0.075 0.0828125
0 0.84609375 0.34375 0.0671875 0.09375
0 0.490625 0.2734375 0.04375 0.046875
0 0.071875 0.40859375 0.059375 0.0671875
0 0.01171875 0.33671875 0.0234375 0.0546875
0 0.13984375 0.18671875 0.0515625 0.0515625
0 0.20546875 0.11640625 0.0515625 0.0515625
0 0.14140625 0.04375 0.0546875 0.046875
0 0.3640625 0.1140625 0.046875 0.046875
0 0.84609375 0.0609375 0.0515625 0.04375