0 0.603125 0.03125 0.07890625 0.0625
0 0.6625 0.0921875 0.04921875 0.0625
0 0.97421875 0.253125 0.05078125 0.0703125
0 0.90390625 0.33671875 0.05703125 0.0734375
0 0.82578125 0.4140625 0.05703125 0.0734375
0 0.9015625 0.4859375 0.04609375 0.05390625
0 0.97421875 0.72265625 0.05078125 0.07890625
0 0.821875 0.7296875 0.05703125 0.04921875
0 0.67421875 0.72578125 0.040625 0.040625
0 0.5265625 0.721875 0.04921875 0.05703125
0 0.596875 0.6515625 0.0328125 0.040625
0 0.4484375 0.64375 0.040625 0.040625
0 0.37109375 0.4109375 0.040625 0.05703125
0 0.60546875 0.95703125 0.05390625 0.04609375
0 0.15390625 0.93828125 0.065625 0.0734375
0 0.23046875 0.9890625 0.07734375 0.02109375
0 0.071875 0.98515625 0.065625 0.0296875
0 0.0078125 0.79375 0.015625 0.053125
0 0.015625 0.6296875 0.03125 0.0625
0 0.22265625 0.08828125 0.04921875 0.0625
0 0.36484375 0.24765625 0.0375 0.04609375