0 0.04375 0.090625 0.0875 0.1015625
0 0.04921875 0.4515625 0.08359375 0.07890625
0 0.11015625 0.37421875 0.1015625 0.1046875
0 0.20390625 0.28359375 0.09609375 0.1015625
0 0.190625 0.11953125 0.0875 0.09609375
0 0.2859375 0.04296875 0.075 0.0859375
0 0.4484375 0.05390625 0.07890625 0.0875
0 0.6109375 0.03984375 0.084375 0.0796875
0 0.534375 0.13515625 0.09296875 0.09296875
0 0.60859375 0.23359375 0.06640625 0.09609375
0 0.53359375 0.315625 0.08359375 0.09296875
0 0.446875 0.39453125 0.09296875 0.09296875
0 0.70703125 0.14296875 0.07890625 0.08359375
0 0.77890625 0.06328125 0.0578125 0.0703125
0 0.86484375 0.0125 0.07890625 0.02421875
0 0.946875 0.053125 0.0609375 0.0734375
0 0.85546875 0.1515625 0.07890625 0.09609375
0 0.9453125 0.24453125 0.09296875 0.1015625
0 0.86328125 0.3234375 0.1046875 0.1015625
0 0.76953125 0.41796875 0.08359375 0.0875
0 0.60546875 0.39921875 0.07890625 0.07890625
0 0.534375 0.4875 0.075 0.0875
0 0.375 0.46328125 0.07890625 0.08359375
0 0.69609375 0.50234375 0.08359375 0.09296875
0 0.609375 0.60546875 0.09296875 0.11328125
0 0.5359375 0.6625 0.07890625 0.0703125
0 0.1171875 0.5484375 0.12265625 0.11328125
0 0.20078125 0.64921875 0.1015625 0.11328125
0 0.0390625 0.81015625 0.078125 0.1046875
0 0.1953125 0.825 0.07890625 0.1015625
0 0.1078125 0.74453125 0.07890625 0.0875
0 0.29140625 0.7328125 0.13125 0.12265625
0 0.11328125 0.90390625 0.1015625 0.1015625
0 0.034375 0.97734375 0.06796875 0.0453125
0 0.21015625 0.97734375 0.1015625 0.0453125
0 0.3765625 0.83203125 0.075 0.0875
0 0.3640625 0.9828125 0.078125 0.034375
0 0.4546875 0.921875 0.08359375 0.09296875
0 0.53359375 0.8328125 0.1015625 0.09609375
0 0.98984375 0.16640625 0.0203125 0.0921875
0 0.946875 0.42421875 0.09609375 0.11015625
0 0.85703125 0.51328125 0.08359375 0.09609375
0 0.784375 0.5859375 0.075 0.08359375
0 0.67890625 0.67421875 0.09296875 0.09296875
0 0.6171875 0.75 0.06640625 0.0875
0 0.95546875 0.61640625 0.07890625 0.09296875
0 0.8703125 0.6859375 0.06640625 0.0578125
0 0.94375 0.76953125 0.06640625 0.06640625
0 0.78515625 0.76953125 0.0703125 0.08359375
0 0.71328125 0.84140625 0.08359375 0.09609375
0 0.8484375 0.85859375 0.09296875 0.1046875
0 0.78125 0.93125 0.0703125 0.09296875
0 0.61171875 0.94453125 0.1109375 0.1109375
0 0.534375 0.9828125 0.0875 0.034375
0 0.69765625 0.9859375 0.0703125 0.028125
0 0.934375 0.946875 0.0609375 0.07890625