0 0.990625 0.21171875 0.01875 0.10078125
0 0.6359375 0.1265625 0.0640625 0.071875
0 0.40859375 0.03828125 0.0671875 0.0765625
0 0.79140625 0.28515625 0.071875 0.08046875
0 0.63828125 0.28515625 0.0921875 0.09765625
0 0.48203125 0.2703125 0.0921875 0.08359375
0 0.55390625 0.3703125 0.08359375 0.0890625
0 0.32265625 0.27734375 0.07578125 0.0890625
0 0.4765625 0.44609375 0.0640625 0.05
0 0.40546875 0.515625 0.0890625 0.0890625
0 0.4890625 0.60703125 0.0890625 0.08046875
0 0.64296875 0.60703125 0.0671875 0.08046875
0 0.39921875 0.68828125 0.0671875 0.08046875
0 0.56484375 0.6921875 0.05546875 0.05546875
0 0.47578125 0.7703125 0.0890625 0.10078125
0 0.39921875 0.840625 0.08359375 0.08359375
0 0.57265625 0.8484375 0.071875 0.071875
0 0.63828125 0.78359375 0.07578125 0.0640625
0 0.7140625 0.696875 0.07578125 0.071875
0 0.87578125 0.53203125 0.08046875 0.09765625
0 0.95234375 0.6140625 0.05859375 0.05
0 0.8890625 0.8640625 0.0671875 0.08046875
0 0.57109375 0.9828125 0.0828125 0.034375
0 0.7171875 0.9890625 0.07578125 0.021875
0 0.86875 0.9953125 0.059375 0.009375
0 0.01796875 0.11875 0.03515625 0.0671875
0 0.08671875 0.3484375 0.071875 0.071875
0 0.0265625 0.440625 0.053125 0.1
0 0.16875 0.61015625 0.05859375 0.05859375
0 0.090625 0.68515625 0.08046875 0.0921875
0 0.0265625 0.60546875 0.053125 0.0796875
0 0.0875 0.8515625 0.08046875 0.0890625
0 0.17265625 0.93359375 0.08359375 0.07578125
0 0.08671875 0.98046875 0.0890625 0.03828125