0 0.03203125 0.34765625 0.0640625 0.09765625
0 0.028125 0.51015625 0.05546875 0.06171875
0 0.17265625 0.51640625 0.08671875 0.09765625
0 0.23125 0.42890625 0.0734375 0.08671875
0 0.3203125 0.51015625 0.08203125 0.09453125
0 0.1671875 0.34765625 0.0703125 0.08203125
0 0.10078125 0.26484375 0.05703125 0.078125
0 0.3140625 0.34375 0.06171875 0.08984375
0 0.2390625 0.26640625 0.0734375 0.09765625
0 0.165625 0.184375 0.08984375 0.08203125
0 0.09765625 0.1 0.078125 0.065625
0 0.4 0.27890625 0.06171875 0.0734375
0 0.32265625 0.17578125 0.0703125 0.08671875
0 0.2453125 0.1015625 0.078125 0.09453125
0 0.46171875 0.19453125 0.0703125 0.09453125
0 0.6234375 0.1828125 0.0734375 0.09453125
0 0.55 0.11484375 0.0734375 0.0734375
0 0.3859375 0.11328125 0.08203125 0.08671875
0 0.02734375 0.0328125 0.05390625 0.065625
0 0.175 0.02109375 0.04609375 0.0421875
0 0.31328125 0.0359375 0.08984375 0.071875
0 0.484375 0.03125 0.0734375 0.06171875
0 0.234375 0.7546875 0.08984375 0.1109375
0 0.15859375 0.8421875 0.078125 0.0734375
0 0.165625 0.978125 0.0765625 0.04375
0 0.69765625 0.93046875 0.06171875 0.08671875