0 0.9890625 0.11328125 0.02109375 0.078125
0 0.93125 0.19453125 0.040625 0.0453125
0 0.79140625 0.04609375 0.0859375 0.0734375
0 0.8640625 0.12578125 0.05390625 0.06953125
0 0.79453125 0.1953125 0.06953125 0.0859375
0 0.640625 0.21328125 0.05390625 0.05703125
0 0.71953125 0.2875 0.08125 0.09453125
0 0.8734375 0.27578125 0.06484375 0.06171875
0 0.934375 0.34765625 0.0734375 0.06484375
0 0.990625 0.42265625 0.01875 0.0640625
0 0.93671875 0.51328125 0.09453125 0.09765625
0 0.86640625 0.5828125 0.0890625 0.09765625
0 0.93125 0.65859375 0.0734375 0.0859375
0 0.98125 0.5796875 0.0375 0.09453125
0 0.49609375 0.3765625 0.0890625 0.078125
0 0.57734375 0.2859375 0.05703125 0.0484375
0 0.64609375 0.35 0.08125 0.0859375
0 0.6203125 0.5203125 0.09453125 0.0859375
0 0.86171875 0.73828125 0.09765625 0.09453125
0 0.92421875 0.82578125 0.0859375 0.0890625
0 0.98125 0.90234375 0.0375 0.08125
0 0.27265625 0.6015625 0.0484375 0.05390625
0 0.04921875 0.3734375 0.0890625 0.09453125
0 0.11171875 0.7640625 0.06171875 0.05390625
0 0.05 0.85 0.09765625 0.0890625
0 0.1046875 0.93203125 0.06953125 0.06484375
0 0.7078125 0.909375 0.09765625 0.09453125
0 0.78828125 0.97109375 0.0734375 0.0578125