0 0.71171875 0.0328125 0.0765625 0.065625
0 0.55546875 0.04375 0.06796875 0.08046875
0 0.6296875 0.1203125 0.0625 0.0625
0 0.47578125 0.13359375 0.0765625 0.0890625
0 0.53828125 0.20703125 0.0765625 0.0859375
0 0.96171875 0.1046875 0.05859375 0.0765625
0 0.8796875 0.1921875 0.0625 0.08046875
0 0.959375 0.27265625 0.08125 0.0984375
0 0.88125 0.35234375 0.09453125 0.0984375
0 0.80390625 0.27578125 0.07109375 0.08046875
0 0.5484375 0.3703125 0.0890625 0.08046875
0 0.6328125 0.45703125 0.0984375 0.10390625
0 0.70859375 0.36640625 0.0890625 0.0890625
0 0.79609375 0.45 0.0859375 0.0890625
0 0.70859375 0.53125 0.0890625 0.0984375
0 0.62734375 0.6109375 0.0765625 0.07109375
0 0.54609375 0.53203125 0.06796875 0.06796875
0 0.46328125 0.6328125 0.08046875 0.08046875
0 0.3828125 0.53828125 0.0984375 0.09453125
0 0.61796875 0.80078125 0.0859375 0.09453125
0 0.70859375 0.68671875 0.0890625 0.11640625
0 0.8703125 0.70234375 0.0984375 0.09453125
0 0.79921875 0.78984375 0.08046875 0.08046875
0 0.9546875 0.77109375 0.08046875 0.0890625
0 0.95546875 0.44609375 0.0890625 0.0890625
0 0.29453125 0.96875 0.07109375 0.0625
0 0.35859375 0.8890625 0.0859375 0.0859375
0 0.2890625 0.80625 0.05390625 0.05859375
0 0.37890625 0.7265625 0.0890625 0.10703125
0 0.53203125 0.875 0.06796875 0.07109375
0 0.61875 0.95 0.09453125 0.1
0 0.70078125 0.8828125 0.08046875 0.0625
0 0.79140625 0.96171875 0.06796875 0.05859375
0 0.9515625 0.9453125 0.0859375 0.08046875
0 0.04453125 0.38125 0.07109375 0.0765625
0 0.22265625 0.225 0.0625 0.06796875
0 0.29609375 0.3078125 0.06796875 0.0625
0 0.3828125 0.21796875 0.0625 0.05390625
0 0.46796875 0.2921875 0.05390625 0.04140625
0 0.5328125 0.71328125 0.0765625 0.08046875
0 0.0328125 0.89453125 0.05859375 0.06796875