0 0.5921875 0.0296875 0.075 0.059375
0 0.75078125 0.021875 0.0703125 0.04375
0 0.88671875 0.015625 0.0703125 0.03125
0 0.31171875 0.7734375 0.0828125 0.09375
0 0.3734375 0.85234375 0.059375 0.0546875
0 0.67109375 0.678125 0.0671875 0.059375
0 0.73828125 0.740625 0.0703125 0.075
0 0.8140625 0.66875 0.075 0.078125
0 0.79921875 0.82109375 0.0671875 0.0859375
0 0.884375 0.7515625 0.04375 0.059375
0 0.94921875 0.51640625 0.0703125 0.0703125
0 0.23515625 0.5546875 0.0546875 0.0625
0 0.38203125 0.540625 0.0671875 0.075
0 0.6734375 0.53046875 0.059375 0.0671875
0 0.73359375 0.44375 0.0671875 0.075
0 0.809375 0.37578125 0.078125 0.0703125
0 0.88203125 0.44609375 0.0515625 0.0390625
0 0.309375 0.17265625 0.0625 0.0703125
0 0.365625 0.0953125 0.075 0.075
0 0.3046875 0.0234375 0.046875 0.046875
0 0.5171875 0.0828125 0.059375 0.0625
0 0.3765625 0.24921875 0.059375 0.0671875
0 0.3046875 0.3296875 0.0625 0.075
0 0.2359375 0.25703125 0.075 0.0671875
0 0.45390625 0.31484375 0.0703125 0.0671875
0 0.52578125 0.38203125 0.0828125 0.0984375
0 0.59453125 0.31328125 0.0546875 0.0703125
0 0.671875 0.375 0.078125 0.078125
0 0.7328125 0.29296875 0.075 0.0703125
0 0.671875 0.22109375 0.0625 0.0671875
0 0.59296875 0.15 0.0828125 0.090625
0 0.66484375 0.08984375 0.0703125 0.0546875
0 0.74375 0.15859375 0.059375 0.0515625
0 0.80703125 0.22734375 0.0671875 0.0703125
0 0.884375 0.14453125 0.075 0.0703125
0 0.96640625 0.21953125 0.0671875 0.0734375
0 0.0859375 0.25859375 0.0625 0.0546875
0 0.14921875 0.328125 0.0546875 0.0625
0 0.0828125 0.4078125 0.0625 0.075
0 0.084375 0.703125 0.075 0.078125
0 0.08203125 0.85390625 0.0703125 0.0671875
0 0.1484375 0.9234375 0.078125 0.075
0 0.025 0.0421875 0.05 0.078125
0 0.08046875 0.1 0.0515625 0.059375
0 0.025 0.63828125 0.05 0.0984375
0 0.0296875 0.78984375 0.059375 0.0859375
0 0.44609375 0.91484375 0.0859375 0.0859375