0 0.26953125 0.97421875 0.0703125 0.0515625
0 0.421875 0.9765625 0.078125 0.046875
0 0.56171875 0.98046875 0.0671875 0.0390625
0 0.34765625 0.91015625 0.0859375 0.0703125
0 0.41640625 0.83671875 0.0828125 0.0703125
0 0.48671875 0.90859375 0.0671875 0.0671875
0 0.56484375 0.8359375 0.0828125 0.078125
0 0.70703125 0.8359375 0.0703125 0.078125
0 0.7875 0.75703125 0.075 0.0671875
0 0.42265625 0.68359375 0.1015625 0.1171875
0 0.35390625 0.59453125 0.0828125 0.0859375
0 0.421875 0.53828125 0.078125 0.0828125
0 0.49375 0.75859375 0.090625 0.1015625
0 0.65078125 0.6 0.0984375 0.10625
0 0.7109375 0.68046875 0.09375 0.1015625
0 0.71484375 0.525 0.0859375 0.090625
0 0.64140625 0.4546875 0.0859375 0.090625
0 0.5609375 0.53515625 0.090625 0.1015625
0 0.49921875 0.45703125 0.0671875 0.0703125
0 0.35546875 0.45390625 0.0859375 0.1015625
0 0.290625 0.53046875 0.075 0.0828125
0 0.209375 0.6109375 0.090625 0.090625
0 0.278125 0.6796875 0.09375 0.09375
0 0.2078125 0.75390625 0.078125 0.0859375
0 0.271875 0.83515625 0.090625 0.0984375
0 0.0546875 0.9046875 0.09375 0.090625
0 0.13359375 0.82890625 0.0859375 0.0859375
0 0.20234375 0.92265625 0.0828125 0.0859375
0 0.14296875 0.9703125 0.0671875 0.059375
0 0.015625 0.96640625 0.03125 0.0671875
0 0.01953125 0.6890625 0.0390625 0.090625
0 0.0671875 0.76171875 0.09375 0.1015625
0 0.0140625 0.540625 0.028125 0.075
0 0.0625 0.60859375 0.078125 0.0828125
0 0.13203125 0.53984375 0.08125 0.0859375
0 0.06484375 0.4390625 0.0828125 0.090625
0 0.13671875 0.37421875 0.0859375 0.0828125
0 0.21796875 0.3046875 0.0828125 0.09375
0 0.28125 0.3796875 0.078125 0.078125
0 0.2078125 0.4421875 0.09375 0.078125
0 0.934375 0.59765625 0.078125 0.0703125
0 0.978125 0.51796875 0.04375 0.0984375
0 0.8734375 0.37734375 0.090625 0.0984375
0 0.79296875 0.446875 0.0859375 0.090625
0 0.8609375 0.528125 0.075 0.078125
0 0.71328125 0.371875 0.0984375 0.09375
0 0.7890625 0.28984375 0.078125 0.0859375
0 0.859375 0.2109375 0.09375 0.109375
0 0.36015625 0.296875 0.0859375 0.09375
0 0.4265625 0.3671875 0.09375 0.078125
0 0.4984375 0.29765625 0.090625 0.0859375
0 0.56328125 0.3640625 0.0859375 0.078125
0 0.64296875 0.29140625 0.0515625 0.0515625
0 0.571875 0.21796875 0.090625 0.0984375
0 0.50390625 0.1421875 0.0859375 0.090625
0 0.4234375 0.2234375 0.090625 0.09375
0 0.359375 0.15234375 0.09375 0.0859375
0 0.7109375 0.21015625 0.078125 0.0828125
0 0.65625 0.1390625 0.09375 0.090625
0 0.71953125 0.0609375 0.0859375 0.090625
0 0.78984375 0.1375 0.0859375 0.09375
0 0.06953125 0.14453125 0.0984375 0.0859375
0 0.13359375 0.22109375 0.1015625 0.0984375
0 0.2828125 0.2234375 0.090625 0.09375
0 0.14296875 0.0671875 0.0828125 0.09375
0 0.22109375 0.01953125 0.0671875 0.0390625
0 0.43359375 0.06484375 0.0859375 0.0828125
0 0.5703125 0.05703125 0.078125 0.0671875