0 0.984375 0.65234375 0.03125 0.0859375
0 0.92109375 0.58203125 0.0671875 0.0703125
0 0.978125 0.81171875 0.04375 0.0828125
0 0.978125 0.95546875 0.04375 0.0671875
0 0.9203125 0.87890625 0.075 0.0859375
0 0.91796875 0.7328125 0.0859375 0.090625
0 0.696875 0.64765625 0.075 0.0828125
0 0.63984375 0.7109375 0.0671875 0.0625
0 0.6265625 0.5625 0.075 0.078125
0 0.56484375 0.484375 0.0828125 0.078125
0 0.715625 0.4921875 0.078125 0.078125
0 0.78359375 0.56953125 0.0828125 0.0828125
0 0.85859375 0.50234375 0.0828125 0.0828125
0 0.93046875 0.43203125 0.0859375 0.0828125
0 0.86328125 0.65 0.0703125 0.075
0 0.85078125 0.79765625 0.0828125 0.0859375
0 0.78125 0.865625 0.078125 0.090625
0 0.63515625 0.8671875 0.0828125 0.078125
0 0.55625 0.7859375 0.075 0.078125
0 0.48359375 0.696875 0.0828125 0.090625
0 0.559375 0.63203125 0.0625 0.0671875
0 0.4859375 0.55390625 0.075 0.0828125
0 0.41015625 0.47265625 0.0859375 0.0859375
0 0.4828125 0.40703125 0.075 0.0703125
0 0.55859375 0.33046875 0.0703125 0.0671875
0 0.63359375 0.4125 0.0703125 0.059375
0 0.78984375 0.26953125 0.0703125 0.0703125
0 0.3328125 0.69765625 0.078125 0.0828125
0 0.40625 0.77734375 0.0625 0.0703125
0 0.4859375 0.865625 0.075 0.075
0 0.3421875 0.54921875 0.059375 0.0671875
0 0.4109375 0.63203125 0.0625 0.0671875
0 0.26484375 0.46796875 0.0828125 0.0828125
0 0.19453125 0.390625 0.0671875 0.078125
0 0.26796875 0.3140625 0.0671875 0.075
0 0.41875 0.328125 0.078125 0.078125
0 0.7046875 0.95546875 0.075 0.0828125
0 0.85390625 0.9375 0.0828125 0.09375
0 0.48359375 0.9859375 0.0984375 0.028125
0 0.34140625 0.98203125 0.0734375 0.0359375
0 0.03671875 0.96640625 0.0734375 0.0671875
0 0.0328125 0.8234375 0.065625 0.09375
0 0.10625 0.91328125 0.09375 0.0828125
0 0.18203125 0.97265625 0.0671875 0.0546875
0 0.26484375 0.9109375 0.0828125 0.078125
0 0.1859375 0.83203125 0.059375 0.0703125
0 0.1921875 0.6921875 0.09375 0.09375
0 0.2578125 0.76640625 0.078125 0.0703125
0 0.11796875 0.61328125 0.0859375 0.0859375
0 0.92890625 0.11171875 0.0828125 0.0828125
0 0.55703125 0.17265625 0.0984375 0.0859375
0 0.4859375 0.24609375 0.090625 0.0859375
0 0.48828125 0.10234375 0.0703125 0.0703125
0 0.421875 0.02734375 0.078125 0.0546875
0 0.63515625 0.0953125 0.0671875 0.075
0 0.7109375 0.03125 0.0625 0.0625
0 0.85546875 0.03828125 0.0546875 0.0515625
0 0.26640625 0.1609375 0.0859375 0.078125
0 0.3421875 0.09609375 0.075 0.0671875
0 0.19609375 0.0875 0.0546875 0.04375