0 0.6296875 0.95859375 0.084375 0.0828125
0 0.70390625 0.7390625 0.084375 0.084375
0 0.56171875 0.728125 0.0765625 0.103125
0 0.64296875 0.6453125 0.0796875 0.0875
0 0.70546875 0.57109375 0.07109375 0.0765625
0 0.5640625 0.56953125 0.06796875 0.0953125
0 0.6328125 0.50078125 0.06796875 0.084375
0 0.4828125 0.4953125 0.06015625 0.06015625
0 0.55859375 0.40859375 0.06328125 0.06796875
0 0.49375 0.34765625 0.0921875 0.0953125
0 0.4140625 0.42890625 0.0921875 0.0921875
0 0.33671875 0.35 0.0796875 0.084375
0 0.2671875 0.4265625 0.084375 0.0875
0 0.70234375 0.41875 0.0875 0.0796875
0 0.76953125 0.48828125 0.06328125 0.084375
0 0.85078125 0.56875 0.0921875 0.0875
0 0.9234375 0.6390625 0.0796875 0.084375
0 0.8484375 0.73125 0.05546875 0.05234375
0 0.971875 0.08984375 0.05546875 0.0875
0 0.97890625 0.253125 0.0421875 0.090625
0 0.98203125 0.40703125 0.0359375 0.0921875
0 0.98046875 0.56328125 0.0390625 0.0765625
0 0.928125 0.48984375 0.103125 0.103125
0 0.86015625 0.25234375 0.0796875 0.0796875
0 0.77890625 0.33359375 0.084375 0.0765625
0 0.6359375 0.33515625 0.1 0.0953125
0 0.70703125 0.25234375 0.05234375 0.04765625
0 0.6359375 0.1859375 0.06796875 0.0765625
0 0.5609375 0.2625 0.084375 0.084375
0 0.4859375 0.17421875 0.0921875 0.0921875
0 0.56328125 0.0875 0.0796875 0.0765625
0 0.47421875 0.0328125 0.0921875 0.06484375
0 0.4109375 0.1140625 0.0765625 0.0765625
0 0.3484375 0.19296875 0.103125 0.103125
0 0.40546875 0.2625 0.06796875 0.06796875
0 0.84140625 0.103125 0.0796875 0.0921875
0 0.7703125 0.040625 0.084375 0.08125
0 0.70546875 0.10625 0.05546875 0.06015625