0 0.978125 0.06171875 0.04375 0.0828125
0 0.978125 0.20546875 0.04375 0.0671875
0 0.9203125 0.12890625 0.075 0.0859375
0 0.91796875 0.0140625 0.0859375 0.028125
0 0.85078125 0.04765625 0.0828125 0.0859375
0 0.78125 0.115625 0.078125 0.090625
0 0.63515625 0.1171875 0.0828125 0.078125
0 0.55625 0.0375 0.075 0.075
0 0.40625 0.03125 0.0625 0.0625
0 0.4859375 0.115625 0.075 0.075
0 0.7046875 0.20546875 0.075 0.0828125
0 0.85390625 0.1875 0.0828125 0.09375
0 0.77734375 0.278125 0.0703125 0.078125
0 0.7015625 0.34765625 0.090625 0.0859375
0 0.55859375 0.353125 0.0703125 0.075
0 0.48359375 0.2703125 0.0984375 0.09375
0 0.4140625 0.34375 0.078125 0.078125
0 0.3421875 0.2546875 0.075 0.078125
0 0.92890625 0.2828125 0.0671875 0.075
0 0.8484375 0.36640625 0.0625 0.0671875
0 0.98046875 0.3609375 0.0390625 0.075
0 0.91796875 0.43046875 0.0859375 0.0703125
0 0.77421875 0.43203125 0.0703125 0.0671875
0 0.63125 0.428125 0.075 0.075
0 0.10625 0.303125 0.078125 0.090625
0 0.0375 0.22734375 0.075 0.0859375
0 0.0328125 0.0734375 0.065625 0.09375
0 0.10625 0.16328125 0.09375 0.0828125
0 0.18203125 0.22890625 0.0671875 0.0671875
0 0.26484375 0.1609375 0.0828125 0.078125
0 0.1859375 0.08203125 0.059375 0.0703125
0 0.2578125 0.025 0.078125 0.05
0 0.3328125 0.41796875 0.078125 0.0703125
0 0.18984375 0.38984375 0.0671875 0.0828125
0 0.0375 0.3765625 0.075 0.090625
0 0.1171875 0.45 0.0625 0.03125