0 0.190625 0.38359375 0.0875 0.09296875
0 0.34453125 0.5375 0.06875 0.0875
0 0.1296875 0.7671875 0.0609375 0.05234375
0 0.18984375 0.85234375 0.09609375 0.0875
0 0.13671875 0.9328125 0.06875 0.0640625
0 0.62734375 0.2109375 0.084375 0.09296875
0 0.7140625 0.29296875 0.0796875 0.0875
0 0.565625 0.609375 0.0796875 0.0875
0 0.48984375 0.68125 0.0875 0.10390625
0 0.4171875 0.6296875 0.0765625 0.0796875
0 0.49375 0.5390625 0.0796875 0.084375
0 0.340625 0.70078125 0.0765625 0.0875
0 0.48984375 0.8328125 0.0875 0.10390625
0 0.34921875 0.98125 0.09140625 0.03671875
0 0.6328125 0.83359375 0.0765625 0.09296875
0 0.70390625 0.7609375 0.10078125 0.10390625
0 0.77890625 0.684375 0.084375 0.0875
0 0.71328125 0.61484375 0.071875 0.0765625
0 0.70390625 0.4578125 0.084375 0.0875
0 0.79296875 0.85546875 0.071875 0.084375
0 0.7140625 0.93671875 0.09609375 0.10390625
0 0.78203125 0.97578125 0.0875 0.04765625
0 0.98515625 0.28984375 0.0296875 0.0765625
0 0.93046875 0.38125 0.10078125 0.10390625
0 0.7046875 0.0125 0.084375 0.025
0 0.56171875 0.0125 0.0765625 0.025
0 0.92265625 0.846875 0.06875 0.0765625