0 0.03125 0.85234375 0.0625 0.0859375
0 0.025 0.984375 0.05 0.03125
0 0.1453125 0.9859375 0.078125 0.028125
0 0.36640625 0.946875 0.0671875 0.075
0 0.5140625 0.9359375 0.090625 0.090625
0 0.4375 0.85 0.078125 0.075
0 0.525 0.78515625 0.090625 0.0859375
0 0.5875 0.8765625 0.075 0.075
0 0.64765625 0.95078125 0.1015625 0.0984375
0 0.1640625 0.865625 0.078125 0.090625
0 0.23359375 0.796875 0.0828125 0.09375
0 0.29765625 0.86875 0.0546875 0.059375
0 0.44765625 0.7109375 0.0671875 0.078125
0 0.1546875 0.71796875 0.10625 0.0984375
0 0.025 0.40234375 0.05 0.0703125
0 0.0328125 0.25 0.065625 0.078125
0 0.08984375 0.32734375 0.0859375 0.0828125
0 0.1625 0.3984375 0.075 0.078125
0 0.090625 0.47578125 0.0625 0.0671875
0 0.16875 0.5546875 0.078125 0.09375
0 0.07890625 0.640625 0.0859375 0.078125
0 0.23515625 0.6296875 0.0703125 0.078125
0 0.2984375 0.5546875 0.075 0.09375
0 0.23046875 0.478125 0.0703125 0.075
0 0.30390625 0.403125 0.0671875 0.078125
0 0.51484375 0.625 0.0828125 0.078125
0 0.58984375 0.5546875 0.1015625 0.09375
0 0.665625 0.48515625 0.075 0.0859375
0 0.60078125 0.41484375 0.0828125 0.0859375
0 0.51796875 0.4703125 0.0828125 0.090625
0 0.4375 0.39765625 0.078125 0.0828125
0 0.2359375 0.328125 0.059375 0.0625
0 0.30078125 0.24453125 0.0703125 0.0828125
0 0.3734375 0.31484375 0.090625 0.0671875
0 0.44609375 0.24296875 0.0859375 0.0859375
0 0.51953125 0.32109375 0.0859375 0.0703125
0 0.58984375 0.25 0.0703125 0.078125
0 0.66328125 0.33046875 0.0828125 0.0828125
0 0.74140625 0.25625 0.0671875 0.075
0 0.6796875 0.18046875 0.0625 0.0703125
0 0.7359375 0.09765625 0.075 0.0859375
0 0.8109375 0.02734375 0.075 0.0546875
0 0.66796875 0.0328125 0.0859375 0.065625
0 0.59296875 0.09296875 0.0828125 0.0984375
0 0.51796875 0.1796875 0.0671875 0.0625
0 0.30859375 0.08984375 0.0703125 0.0859375
0 0.37421875 0.17109375 0.0828125 0.0828125
0 0.44453125 0.09765625 0.0828125 0.0859375
0 0.37109375 0.03125 0.0703125 0.0625
0 0.021875 0.1 0.04375 0.059375
0 0.0984375 0.16875 0.0625 0.078125
0 0.1625 0.25 0.059375 0.0625
0 0.1578125 0.0859375 0.090625 0.09375
0 0.0921875 0.0296875 0.075 0.059375
0 0.23046875 0.03125 0.0859375 0.0625