0 0.03515625 0.7953125 0.0703125 0.071875
0 0.18671875 0.628125 0.0828125 0.07421875
0 0.2578125 0.54375 0.09609375 0.10390625
0 0.33515625 0.45546875 0.09921875 0.09921875
0 0.4203125 0.5453125 0.0875 0.07421875
0 0.121875 0.3953125 0.09609375 0.10390625
0 0.04140625 0.46875 0.0828125 0.09609375
0 0.10859375 0.5546875 0.07890625 0.0828125
0 0.0375 0.303125 0.07421875 0.090625
0 0.10703125 0.21953125 0.09921875 0.115625
0 0.4171875 0.2140625 0.115625 0.10390625
0 0.0390625 0.140625 0.07734375 0.09921875
0 0.41796875 0.0578125 0.1109375 0.115625
0 0.5109375 0.01328125 0.07109375 0.0265625
0 0.33671875 0.01875 0.0703125 0.0375