0 0.13515625 0.971875 0.09296875 0.05625
0 0.04453125 0.89765625 0.0890625 0.09296875
0 0.21875 0.903125 0.10625 0.11171875
0 0.3125 0.96484375 0.103125 0.0703125
0 0.66328125 0.9671875 0.08671875 0.065625
0 0.4953125 0.971875 0.10234375 0.05625
0 0.5859375 0.89765625 0.08671875 0.11171875
0 0.4890625 0.7984375 0.10625 0.121875
0 0.84921875 0.9625 0.11171875 0.075
0 0.93046875 0.896875 0.09296875 0.10625
0 0.98359375 0.80859375 0.0328125 0.115625
0 0.759375 0.89609375 0.10625 0.115625
0 0.67265625 0.79921875 0.08671875 0.096875
0 0.57890625 0.7046875 0.09296875 0.09296875
0 0.39765625 0.71328125 0.096875 0.08671875
0 0.3078125 0.615625 0.0828125 0.096875
0 0.22109375 0.70546875 0.10234375 0.10234375
0 0.13515625 0.6265625 0.0734375 0.08671875
0 0.05390625 0.71015625 0.1078125 0.11171875
0 0.04921875 0.5171875 0.0984375 0.11171875
0 0.225 0.51953125 0.0828125 0.07734375
0 0.1390625 0.42734375 0.09296875 0.08671875
0 0.04921875 0.328125 0.0984375 0.09296875
0 0.05390625 0.140625 0.1078125 0.11171875
0 0.13515625 0.23515625 0.11171875 0.115625
0 0.21875 0.1515625 0.10625 0.10234375
0 0.21796875 0.33359375 0.07734375 0.09296875
0 0.48515625 0.4234375 0.10234375 0.10625
0 0.40546875 0.32421875 0.11171875 0.11171875
0 0.30625 0.240625 0.08671875 0.08671875
0 0.315625 0.43125 0.0671875 0.0640625
0 0.4 0.5046875 0.09296875 0.10625
0 0.50078125 0.60625 0.0828125 0.07734375
0 0.5734375 0.5203125 0.09296875 0.08671875
0 0.93046875 0.7125 0.0734375 0.07734375
0 0.85 0.61875 0.08671875 0.0828125
0 0.7625 0.70234375 0.09296875 0.096875
0 0.66875 0.609375 0.0828125 0.0828125
0 0.98359375 0.621875 0.0328125 0.07734375
0 0.9296875 0.528125 0.10234375 0.10234375
0 0.98828125 0.41796875 0.0234375 0.08671875
0 0.98828125 0.23046875 0.0234375 0.10625
0 0.93046875 0.325 0.09296875 0.10234375
0 0.8390625 0.43046875 0.0828125 0.09296875
0 0.75703125 0.32421875 0.09296875 0.09296875
0 0.67734375 0.4109375 0.07734375 0.09296875
0 0.765625 0.525 0.0828125 0.096875
0 0.57265625 0.31953125 0.0828125 0.0828125
0 0.66015625 0.23828125 0.09296875 0.0828125
0 0.5703125 0.14765625 0.12578125 0.10625
0 0.48515625 0.2328125 0.0828125 0.0828125
0 0.40234375 0.13828125 0.10625 0.10625
0 0.84921875 0.23046875 0.09296875 0.10625
0 0.9234375 0.13203125 0.08671875 0.0828125
0 0.98203125 0.0390625 0.0359375 0.078125
0 0.75546875 0.13515625 0.10234375 0.09296875
0 0.840625 0.0421875 0.1125 0.084375
0 0.6703125 0.0421875 0.09375 0.084375
0 0.484375 0.04609375 0.0578125 0.0578125
0 0.3953125 0.01796875 0.121875 0.0359375
0 0.3125 0.0546875 0.09296875 0.10234375
0 0.046875 0.01328125 0.09375 0.0265625