0 0.8328125 0.0140625 0.09375 0.028125
0 0.89296875 0.06640625 0.0828125 0.0859375
0 0.96484375 0.140625 0.0703125 0.078125
0 0.1109375 0.015625 0.059375 0.03125
0 0.0515625 0.08984375 0.09375 0.0859375
0 0.10390625 0.16875 0.0671875 0.0625
0 0.1890625 0.375 0.090625 0.09375
0 0.684375 0.146875 0.09375 0.090625
0 0.76171875 0.22265625 0.0703125 0.0859375
0 0.6796875 0.290625 0.0625 0.075
0 0.62109375 0.37421875 0.0703125 0.0828125
0 0.82890625 0.278125 0.0859375 0.078125
0 0.76171875 0.35078125 0.0859375 0.0828125
0 0.9 0.35546875 0.075 0.0859375
0 0.9609375 0.428125 0.078125 0.075
0 0.678125 0.42421875 0.090625 0.0828125
0 0.83046875 0.42265625 0.0671875 0.0546875