0 0.72890625 0.9796875 0.0703125 0.040625
0 0.57265625 0.98203125 0.0796875 0.0359375
0 0.43203125 0.9859375 0.0671875 0.028125
0 0.6484375 0.92109375 0.0875 0.07109375
0 0.57890625 0.846875 0.084375 0.07109375
0 0.50703125 0.91953125 0.06796875 0.06796875
0 0.428125 0.84609375 0.084375 0.0796875
0 0.28359375 0.84609375 0.07109375 0.0796875
0 0.2015625 0.765625 0.0765625 0.06796875
0 0.571875 0.69140625 0.103125 0.11875
0 0.6421875 0.60078125 0.084375 0.0875
0 0.57265625 0.54375 0.0796875 0.084375
0 0.5 0.7671875 0.0921875 0.103125
0 0.340625 0.60625 0.1 0.1078125
0 0.2796875 0.68828125 0.0953125 0.103125
0 0.27578125 0.53046875 0.0875 0.0921875
0 0.35 0.45859375 0.0875 0.0921875
0 0.43203125 0.540625 0.0921875 0.103125
0 0.49453125 0.4609375 0.06796875 0.07109375
0 0.640625 0.4578125 0.0875 0.103125
0 0.70625 0.5359375 0.0765625 0.084375
0 0.7890625 0.6171875 0.0921875 0.0921875
0 0.71875 0.6875 0.0953125 0.0953125
0 0.790625 0.7625 0.0796875 0.0875
0 0.72578125 0.8453125 0.0921875 0.1
0 0.94609375 0.915625 0.0953125 0.0921875
0 0.865625 0.8390625 0.0875 0.0875
0 0.79609375 0.934375 0.084375 0.0875
0 0.85703125 0.97578125 0.0671875 0.0484375
0 0.98515625 0.97109375 0.0296875 0.0546875
0 0.98125 0.69609375 0.0375 0.0921875
0 0.93359375 0.7703125 0.0953125 0.103125
0 0.98671875 0.54609375 0.0265625 0.0765625
0 0.93828125 0.61484375 0.0796875 0.084375
0 0.8671875 0.5453125 0.0828125 0.0875
0 0.9359375 0.44296875 0.084375 0.0921875
0 0.8625 0.37734375 0.0875 0.084375
0 0.78046875 0.30625 0.084375 0.0953125
0 0.715625 0.3828125 0.0796875 0.0796875
0 0.790625 0.44609375 0.0953125 0.0796875
0 0.05234375 0.60390625 0.0796875 0.07109375
0 0.015625 0.521875 0.03125 0.1
0 0.1140625 0.38046875 0.0921875 0.1
0 0.19609375 0.45078125 0.0875 0.0921875
0 0.12734375 0.53359375 0.0765625 0.0796875
0 0.27734375 0.37421875 0.1 0.0953125
0 0.2 0.29140625 0.0796875 0.0875
0 0.12890625 0.2109375 0.0953125 0.1109375
0 0.6359375 0.2984375 0.0875 0.0953125
0 0.56796875 0.36953125 0.0953125 0.0796875
0 0.4953125 0.29921875 0.0921875 0.0875
0 0.4296875 0.36640625 0.0875 0.0796875
0 0.3484375 0.29296875 0.05234375 0.05234375
0 0.4203125 0.21796875 0.0921875 0.1
0 0.48984375 0.14140625 0.0875 0.0921875
0 0.57109375 0.2234375 0.0921875 0.0953125
0 0.63671875 0.1515625 0.0953125 0.0875
0 0.2796875 0.21015625 0.0796875 0.084375
0 0.33515625 0.13828125 0.0953125 0.0921875
0 0.2703125 0.05859375 0.0875 0.0921875
0 0.19921875 0.13671875 0.0875 0.0953125
0 0.93125 0.14375 0.1 0.0875
0 0.865625 0.22109375 0.103125 0.1
0 0.7140625 0.2234375 0.0921875 0.0953125
0 0.85625 0.06484375 0.084375 0.0953125
0 0.778125 0.01796875 0.06875 0.0359375
0 0.5609375 0.0625 0.0875 0.084375
0 0.421875 0.0546875 0.0796875 0.06796875