0 0.22890625 0.13125 0.0671875 0.075
0 0.14921875 0.209375 0.0390625 0.04375
0 0.43046875 0.04921875 0.0546875 0.0515625
0 0.6546875 0.11640625 0.090625 0.0984375
0 0.73125 0.03515625 0.078125 0.0703125
0 0.44453125 0.19765625 0.0671875 0.0828125
0 0.02734375 0.06640625 0.0546875 0.0703125
0 0.08515625 0.14296875 0.0515625 0.0671875
0 0.025 0.20859375 0.05 0.0828125
0 0.09375 0.2875 0.0625 0.059375
0 0.15234375 0.35625 0.0703125 0.0625
0 0.29375 0.35390625 0.0625 0.0671875
0 0.22578125 0.4296875 0.0515625 0.0625
0 0.1546875 0.515625 0.090625 0.09375
0 0.50859375 0.2703125 0.0859375 0.078125
0 0.4390625 0.3421875 0.059375 0.059375
0 0.5859375 0.34609375 0.078125 0.0828125
0 0.64453125 0.4265625 0.0859375 0.09375
0 0.58203125 0.4921875 0.0703125 0.09375
0 0.44140625 0.49609375 0.0703125 0.0703125
0 0.30078125 0.496875 0.0703125 0.078125
0 0.37109375 0.571875 0.0859375 0.075
0 0.51015625 0.578125 0.0828125 0.078125
0 0.71796875 0.50078125 0.0515625 0.0546875
0 0.08671875 0.5828125 0.0859375 0.09375
0 0.14921875 0.65546875 0.0703125 0.0828125
0 0.22109375 0.5796875 0.0828125 0.090625
0 0.29375 0.65859375 0.09375 0.0984375
0 0.36875 0.7265625 0.075 0.078125
0 0.4421875 0.64296875 0.0625 0.0671875
0 0.5125 0.7234375 0.078125 0.078125
0 0.43046875 0.7890625 0.0703125 0.078125
0 0.5125 0.87109375 0.09375 0.0859375
0 0.578125 0.78203125 0.078125 0.0859375
0 0.653125 0.7265625 0.0625 0.0625
0 0.7234375 0.80625 0.078125 0.090625
0 0.80390625 0.8765625 0.0984375 0.090625
0 0.30078125 0.79765625 0.0859375 0.0859375
0 0.3671875 0.87109375 0.078125 0.0859375
0 0.93359375 0.88125 0.1015625 0.121875
0 0.98046875 0.95859375 0.0390625 0.0828125
0 0.809375 0.98828125 0.078125 0.0234375
0 0.575 0.9578125 0.0625 0.046875
0 0.44453125 0.94609375 0.0671875 0.0703125
0 0.79140625 0.10625 0.0671875 0.078125
0 0.87578125 0.1796875 0.0703125 0.078125
0 0.72890625 0.18984375 0.0671875 0.0828125
0 0.58046875 0.18359375 0.0515625 0.0546875
0 0.0828125 0.7328125 0.09375 0.090625
0 0.14296875 0.81640625 0.0828125 0.0859375
0 0.22265625 0.890625 0.0859375 0.078125
0 0.2875 0.959375 0.059375 0.059375
0 0.35 0.98828125 0.090625 0.0234375
0 0.0234375 0.96484375 0.046875 0.0703125