0 0.56875 0.35625 0.11015625 0.11875
0 0.40390625 0.0296875 0.0765625 0.059375
0 0.49296875 0.10625 0.1015625 0.09296875
0 0.5640625 0.028125 0.084375 0.05625
0 0.721875 0.0421875 0.084375 0.084375
0 0.809375 0.11171875 0.10703125 0.0984375
0 0.26328125 0.03671875 0.09296875 0.07265625
0 0.3359375 0.10625 0.084375 0.09296875
0 0.946875 0.11640625 0.10625 0.1328125
0 0.98984375 0.2109375 0.0203125 0.10703125
0 0.953125 0.2890625 0.09296875 0.09296875
0 0.815625 0.2734375 0.084375 0.10703125
0 0.5609375 0.2 0.06796875 0.05078125
0 0.6390625 0.27890625 0.0984375 0.08984375
0 0.49921875 0.27578125 0.05625 0.059375
0 0.41953125 0.1875 0.07265625 0.0765625
0 0.0921875 0.046875 0.08984375 0.09296875
0 0.17890625 0.12734375 0.09296875 0.084375
0 0.24921875 0.2015625 0.0640625 0.0640625
0 0.3171875 0.27109375 0.0984375 0.1015625
0 0.034375 0.2765625 0.06875 0.084375
0 0.1 0.36015625 0.08125 0.09296875
0 0.24453125 0.35625 0.08984375 0.084375
0 0.40390625 0.35703125 0.09296875 0.09296875
0 0.80234375 0.43984375 0.0765625 0.07265625
0 0.64765625 0.4375 0.08125 0.084375
0 0.17734375 0.4390625 0.10703125 0.08125
0 0.03046875 0.4328125 0.0609375 0.059375
0 0.3421875 0.4265625 0.08125 0.08984375