0 0.98203125 0.740625 0.0359375 0.08671875
0 0.98203125 0.56640625 0.0359375 0.1046875
0 0.921875 0.475 0.07734375 0.08984375
0 0.76171875 0.48828125 0.08125 0.08125
0 0.84765625 0.396875 0.08125 0.07734375
0 0.97734375 0.38671875 0.0453125 0.1046875
0 0.98046875 0.209375 0.0390625 0.0875
0 0.75703125 0.309375 0.071875 0.08671875
0 0.8390625 0.21796875 0.09921875 0.08984375
0 0.6 0.31640625 0.09921875 0.08984375
0 0.75234375 0.66015625 0.08125 0.08671875
0 0.7671875 0.1375 0.08125 0.09921875
0 0.59140625 0.13203125 0.08984375 0.08125
0 0.43046875 0.13515625 0.07734375 0.06796875
0 0.67734375 0.0421875 0.09921875 0.08125
0 0.5171875 0.040625 0.07734375 0.07734375
0 0.98046875 0.04375 0.0390625 0.0875
0 0.84453125 0.05703125 0.0953125 0.09921875
0 0.9125 0.12421875 0.07734375 0.08984375