0 0.03515625 0.96484375 0.0703125 0.0703125
0 0.05078125 0.81875 0.0703125 0.075
0 0.12890625 0.7515625 0.0703125 0.090625
0 0.19921875 0.6890625 0.0703125 0.075
0 0.2703125 0.7546875 0.09375 0.09375
0 0.20234375 0.828125 0.0828125 0.078125
0 0.12109375 0.90546875 0.0546875 0.0671875
0 0.26171875 0.8921875 0.0703125 0.090625
0 0.3421875 0.83515625 0.059375 0.0671875
0 0.4078125 0.75625 0.075 0.075
0 0.3359375 0.678125 0.078125 0.075
0 0.27265625 0.6078125 0.0828125 0.075
0 0.48125 0.97265625 0.078125 0.0546875
0 0.5546875 0.9140625 0.078125 0.078125
0 0.625 0.9703125 0.09375 0.059375
0 0.765625 0.96640625 0.078125 0.0671875
0 0.7 0.90625 0.0625 0.0625
0 0.90703125 0.96640625 0.0734375 0.0671875
0 0.84765625 0.89765625 0.0703125 0.0671875
0 0.77421875 0.81875 0.0859375 0.075
0 0.9703125 0.9 0.059375 0.075
0 0.915625 0.82421875 0.090625 0.0703125
0 0.8375 0.75234375 0.090625 0.0828125
0 0.97421875 0.74296875 0.0515625 0.0828125
0 0.86015625 0.609375 0.0859375 0.078125
0 0.91015625 0.67265625 0.0703125 0.0703125
0 0.77421875 0.678125 0.0859375 0.090625
0 0.76796875 0.525 0.0671875 0.075
0 0.9125 0.525 0.075 0.075
0 0.97421875 0.4484375 0.0515625 0.078125
0 0.9765625 0.29921875 0.046875 0.0671875
0 0.06171875 0.53515625 0.0671875 0.0703125
0 0.1265625 0.61015625 0.075 0.0703125
0 0.203125 0.5296875 0.078125 0.075
0 0.1234375 0.46328125 0.059375 0.0671875
0 0.0546875 0.375 0.078125 0.078125
0 0.12421875 0.2953125 0.0828125 0.075
0 0.053125 0.2328125 0.059375 0.059375
0 0.70390625 0.14765625 0.0859375 0.0671875
0 0.6375 0.0703125 0.078125 0.078125
0 0.6328125 0.22578125 0.0625 0.0671875
0 0.56171875 0.15078125 0.0671875 0.0671875
0 0.7078125 0.29296875 0.078125 0.0859375
0 0.5609375 0.30390625 0.075 0.0828125
0 0.55546875 0.45234375 0.0859375 0.0828125
0 0.2 0.21484375 0.078125 0.0859375
0 0.12734375 0.153125 0.0671875 0.0625
0 0.04921875 0.07890625 0.0671875 0.0859375
0 0.278125 0.2984375 0.078125 0.075
0 0.203125 0.38203125 0.078125 0.0828125
0 0.353125 0.2265625 0.059375 0.0625
0 0.35234375 0.38359375 0.0703125 0.0859375
0 0.27734375 0.446875 0.0703125 0.075
0 0.3515625 0.5375 0.0625 0.075
0 0.415625 0.4609375 0.075 0.078125
0 0.490625 0.53046875 0.090625 0.0828125
0 0.49375 0.228125 0.059375 0.059375
0 0.20234375 0.0796875 0.0515625 0.059375
0 0.34296875 0.07421875 0.0671875 0.0703125
0 0.86328125 0.0296875 0.0859375 0.059375