0 0.021875 0.771875 0.04375 0.0703125
0 0.15859375 0.60546875 0.08203125 0.0734375
0 0.22890625 0.521875 0.09453125 0.103125
0 0.30546875 0.434375 0.09765625 0.09765625
0 0.38984375 0.5234375 0.08671875 0.0734375
0 0.09453125 0.375 0.09453125 0.103125
0 0.028125 0.44765625 0.05546875 0.09453125
0 0.08203125 0.5328125 0.078125 0.08203125
0 0.0234375 0.2828125 0.046875 0.090625
0 0.0796875 0.20078125 0.09765625 0.1140625
0 0.3875 0.1953125 0.1140625 0.103125
0 0.025 0.121875 0.05 0.096875
0 0.38828125 0.04921875 0.109375 0.09765625
0 0.47890625 0.0046875 0.0703125 0.009375
0 0.3078125 0.0109375 0.0703125 0.02109375