0 0.5625 0.0234375 0.08125 0.046875
0 0.734375 0.015625 0.0765625 0.03046875
0 0.88203125 0.00859375 0.0765625 0.0171875
0 0.25859375 0.821875 0.08984375 0.1015625
0 0.32578125 0.9078125 0.0640625 0.059375
0 0.6484375 0.71875 0.07265625 0.0640625
0 0.72109375 0.78671875 0.0765625 0.08125
0 0.803125 0.70859375 0.08125 0.084375
0 0.7875 0.8734375 0.07265625 0.09296875
0 0.8796875 0.7984375 0.04765625 0.0640625
0 0.95 0.54296875 0.0765625 0.0765625
0 0.17578125 0.584375 0.059375 0.06796875
0 0.334375 0.56953125 0.07265625 0.08125
0 0.65078125 0.55859375 0.0640625 0.07265625
0 0.71640625 0.4640625 0.07265625 0.08125
0 0.7984375 0.390625 0.084375 0.0765625
0 0.87734375 0.4671875 0.05625 0.0421875
0 0.25625 0.1703125 0.06796875 0.0765625
0 0.3171875 0.08671875 0.08125 0.08125
0 0.25078125 0.0171875 0.05078125 0.03359375
0 0.48125 0.07265625 0.0640625 0.06796875
0 0.32890625 0.253125 0.0640625 0.07265625
0 0.25078125 0.340625 0.06796875 0.08125
0 0.1765625 0.26171875 0.08125 0.07265625
0 0.4125 0.32421875 0.0765625 0.07265625
0 0.490625 0.39765625 0.08984375 0.10703125
0 0.565625 0.32265625 0.059375 0.0765625
0 0.64921875 0.38984375 0.084375 0.084375
0 0.715625 0.30078125 0.08125 0.0765625
0 0.64921875 0.22265625 0.06796875 0.07265625
0 0.56328125 0.14609375 0.08984375 0.0984375
0 0.64140625 0.08046875 0.0765625 0.059375
0 0.72734375 0.15546875 0.0640625 0.05625
0 0.79609375 0.2296875 0.07265625 0.0765625
0 0.8796875 0.13984375 0.08125 0.0765625
0 0.965625 0.22109375 0.06875 0.0796875
0 0.0234375 0.2625 0.046875 0.059375
0 0.08203125 0.3390625 0.059375 0.06796875
0 0.021875 0.42578125 0.04375 0.08125
0 0.0265625 0.74609375 0.05234375 0.084375
0 0.0234375 0.90859375 0.046875 0.0734375
0 0.08125 0.971875 0.084375 0.05625
0 0.01796875 0.09140625 0.0359375 0.0640625
0 0.40390625 0.9640625 0.09296875 0.07109375