0 0.03828125 0.60390625 0.0703125 0.0734375
0 0.03984375 0.91484375 0.0796875 0.0890625
0 0.04375 0.7625 0.08671875 0.0953125
0 0.2734375 0.67265625 0.07890625 0.08671875
0 0.33359375 0.7390625 0.0703125 0.065625
0 0.34765625 0.58359375 0.07890625 0.08203125
0 0.4125 0.5015625 0.08671875 0.08203125
0 0.25390625 0.51015625 0.08203125 0.08203125
0 0.1828125 0.590625 0.08671875 0.08671875
0 0.10390625 0.5203125 0.08671875 0.08671875
0 0.03671875 0.446875 0.0734375 0.08671875
0 0.09921875 0.67578125 0.0734375 0.07890625
0 0.1125 0.83046875 0.08671875 0.08984375
0 0.18515625 0.9015625 0.08203125 0.0953125
0 0.33828125 0.903125 0.08671875 0.08203125
0 0.42109375 0.81796875 0.07890625 0.08203125
0 0.49765625 0.72421875 0.08671875 0.0953125
0 0.41796875 0.65625 0.065625 0.0703125
0 0.4953125 0.57421875 0.07890625 0.08671875
0 0.57421875 0.4890625 0.08984375 0.08984375
0 0.4984375 0.4203125 0.07890625 0.0734375
0 0.41875 0.33984375 0.0734375 0.0703125
0 0.33984375 0.4265625 0.0734375 0.0625
0 0.1765625 0.2765625 0.0734375 0.0734375
0 0.65546875 0.72578125 0.08203125 0.08671875
0 0.57890625 0.809375 0.065625 0.0734375
0 0.4953125 0.9015625 0.07890625 0.07890625
0 0.64609375 0.56953125 0.0625 0.0703125
0 0.5734375 0.65625 0.065625 0.0703125
0 0.72734375 0.484375 0.08671875 0.08671875
0 0.80078125 0.403125 0.0703125 0.08203125
0 0.7234375 0.32265625 0.0703125 0.07890625
0 0.565625 0.3375 0.08203125 0.08203125
0 0.26640625 0.97578125 0.0796875 0.0484375
0 0.109375 0.9640625 0.08671875 0.071875
0 0.9640625 0.9859375 0.071875 0.028125
0 0.96796875 0.85703125 0.0640625 0.0984375
0 0.89375 0.9515625 0.0984375 0.08671875
0 0.81484375 0.9921875 0.0703125 0.015625
0 0.72734375 0.94921875 0.08671875 0.08203125
0 0.81015625 0.86640625 0.0625 0.0734375
0 0.803125 0.71953125 0.0984375 0.0984375
0 0.734375 0.79765625 0.08203125 0.0734375
0 0.88125 0.63671875 0.08984375 0.08984375
0 0.03671875 0.1109375 0.0734375 0.08671875
0 0.4203125 0.17421875 0.103125 0.08984375
0 0.4953125 0.2515625 0.0953125 0.08984375
0 0.49296875 0.10078125 0.0734375 0.0734375
0 0.5625 0.02578125 0.08203125 0.05078125
0 0.33828125 0.09375 0.0703125 0.07890625
0 0.259375 0.0296875 0.065625 0.059375
0 0.10703125 0.03359375 0.05703125 0.05390625
0 0.72578125 0.1625 0.08984375 0.08203125
0 0.64609375 0.09453125 0.07890625 0.0703125
0 0.79921875 0.08515625 0.05703125 0.04609375