0 0.8609375 0.015625 0.059375 0.03125
0 0.8015625 0.08984375 0.09375 0.0859375
0 0.85390625 0.16875 0.0671875 0.0625
0 0.9390625 0.375 0.090625 0.09375
0 0.50859375 0.07109375 0.0859375 0.1015625
0 0.646875 0.24375 0.090625 0.090625
0 0.58046875 0.309375 0.0671875 0.046875
0 0.42578125 0.32109375 0.0703125 0.0703125
0 0.36015625 0.38671875 0.0859375 0.0859375
0 0.36875 0.071875 0.075 0.090625
0 0.29765625 0.025 0.0984375 0.05
0 0.21171875 0.09296875 0.0703125 0.0828125
0 0.2890625 0.17265625 0.09375 0.1015625
0 0.22265625 0.22890625 0.0859375 0.0828125
0 0.08515625 0.084375 0.0671875 0.075
0 0.03125 0.32734375 0.0625 0.0984375
0 0.1453125 0.31640625 0.078125 0.0703125
0 0.0765625 0.39140625 0.090625 0.1015625
0 0.2234375 0.396875 0.078125 0.090625
0 0.434375 0.4421875 0.078125 0.046875
0 0.28359375 0.44375 0.0515625 0.04375
0 0.15078125 0.4390625 0.0984375 0.059375
0 0.01953125 0.43828125 0.0390625 0.0546875