0 0.01328125 0.596875 0.0265625 0.10234375
0 0.0109375 0.7578125 0.02109375 0.096875
0 0.15 0.928125 0.10546875 0.10234375
0 0.0609375 0.8421875 0.096875 0.096875
0 0.01484375 0.9484375 0.0296875 0.096875
0 0.05078125 0.98359375 0.0765625 0.0328125
0 0.228125 0.9796875 0.1 0.040625
0 0.30390625 0.9375 0.096875 0.09296875
0 0.3828125 0.98828125 0.07890625 0.02265625
0 0.70703125 0.98828125 0.0828125 0.02265625
0 0.62421875 0.93359375 0.1140625 0.096875
0 0.546875 0.98671875 0.07578125 0.0265625
0 0.47109375 0.925 0.096875 0.096875
0 0.8796875 0.9796875 0.0828125 0.040625
0 0.94609375 0.91953125 0.07890625 0.07578125
0 0.99140625 0.83046875 0.0171875 0.0828125
0 0.79296875 0.92265625 0.09296875 0.084375
0 0.86953125 0.8375 0.10234375 0.07890625
0 0.953125 0.75625 0.09296875 0.09296875
0 0.78671875 0.74765625 0.08828125 0.09296875
0 0.71484375 0.8328125 0.084375 0.08828125
0 0.6375 0.7453125 0.10546875 0.096875
0 0.70859375 0.66484375 0.096875 0.09296875
0 0.54609375 0.84140625 0.053125 0.053125
0 0.4640625 0.77265625 0.1109375 0.11953125
0 0.93203125 0.5953125 0.096875 0.08828125
0 0.87578125 0.66640625 0.07890625 0.07890625
0 0.99140625 0.671875 0.0171875 0.1
0 0.8734375 0.5 0.084375 0.084375
0 0.784375 0.415625 0.09296875 0.08828125
0 0.7109375 0.49609375 0.084375 0.084375
0 0.62890625 0.5828125 0.0703125 0.0703125
0 0.62890625 0.4234375 0.08828125 0.07890625
0 0.7109375 0.31796875 0.10234375 0.096875
0 0.78515625 0.2453125 0.084375 0.07578125
0 0.540625 0.33515625 0.08828125 0.096875
0 0.62265625 0.2484375 0.09296875 0.08828125
0 0.46796875 0.42109375 0.084375 0.084375
0 0.54921875 0.5078125 0.08828125 0.096875
0 0.4640625 0.58515625 0.07578125 0.09296875
0 0.37890625 0.6796875 0.08828125 0.10546875
0 0.296875 0.596875 0.09296875 0.10234375
0 0.2203125 0.68515625 0.10546875 0.10234375
0 0.2984375 0.7609375 0.096875 0.10234375
0 0.3890625 0.84921875 0.084375 0.09296875
0 0.1359375 0.76640625 0.10546875 0.1140625
0 0.21328125 0.51796875 0.0671875 0.084375
0 0.140625 0.59453125 0.08828125 0.09296875
0 0.0625 0.51640625 0.09296875 0.096875
0 0.31171875 0.41875 0.08828125 0.08828125
0 0.13828125 0.403125 0.09296875 0.10234375
0 0.228125 0.3359375 0.07890625 0.0703125
0 0.29375 0.2546875 0.10546875 0.09296875
0 0.05703125 0.33046875 0.096875 0.09296875
0 0.01640625 0.40625 0.0328125 0.0875
0 0.1328125 0.07109375 0.1109375 0.096875
0 0.0609375 0.1578125 0.1140625 0.1109375
0 0.2890625 0.07734375 0.10234375 0.10234375
0 0.38671875 0.1578125 0.1140625 0.1109375
0 0.45625 0.0828125 0.10234375 0.10234375
0 0.54375 0.16171875 0.0671875 0.0671875
0 0.3796875 0.02265625 0.10625 0.0453125
0 0.05 0.01875 0.09296875 0.03671875
0 0.54296875 0.01875 0.09296875 0.03671875
0 0.696875 0.01875 0.084375 0.03671875
0 0.6328125 0.08125 0.1140625 0.1234375
0 0.7109375 0.16796875 0.10234375 0.096875