0 0.51171875 0.98515625 0.09921875 0.02890625
0 0.5953125 0.9265625 0.08515625 0.08203125
0 0.5 0.85546875 0.09921875 0.09375
0 0.43203125 0.95546875 0.08203125 0.08203125
0 0.89453125 0.94375 0.08515625 0.09921875
0 0.81796875 0.86875 0.090625 0.10234375
0 0.7484375 0.946875 0.059375 0.06484375
0 0.584375 0.775 0.0734375 0.08515625
0 0.9046875 0.7828125 0.11640625 0.1078125
0 0.9640625 0.35546875 0.071875 0.090625
0 0.89609375 0.43359375 0.08203125 0.08515625
0 0.9703125 0.51796875 0.059375 0.0734375
0 0.8890625 0.60390625 0.08515625 0.10234375
0 0.9703125 0.69765625 0.059375 0.08515625
0 0.81640625 0.6859375 0.0765625 0.08515625
0 0.74765625 0.60390625 0.08203125 0.10234375
0 0.821875 0.5203125 0.0765625 0.08203125
0 0.74140625 0.43828125 0.0734375 0.08515625
0 0.5109375 0.68125 0.090625 0.08515625
0 0.42890625 0.60390625 0.1109375 0.10234375
0 0.34609375 0.528125 0.08203125 0.09375
0 0.4171875 0.4515625 0.090625 0.09375
0 0.5078125 0.51171875 0.090625 0.09921875
0 0.5953125 0.4328125 0.08515625 0.090625
0 0.815625 0.35703125 0.06484375 0.06796875
0 0.74453125 0.265625 0.0765625 0.090625
0 0.665625 0.3421875 0.09921875 0.0734375
0 0.5859375 0.26328125 0.09375 0.09375
0 0.50625 0.34921875 0.09375 0.0765625
0 0.42890625 0.27109375 0.0765625 0.08515625
0 0.34921875 0.359375 0.090625 0.090625
0 0.26328125 0.278125 0.0734375 0.08203125
0 0.33125 0.1953125 0.06796875 0.0765625
0 0.26953125 0.1046875 0.08203125 0.09375
0 0.1875 0.02890625 0.08203125 0.0578125
0 0.34375 0.03515625 0.09375 0.0703125
0 0.42578125 0.1 0.090625 0.1078125
0 0.5078125 0.19453125 0.0734375 0.06796875
0 0.73671875 0.09609375 0.0765625 0.09375
0 0.66484375 0.18515625 0.090625 0.090625
0 0.5875 0.1046875 0.090625 0.09375
0 0.66796875 0.03359375 0.0765625 0.06640625
0 0.965625 0.1828125 0.06796875 0.08515625
0 0.89609375 0.27109375 0.06484375 0.06796875
0 0.90078125 0.0921875 0.09921875 0.10234375
0 0.96640625 0.03125 0.0671875 0.0625
0 0.821875 0.03359375 0.09375 0.06640625