0 0.1765625 0.99140625 0.15234375 0.01640625
0 0.34765625 0.99140625 0.128125 0.01640625
0 0.0890625 0.79609375 0.115625 0.11875
0 0.17578125 0.88984375 0.14296875 0.14296875
0 0.27109375 0.8 0.10625 0.128125
0 0.3421875 0.71171875 0.128125 0.115625
0 0.596875 0.7921875 0.1609375 0.1375
0 0.52109375 0.69296875 0.10078125 0.115625
0 0.4359375 0.621875 0.10625 0.11875
0 0.353125 0.53515625 0.10625 0.11015625
0 0.35703125 0.378125 0.128125 0.15234375
0 0.2828125 0.26953125 0.10078125 0.11015625
0 0.44296875 0.45234375 0.11015625 0.146875
0 0.5265625 0.53359375 0.08203125 0.13359375
0 0.60859375 0.615625 0.10078125 0.14296875
0 0.690625 0.70703125 0.09140625 0.12421875
0 0.69296875 0.878125 0.096875 0.11875
0 0.8546875 0.8703125 0.115625 0.128125
0 0.86640625 0.68828125 0.10625 0.10625
0 0.76953125 0.60703125 0.128125 0.115625
0 0.94375 0.78671875 0.11171875 0.11875
0 0.978125 0.51796875 0.04375 0.12421875
0 0.878125 0.3546875 0.11875 0.115625
0 0.778125 0.4453125 0.128125 0.12421875
0 0.68984375 0.525 0.115625 0.096875
0 0.51796875 0.34375 0.10625 0.10078125
0 0.61328125 0.434375 0.16484375 0.128125
0 0.78671875 0.26484375 0.1375 0.1375
0 0.615625 0.26171875 0.12421875 0.12421875
0 0.5328125 0.18671875 0.12421875 0.128125
0 0.98515625 0.1859375 0.0296875 0.13359375
0 0.88203125 0.0296875 0.15234375 0.05859375
0 0.6921875 0.04609375 0.12421875 0.09140625
0 0.54453125 0.0296875 0.1375 0.05859375
0 0.4453125 0.1 0.10625 0.11875
0 0.36171875 0.19140625 0.1375 0.1375
0 0.04296875 0.04609375 0.0859375 0.09140625
0 0.18828125 0.04609375 0.12421875 0.09140625