0 0.02734375 0.3875 0.05390625 0.08125
0 0.08125 0.44375 0.090625 0.06875
0 0.16484375 0.38984375 0.07734375 0.06875
0 0.2546875 0.453125 0.06875 0.05078125
0 0.4234375 0.44375 0.07734375 0.06875
0 0.5890625 0.4375 0.0953125 0.08125
0 0.68515625 0.365625 0.07734375 0.08125
0 0.76015625 0.43671875 0.08671875 0.071875
0 0.01796875 0.03359375 0.0359375 0.06640625
0 0.0890625 0.10703125 0.059375 0.06328125
0 0.01640625 0.2203125 0.0328125 0.071875
0 0.0890625 0.3 0.07734375 0.08671875
0 0.18125 0.19375 0.08125 0.09921875
0 0.2609375 0.2859375 0.07734375 0.07734375
0 0.33359375 0.2 0.090625 0.08671875
0 0.4265625 0.27890625 0.0953125 0.08125
0 0.1796875 0.03828125 0.07734375 0.07578125
0 0.50078125 0.0359375 0.08125 0.071875
0 0.83828125 0.02890625 0.07734375 0.0578125
0 0.76328125 0.11015625 0.071875 0.08671875
0 0.984375 0.0265625 0.03046875 0.05234375