0 0.55234375 0.33359375 0.1015625 0.109375
0 0.4015625 0.190625 0.08046875 0.08046875
0 0.621875 0.26796875 0.08515625 0.096875
0 0.70546875 0.1765625 0.08515625 0.08515625
0 0.71171875 0.03984375 0.07265625 0.07890625
0 0.775 0.109375 0.053125 0.06484375
0 0.78515625 0.26328125 0.0609375 0.06484375
0 0.7 0.3296875 0.08046875 0.08515625
0 0.78203125 0.41875 0.09375 0.1015625
0 0.7078125 0.484375 0.08046875 0.07265625
0 0.79296875 0.57109375 0.07265625 0.07734375
0 0.85234375 0.50390625 0.07265625 0.08515625
0 0.8546875 0.6421875 0.0609375 0.06484375
0 0.98828125 0.178125 0.0234375 0.065625
0 0.9421875 0.10625 0.08046875 0.08046875
0 0.86328125 0.0328125 0.0859375 0.065625
0 0.984375 0.0390625 0.03046875 0.07734375
0 0.70703125 0.79921875 0.05625 0.05625
0 0.8484375 0.8046875 0.08046875 0.07734375
0 0.9203125 0.8796875 0.03671875 0.05625
0 0.85703125 0.96640625 0.040625 0.0453125
0 0.7015625 0.9609375 0.0609375 0.06484375