0 0.85078125 0.0234375 0.0953125 0.046875
0 0.77421875 0.07734375 0.0875 0.09609375
0 0.7109375 0.015625 0.06875 0.03125
0 0.60390625 0.0828125 0.109375 0.09609375
0 0.671875 0.1671875 0.1 0.10546875
0 0.60234375 0.2578125 0.078125 0.0875
0 0.03125 0.01875 0.0625 0.0375
0 0.521875 0.021875 0.07265625 0.04375
0 0.4390625 0.08515625 0.09609375 0.10546875
0 0.36328125 0.0171875 0.07265625 0.034375
0 0.1125 0.0765625 0.090625 0.10546875
0 0.2703125 0.08671875 0.09609375 0.09609375
0 0.19296875 0.16640625 0.0875 0.1
0 0.27421875 0.2484375 0.0875 0.1
0 0.35703125 0.1734375 0.09609375 0.11484375
0 0.4546875 0.2578125 0.109375 0.10546875
0 0.86015625 0.16484375 0.10546875 0.11484375
0 0.9546875 0.25546875 0.090625 0.11484375
0 0.8515625 0.33828125 0.09609375 0.090625
0 0.9390625 0.4375 0.078125 0.078125
0 0.68984375 0.33359375 0.08203125 0.1
0 0.77421875 0.434375 0.0875 0.090625
0 0.86015625 0.52421875 0.0875 0.08203125
0 0.990625 0.528125 0.01796875 0.078125
0 0.51171875 0.34765625 0.09609375 0.090625
0 0.43125 0.42578125 0.090625 0.090625
0 0.34296875 0.515625 0.09609375 0.11796875
0 0.2671875 0.42734375 0.090625 0.0875
0 0.10234375 0.2515625 0.09609375 0.1
0 0.02421875 0.3453125 0.0484375 0.059375
0 0.1015625 0.41640625 0.10546875 0.090625
0 0.190625 0.334375 0.07265625 0.07265625
0 0.02421875 0.5109375 0.0484375 0.08125
0 0.09765625 0.60625 0.09609375 0.11796875
0 0.03203125 0.69453125 0.06328125 0.10546875
0 0.1875 0.51796875 0.0875 0.0875
0 0.1125 0.77578125 0.109375 0.1
0 0.1875 0.6984375 0.05078125 0.0546875
0 0.265625 0.6015625 0.06875 0.07265625
0 0.02265625 0.8671875 0.0453125 0.06875
0 0.1078125 0.96015625 0.08203125 0.0796875
0 0.18984375 0.87265625 0.08203125 0.0875
0 0.26640625 0.95546875 0.078125 0.0890625
0 0.4234375 0.96015625 0.0875 0.0796875
0 0.68671875 0.8828125 0.06328125 0.078125
0 0.27734375 0.7828125 0.06328125 0.078125
0 0.34921875 0.6953125 0.07265625 0.078125
0 0.43203125 0.7828125 0.1 0.11484375
0 0.5296875 0.8703125 0.078125 0.08203125
0 0.34765625 0.8796875 0.06875 0.07265625
0 0.6 0.78515625 0.07265625 0.06875
0 0.6875 0.70234375 0.0875 0.08203125
0 0.6078125 0.61875 0.08203125 0.09609375
0 0.4265625 0.6046875 0.06328125 0.078125
0 0.53359375 0.515625 0.078125 0.08203125
0 0.60625 0.44609375 0.09609375 0.09609375
0 0.67890625 0.52734375 0.078125 0.0875
0 0.84921875 0.71015625 0.090625 0.09609375