0 0.15234375 0.01953125 0.0859375 0.0390625
0 0.43671875 0.01171875 0.0671875 0.0234375
0 0.35 0.06953125 0.090625 0.0828125
0 0.28828125 0.1375 0.0828125 0.078125
0 0.2109375 0.06640625 0.078125 0.1015625
0 0.1421875 0.14453125 0.075 0.0859375
0 0.06328125 0.215625 0.0546875 0.0625
0 0.021875 0.29375 0.04375 0.078125
0 0.296875 0.2953125 0.078125 0.090625
0 0.365625 0.215625 0.090625 0.09375
0 0.7234375 0.1265625 0.078125 0.090625
0 0.6375 0.209375 0.09375 0.090625
0 0.71953125 0.27421875 0.0859375 0.0859375
0 0.79296875 0.20390625 0.0703125 0.0859375
0 0.93671875 0.19453125 0.0828125 0.0984375
0 0.86796875 0.278125 0.0859375 0.09375
0 0.796875 0.3484375 0.078125 0.09375
0 0.7171875 0.42109375 0.075 0.0828125
0 0.6453125 0.34375 0.078125 0.09375
0 0.575 0.43046875 0.078125 0.0859375
0 0.4984375 0.36015625 0.075 0.0703125
0 0.9859375 0.275 0.028125 0.10625
0 0.94765625 0.34765625 0.0671875 0.0859375
0 0.9375 0.4984375 0.078125 0.090625
0 0.87109375 0.4296875 0.0546875 0.0625
0 0.4234375 0.44375 0.075 0.075
0 0.3578125 0.51953125 0.059375 0.0703125
0 0.27734375 0.590625 0.0546875 0.078125
0 0.49453125 0.665625 0.0828125 0.090625
0 0.42109375 0.72578125 0.0671875 0.0671875
0 0.278125 0.74140625 0.078125 0.0984375
0 0.20546875 0.8109375 0.0671875 0.090625
0 0.13984375 0.89140625 0.08125 0.0859375
0 0.28046875 0.88515625 0.0828125 0.0828125
0 0.4203125 0.89453125 0.075 0.0859375
0 0.34453125 0.95859375 0.0890625 0.0828125
0 0.50703125 0.82265625 0.0671875 0.0671875
0 0.5671875 0.73046875 0.078125 0.0859375
0 0.64765625 0.65859375 0.0828125 0.0828125
0 0.7109375 0.73046875 0.078125 0.0859375
0 0.6375 0.80546875 0.0625 0.0703125
0 0.56875 0.88125 0.090625 0.075
0 0.490625 0.959375 0.075 0.075
0 0.6421875 0.95703125 0.075 0.0703125
0 0.7125 0.87421875 0.075 0.0828125
0 0.78125 0.8015625 0.0625 0.0625
0 0.859375 0.87578125 0.078125 0.0859375
0 0.7828125 0.96015625 0.059375 0.0671875
0 0.9296875 0.95234375 0.078125 0.0828125
0 0.98046875 0.87890625 0.0390625 0.1015625
0 0.646875 0.50078125 0.075 0.0859375
0 0.7171875 0.5796875 0.075 0.090625
0 0.79296875 0.49453125 0.0859375 0.0984375
0 0.86640625 0.571875 0.0828125 0.090625
0 0.984375 0.56640625 0.03125 0.0859375
0 0.9234375 0.6421875 0.075 0.090625
0 0.9765625 0.71328125 0.046875 0.0984375
0 0.49921875 0.5 0.0671875 0.078125
0 0.928125 0.79375 0.090625 0.078125