0 0.13203125 0.38671875 0.08125 0.0703125
0 0.1953125 0.4359375 0.078125 0.059375
0 0.26796875 0.3890625 0.0671875 0.059375
0 0.3453125 0.44375 0.059375 0.04375
0 0.49140625 0.4359375 0.0671875 0.059375
0 0.63515625 0.43046875 0.0828125 0.0703125
0 0.71796875 0.36796875 0.0671875 0.0703125
0 0.7828125 0.4296875 0.075 0.0625
0 0.059375 0.17265625 0.046875 0.0546875
0 0.1265625 0.0796875 0.059375 0.059375
0 0.20234375 0.14453125 0.0515625 0.0546875
0 0.121875 0.2421875 0.0625 0.0625
0 0.20234375 0.3109375 0.0671875 0.075
0 0.28203125 0.21953125 0.0703125 0.0859375
0 0.35078125 0.29921875 0.0671875 0.0671875
0 0.4140625 0.225 0.078125 0.075
0 0.49453125 0.29296875 0.0828125 0.0703125
0 0.28046875 0.078125 0.0671875 0.078125
0 0.209375 0.0234375 0.059375 0.046875
0 0.34921875 0.025 0.0671875 0.05
0 0.5 0.015625 0.078125 0.03125
0 0.55859375 0.075 0.0703125 0.078125
0 0.63125 0.015625 0.059375 0.03125
0 0.78203125 0.0140625 0.0703125 0.028125
0 0.85078125 0.0640625 0.0671875 0.075
0 0.7859375 0.146875 0.0625 0.075
0 0.92265625 0.01171875 0.0546875 0.0234375
0 0.98203125 0.06171875 0.0359375 0.0703125