0 0.071875 0.03359375 0.08203125 0.0671875
0 0.1453125 0.10390625 0.0375 0.05703125
0 0.08125 0.1921875 0.040625 0.04609375
0 0.30625 0.10234375 0.04921875 0.05390625
0 0.76171875 0.07578125 0.0734375 0.08203125
0 0.76171875 0.23828125 0.0734375 0.08671875
0 0.6828125 0.31953125 0.040625 0.04609375
0 0.746875 0.39609375 0.0703125 0.0734375
0 0.22734375 0.33046875 0.08671875 0.0734375
0 0.38203125 0.34453125 0.07890625 0.07890625
0 0.29609375 0.4078125 0.0703125 0.065625
0 0.146875 0.41328125 0.05703125 0.0625
0 0.015625 0.42109375 0.03125 0.0625
0 0.45078125 0.40234375 0.04609375 0.05390625
0 0.67421875 0.45703125 0.05703125 0.0328125
0 0.915625 0.390625 0.08671875 0.0734375
0 0.9703125 0.44296875 0.059375 0.0625
0 0.8390625 0.16640625 0.04921875 0.05703125
0 0.91015625 0.06875 0.0625 0.0625
0 0.98125 0.13671875 0.0375 0.05703125
0 0.9046875 0.2390625 0.065625 0.065625
0 0.9765625 0.3109375 0.046875 0.078125
0 0.9828125 0.0171875 0.034375 0.034375