0 0.10078125 0.03515625 0.08515625 0.0703125
0 0.03359375 0.10234375 0.06640625 0.08203125
0 0.02890625 0.265625 0.0578125 0.0734375
0 0.10546875 0.1796875 0.06796875 0.0734375
0 0.03359375 0.4296875 0.06640625 0.06484375
0 0.10390625 0.51640625 0.06484375 0.0734375
0 0.03359375 0.590625 0.06640625 0.06796875
0 0.746875 0.03125 0.06875 0.0625
0 0.90078125 0.02890625 0.04765625 0.04765625
0 0.98125 0.1234375 0.0375 0.05625
0 0.8984375 0.20078125 0.059375 0.0734375
0 0.8171875 0.12109375 0.0515625 0.0515625
0 0.5796875 0.0265625 0.059375 0.053125
0 0.65859375 0.10703125 0.06484375 0.0734375
0 0.74296875 0.1875 0.05625 0.06484375
0 0.82109375 0.26796875 0.06484375 0.06484375
0 0.9078125 0.35546875 0.0515625 0.059375
0 0.42734375 0.025 0.0734375 0.04921875
0 0.259375 0.0265625 0.08515625 0.053125
0 0.34921875 0.09765625 0.09375 0.08203125
0 0.5015625 0.10078125 0.06796875 0.06796875
0 0.42578125 0.1703125 0.0765625 0.08203125
0 0.5796875 0.18125 0.0765625 0.08515625
0 0.66484375 0.259375 0.059375 0.06484375
0 0.74765625 0.35078125 0.06484375 0.05625
0 0.66875 0.42421875 0.08515625 0.09375
0 0.58984375 0.34453125 0.0734375 0.08203125
0 0.5 0.26015625 0.06484375 0.0734375
0 0.25859375 0.1890625 0.059375 0.06796875
0 0.34296875 0.26640625 0.04765625 0.0515625
0 0.25859375 0.34140625 0.059375 0.06484375
0 0.1953125 0.25625 0.09375 0.09921875
0 0.18125 0.0984375 0.08203125 0.090625
0 0.41953125 0.3515625 0.06484375 0.06796875
0 0.5 0.43671875 0.06484375 0.06796875
0 0.43671875 0.50703125 0.08203125 0.08203125
0 0.51328125 0.5859375 0.08203125 0.0765625
0 0.58671875 0.515625 0.06796875 0.06484375
0 0.97109375 0.43671875 0.0578125 0.08515625
0 0.82578125 0.4421875 0.0515625 0.0515625
0 0.90625 0.51484375 0.06484375 0.059375
0 0.8234375 0.59765625 0.05625 0.06484375
0 0.74296875 0.52109375 0.0734375 0.0734375
0 0.98359375 0.603125 0.0328125 0.059375
0 0.90625 0.69140625 0.06484375 0.06484375
0 0.975 0.76875 0.04921875 0.0734375
0 0.8953125 0.84609375 0.0765625 0.06796875
0 0.83203125 0.771875 0.05625 0.05625
0 0.7328125 0.68515625 0.059375 0.059375
0 0.97734375 0.94296875 0.0453125 0.0734375
0 0.3421875 0.59140625 0.0734375 0.0765625
0 0.425 0.6765625 0.06796875 0.0765625
0 0.265625 0.67734375 0.0734375 0.08203125
0 0.34921875 0.75703125 0.059375 0.0765625
0 0.19296875 0.7625 0.06484375 0.06484375
0 0.26328125 0.8453125 0.059375 0.0734375
0 0.10390625 0.84453125 0.08203125 0.08203125
0 0.034375 0.75234375 0.06796875 0.08515625
0 0.59140625 0.6796875 0.0765625 0.0765625
0 0.6734375 0.75703125 0.059375 0.059375
0 0.74921875 0.84453125 0.0515625 0.06484375
0 0.8265625 0.921875 0.059375 0.06484375
0 0.6671875 0.92265625 0.06484375 0.05625
0 0.58515625 0.84765625 0.06484375 0.0765625
0 0.51015625 0.76953125 0.0515625 0.0515625
0 0.4203125 0.8453125 0.0765625 0.0734375
0 0.50703125 0.91875 0.06796875 0.059375
0 0.33671875 0.92578125 0.0734375 0.0734375
0 0.4203125 0.984375 0.059375 0.03046875
0 0.26953125 0.9828125 0.08203125 0.034375