0 0.97421875 0.02109375 0.0515625 0.0421875
0 0.8484375 0.015625 0.0625 0.03125
0 0.92109375 0.078125 0.0828125 0.078125
0 0.97421875 0.14609375 0.0515625 0.0890625
0 0.56640625 0.0140625 0.0703125 0.028125
0 0.69921875 0.0171875 0.0703125 0.034375
0 0.76796875 0.08203125 0.0828125 0.0859375
0 0.7015625 0.15078125 0.075 0.0828125
0 0.646875 0.07734375 0.059375 0.0671875
0 0.5546875 0.15546875 0.09375 0.0828125
0 0.61328125 0.228125 0.0859375 0.090625
0 0.55390625 0.30625 0.0671875 0.075
0 0.1234375 0.021875 0.075 0.04375
0 0.05703125 0.078125 0.0671875 0.078125
0 0.26640625 0.0171875 0.0734375 0.034375
0 0.41875 0.021875 0.078125 0.04375
0 0.484375 0.08046875 0.0625 0.0828125
0 0.41328125 0.1578125 0.0828125 0.090625
0 0.3484375 0.08046875 0.0625 0.0671875
0 0.1328125 0.15 0.078125 0.090625
0 0.26796875 0.15859375 0.0828125 0.0828125
0 0.2015625 0.22734375 0.075 0.0859375
0 0.271875 0.29765625 0.075 0.0859375
0 0.34296875 0.23359375 0.0828125 0.0984375
0 0.4265625 0.30625 0.09375 0.090625
0 0.775 0.22578125 0.090625 0.0984375
0 0.85859375 0.30390625 0.0828125 0.0984375
0 0.91796875 0.3828125 0.0703125 0.09375
0 0.76796875 0.375 0.0828125 0.078125
0 0.84296875 0.46015625 0.0671875 0.0671875
0 0.62890625 0.37109375 0.0703125 0.0859375
0 0.7015625 0.4578125 0.075 0.078125
0 0.775 0.53515625 0.075 0.0703125
0 0.91328125 0.53828125 0.0671875 0.0671875
0 0.47578125 0.3828125 0.0828125 0.078125
0 0.40625 0.45 0.078125 0.078125
0 0.33046875 0.52734375 0.0828125 0.1015625
0 0.265625 0.4515625 0.078125 0.075
0 0.12421875 0.30078125 0.0828125 0.0859375
0 0.0546875 0.38203125 0.046875 0.0515625
0 0.1234375 0.4421875 0.090625 0.078125
0 0.2 0.371875 0.0625 0.0625
0 0.0484375 0.52421875 0.059375 0.0703125
0 0.11953125 0.60546875 0.0828125 0.1015625
0 0.05546875 0.68125 0.0703125 0.090625
0 0.196875 0.5296875 0.075 0.075
0 0.1328125 0.75078125 0.09375 0.0859375
0 0.196875 0.684375 0.04375 0.046875
0 0.2640625 0.6015625 0.059375 0.0625
0 0.0453125 0.8296875 0.059375 0.059375
0 0.04921875 0.9703125 0.0671875 0.059375
0 0.12890625 0.91015625 0.0703125 0.0703125
0 0.19921875 0.834375 0.0703125 0.075
0 0.26484375 0.91015625 0.0671875 0.0859375
0 0.4 0.91796875 0.075 0.0859375
0 0.6328125 0.9765625 0.0625 0.046875
0 0.62578125 0.84296875 0.0546875 0.0671875
0 0.27421875 0.75703125 0.0546875 0.0671875
0 0.3359375 0.68203125 0.0625 0.0671875
0 0.40703125 0.75703125 0.0859375 0.0984375
0 0.49140625 0.83203125 0.0671875 0.0703125
0 0.334375 0.840625 0.059375 0.0625
0 0.5515625 0.759375 0.0625 0.059375
0 0.6265625 0.68828125 0.075 0.0703125
0 0.55859375 0.61640625 0.0703125 0.0828125
0 0.40234375 0.60390625 0.0546875 0.0671875
0 0.49453125 0.52734375 0.0671875 0.0703125
0 0.55703125 0.46796875 0.0828125 0.0828125
0 0.61953125 0.5375 0.0671875 0.075
0 0.765625 0.69453125 0.078125 0.0828125