0 0.79140625 0.6125 0.07578125 0.07890625
0 0.7921875 0.4765625 0.08359375 0.1078125
0 0.43515625 0.271875 0.09140625 0.07890625
0 0.4984375 0.33984375 0.06015625 0.07890625
0 0.578125 0.26796875 0.06796875 0.07109375
0 0.5796875 0.1234375 0.07109375 0.07578125
0 0.65 0.3359375 0.04765625 0.05546875
0 0.73046875 0.26328125 0.08671875 0.08359375
0 0.65234375 0.2015625 0.06796875 0.07109375
0 0.80546875 0.18515625 0.04765625 0.04765625
0 0.87265625 0.25703125 0.07109375 0.07109375
0 0.94765625 0.328125 0.06328125 0.07109375
0 0.871875 0.396875 0.07890625 0.07578125
0 0.71796875 0.3984375 0.07890625 0.07890625
0 0.94375 0.475 0.05546875 0.06328125
0 0.9875 0.39453125 0.025 0.08671875
0 0.72421875 0.54609375 0.05234375 0.06328125
0 0.99140625 0.2546875 0.0171875 0.07578125
0 0.5 0.771875 0.1109375 0.09140625
0 0.43125 0.84921875 0.08359375 0.06796875
0 0.5796875 0.85859375 0.08671875 0.07109375
0 0.50859375 0.92109375 0.07109375 0.06328125
0 0.58046875 0.97578125 0.0828125 0.0484375
0 0.65078125 0.921875 0.07109375 0.07109375
0 0.73125 0.8421875 0.06015625 0.07109375
0 0.79296875 0.91484375 0.07890625 0.09140625
0 0.87890625 0.85390625 0.06796875 0.07109375
0 0.72890625 0.97734375 0.0796875 0.0453125
0 0.12578125 0.971875 0.0921875 0.05625
0 0.0140625 0.415625 0.028125 0.05859375
0 0.0203125 0.55546875 0.040625 0.0828125
0 0.215625 0.7796875 0.08671875 0.09140625
0 0.51171875 0.0390625 0.07109375 0.07109375