0 0.078125 0.02421875 0.0890625 0.0484375
0 0.171875 0.08203125 0.06484375 0.07421875
0 0.23671875 0.175 0.08359375 0.09296875
0 0.6828125 0.09765625 0.08359375 0.0796875
0 0.86875 0.09921875 0.06484375 0.06484375
0 0.78125 0.1859375 0.06484375 0.0703125
0 0.5921875 0.1859375 0.06171875 0.0703125
0 0.76640625 0.36328125 0.08359375 0.0796875
0 0.6796875 0.45390625 0.08359375 0.09296875
0 0.678125 0.2828125 0.05546875 0.05234375
0 0.59140625 0.371875 0.07421875 0.0703125
0 0.51640625 0.45546875 0.07421875 0.0703125
0 0.43515625 0.54375 0.05234375 0.06171875
0 0.2515625 0.3640625 0.04609375 0.05546875
0 0.76875 0.5390625 0.0984375 0.0890625
0 0.8484375 0.62265625 0.0796875 0.0703125
0 0.77265625 0.71640625 0.08359375 0.0984375
0 0.68203125 0.62109375 0.0890625 0.09296875
0 0.58359375 0.7203125 0.0890625 0.0984375
0 0.34140625 0.80078125 0.0984375 0.09296875
0 0.4234375 0.8875 0.09296875 0.1171875
0 0.6046875 0.88046875 0.08359375 0.08359375
0 0.51953125 0.9671875 0.0875 0.06484375
0 0.69296875 0.9671875 0.09296875 0.06484375
0 0.778125 0.87421875 0.0796875 0.0796875
0 0.98828125 0.45625 0.0234375 0.09375
0 0.9421875 0.7234375 0.0890625 0.09296875
0 0.98828125 0.8046875 0.0234375 0.103125
0 0.8609375 0.79921875 0.07421875 0.0703125
0 0.9359375 0.8921875 0.0984375 0.0890625
0 0.86171875 0.9578125 0.10234375 0.08359375
0 0.021875 0.78984375 0.04375 0.1078125
0 0.08046875 0.8859375 0.0984375 0.10234375