0 0.04296875 0.20390625 0.0703125 0.0859375
0 0.18671875 0.19453125 0.0828125 0.0984375
0 0.11796875 0.278125 0.0859375 0.09375
0 0.046875 0.3484375 0.078125 0.09375
0 0.259375 0.275 0.075 0.10625
0 0.19765625 0.34765625 0.0671875 0.0859375
0 0.40078125 0.27265625 0.0828125 0.0984375
0 0.48515625 0.340625 0.1015625 0.109375
0 0.55546875 0.40625 0.0859375 0.109375
0 0.403125 0.41328125 0.078125 0.0828125
0 0.32890625 0.484375 0.0859375 0.09375
0 0.1875 0.4984375 0.078125 0.090625
0 0.12109375 0.4296875 0.0546875 0.0625
0 0.03125 0.8015625 0.0625 0.0625
0 0.109375 0.87578125 0.078125 0.0859375
0 0.0328125 0.96015625 0.059375 0.0671875
0 0.1796875 0.95234375 0.078125 0.0828125
0 0.25390625 0.87890625 0.0859375 0.1015625
0 0.04296875 0.49453125 0.0859375 0.0984375
0 0.11640625 0.571875 0.0828125 0.090625
0 0.2578125 0.56640625 0.078125 0.0859375
0 0.1734375 0.6421875 0.075 0.090625
0 0.24609375 0.71328125 0.0859375 0.0984375
0 0.32734375 0.625 0.0828125 0.09375
0 0.4046875 0.5640625 0.075 0.090625
0 0.40546875 0.71953125 0.0828125 0.0859375
0 0.475 0.79921875 0.075 0.0984375
0 0.54375 0.871875 0.0625 0.09375
0 0.61953125 0.7828125 0.0984375 0.090625
0 0.69375 0.7078125 0.10625 0.109375
0 0.778125 0.9375 0.09375 0.09375
0 0.68125 0.984375 0.090625 0.03125
0 0.475 0.9578125 0.075 0.078125
0 0.18671875 0.78984375 0.0828125 0.0859375