0 0.23984375 0.98203125 0.128125 0.0359375
0 0.22890625 0.71328125 0.1328125 0.13671875
0 0.0796875 0.8578125 0.1078125 0.1109375
0 0.0328125 0.9390625 0.06484375 0.12109375
0 0.6921875 0.9859375 0.103125 0.028125
0 0.77890625 0.9390625 0.12421875 0.12109375
0 0.675 0.8671875 0.128125 0.11953125
0 0.70546875 0.5546875 0.12421875 0.11953125
0 0.78359375 0.63828125 0.08203125 0.09921875
0 0.6234375 0.76953125 0.128125 0.11640625
0 0.459375 0.79375 0.11640625 0.11953125
0 0.859375 0.7125 0.1078125 0.128125
0 0.78359375 0.7921875 0.09921875 0.11640625
0 0.934375 0.94140625 0.115625 0.1171875
0 0.8703125 0.98359375 0.08515625 0.0328125
0 0.1375 0.14296875 0.1109375 0.11640625
0 0.2265625 0.059375 0.128125 0.11875
0 0.02265625 0.13046875 0.0453125 0.1359375
0 0.94609375 0.4734375 0.1078125 0.1109375
0 0.97578125 0.38671875 0.04765625 0.14140625
0 0.990625 0.546875 0.01875 0.1109375
0 0.984375 0.8625 0.03046875 0.128125