0 0.23828125 0.9765625 0.0703125 0.046875
0 0.38359375 0.978125 0.0546875 0.04375
0 0.16640625 0.91796875 0.0671875 0.0703125
0 0.31953125 0.9140625 0.0515625 0.046875
0 0.09609375 0.24609375 0.0515625 0.0546875
0 0.3140625 0.32734375 0.04375 0.0515625
0 0.38984375 0.09765625 0.0671875 0.0703125
0 0.4609375 0.1625 0.0625 0.059375
0 0.39140625 0.24375 0.0703125 0.075
0 0.38671875 0.390625 0.0703125 0.0625
0 0.53359375 0.54140625 0.0671875 0.0671875
0 0.53515625 0.384375 0.0703125 0.059375
0 0.60390625 0.3140625 0.0671875 0.059375