0 0.265625 0.01640625 0.08046875 0.03203125
0 0.190625 0.0546875 0.06875 0.09296875
0 0.12265625 0.1375 0.08359375 0.08828125
0 0.26796875 0.13125 0.08515625 0.08515625
0 0.41171875 0.140625 0.07734375 0.08828125
0 0.334375 0.2109375 0.09296875 0.09296875
0 0.2671875 0.2890625 0.0609375 0.0640625
0 0.50078125 0.06640625 0.06875 0.06875
0 0.56171875 0.0078125 0.0796875 0.015625
0 0.71015625 0.0078125 0.0796875 0.015625
0 0.63515625 0.04921875 0.0640625 0.07265625
0 0.5640625 0.12734375 0.09296875 0.07734375
0 0.48359375 0.20703125 0.07734375 0.07734375
0 0.415625 0.28515625 0.08515625 0.08828125
0 0.55859375 0.28359375 0.08828125 0.08515625
0 0.63984375 0.2046875 0.07734375 0.07265625
0 0.7125 0.11953125 0.07734375 0.08515625
0 0.7828125 0.0453125 0.0640625 0.0640625
0 0.86328125 0.12109375 0.08046875 0.08828125
0 0.784375 0.2078125 0.0609375 0.06875
0 0.70625 0.2859375 0.07265625 0.08046875
0 0.7921875 0.3578125 0.07265625 0.07265625
0 0.86484375 0.28828125 0.07734375 0.1015625
0 0.9359375 0.2 0.08046875 0.08515625
0 0.98359375 0.12421875 0.03203125 0.1046875
0 0.98359375 0.2859375 0.03203125 0.08046875
0 0.92578125 0.35546875 0.0609375 0.0609375
0 0.8578125 0.44453125 0.08515625 0.08515625
0 0.98515625 0.43359375 0.02890625 0.07265625
0 0.92890625 0.51640625 0.07734375 0.09296875
0 0.85234375 0.60390625 0.08046875 0.08828125
0 0.7796875 0.51640625 0.08046875 0.07734375
0 0.70234375 0.45 0.08046875 0.08046875
0 0.99140625 0.59453125 0.0171875 0.0484375
0 0.97734375 0.7625 0.0453125 0.08828125
0 0.9234375 0.6796875 0.08828125 0.09609375
0 0.7875 0.6765625 0.08046875 0.07734375
0 0.85234375 0.76328125 0.0640625 0.0640625
0 0.9265625 0.84375 0.08515625 0.08046875
0 0.97734375 0.9140625 0.0453125 0.09140625
0 0.634375 0.52890625 0.08828125 0.09296875
0 0.56640625 0.6046875 0.07265625 0.07734375
0 0.48203125 0.52265625 0.08046875 0.08046875
0 0.40390625 0.4421875 0.09296875 0.08046875
0 0.4921875 0.6765625 0.07734375 0.07734375
0 0.56171875 0.75234375 0.07265625 0.08046875
0 0.6265625 0.684375 0.07265625 0.07265625
0 0.71484375 0.60234375 0.07265625 0.08515625
0 0.6984375 0.76015625 0.07265625 0.08046875
0 0.76953125 0.8484375 0.08515625 0.08828125
0 0.70078125 0.91875 0.07734375 0.08515625
0 0.64453125 0.84296875 0.0609375 0.06875
0 0.55 0.9234375 0.09609375 0.08515625
0 0.61015625 0.97578125 0.08828125 0.0484375
0 0.109375 0.28828125 0.09296875 0.08515625
0 0.18515625 0.3703125 0.08046875 0.08828125
0 0.2671875 0.44375 0.07734375 0.07734375
0 0.1890625 0.53203125 0.1046875 0.109375
0 0.11640625 0.4546875 0.07265625 0.09609375
0 0.0375 0.37109375 0.075 0.0859375
0 0.03984375 0.5375 0.0484375 0.053125
0 0.00390625 0.6078125 0.0078125 0.08046875
0 0.04453125 0.68359375 0.08828125 0.09609375
0 0.10625 0.76640625 0.07734375 0.08515625
0 0.0375 0.84375 0.06875 0.08046875
0 0.25390625 0.76015625 0.07734375 0.08046875
0 0.265625 0.6046875 0.0640625 0.07734375
0 0.32890625 0.68359375 0.05625 0.0640625
0 0.41015625 0.76015625 0.08046875 0.09609375
0 0.47734375 0.84609375 0.0640625 0.08515625
0 0.4046875 0.92578125 0.08515625 0.09296875
0 0.3375 0.84609375 0.0640625 0.06875
0 0.115625 0.91796875 0.08046875 0.09296875
0 0.2546875 0.9265625 0.08515625 0.08515625
0 0.1859375 0.97578125 0.07578125 0.0484375
0 0.33046875 0.97578125 0.08515625 0.0484375
0 0.7765625 0.971875 0.09296875 0.05625
0 0.9328125 0.0375 0.090625 0.075
0 0.48125 0.3578125 0.08828125 0.08828125