0 0.4609375 0.32578125 0.10078125 0.10859375
0 0.61015625 0.18359375 0.0796875 0.0796875
0 0.3921875 0.26015625 0.084375 0.09609375
0 0.309375 0.1703125 0.084375 0.084375
0 0.30234375 0.03671875 0.071875 0.0734375
0 0.240625 0.10390625 0.05234375 0.0640625
0 0.2296875 0.25546875 0.0609375 0.0640625
0 0.31484375 0.321875 0.0796875 0.084375
0 0.23359375 0.409375 0.09296875 0.10078125
0 0.30703125 0.475 0.0796875 0.071875
0 0.22265625 0.5609375 0.071875 0.0765625
0 0.1640625 0.49453125 0.071875 0.084375
0 0.16171875 0.63125 0.0609375 0.0640625
0 0.0203125 0.17265625 0.03984375 0.0640625
0 0.075 0.10078125 0.0796875 0.0796875
0 0.15234375 0.03046875 0.084375 0.0609375
0 0.02421875 0.0359375 0.04765625 0.071875
0 0.3078125 0.78671875 0.05625 0.05625
0 0.16796875 0.7921875 0.0796875 0.0765625
0 0.096875 0.86640625 0.03671875 0.05625
0 0.15859375 0.95234375 0.03984375 0.04453125
0 0.31328125 0.94765625 0.0609375 0.0640625