0 0.90625 0.05859375 0.08515625 0.09375
0 0.97890625 0.15078125 0.0421875 0.0734375
0 0.971875 0.309375 0.05625 0.0765625
0 0.9046875 0.23671875 0.08203125 0.1078125
0 0.8296875 0.1421875 0.08515625 0.090625
0 0.7484375 0.0625 0.09375 0.1109375
0 0.7484375 0.23359375 0.09375 0.08515625
0 0.83984375 0.30703125 0.06484375 0.06484375
0 0.9125 0.4015625 0.090625 0.090625
0 0.75078125 0.39140625 0.08203125 0.0765625
0 0.6734375 0.30625 0.090625 0.09375
0 0.8359375 0.478125 0.08203125 0.09921875
0 0.91796875 0.57109375 0.08515625 0.09375
0 0.97734375 0.4765625 0.0453125 0.08125
0 0.59765625 0.3921875 0.08203125 0.08203125
0 0.6859375 0.4671875 0.08203125 0.08515625
0 0.59609375 0.559375 0.0734375 0.08203125
0 0.52421875 0.48125 0.09921875 0.11953125
0 0.509375 0.6484375 0.0765625 0.09921875
0 0.66875 0.6515625 0.08203125 0.08515625
0 0.75703125 0.56171875 0.04296875 0.0515625
0 0.50859375 0.01328125 0.0796875 0.0265625
0 0.43203125 0.0546875 0.06796875 0.10234375
0 0.17578125 0.1265625 0.10234375 0.10234375
0 0.28125 0.2203125 0.09921875 0.11953125
0 0.19375 0.30546875 0.09375 0.11953125
0 0.1 0.225 0.0765625 0.08515625
0 0.19375 0.46875 0.1109375 0.1109375
0 0.50703125 0.1484375 0.08203125 0.08515625
0 0.28046875 0.7234375 0.1078125 0.10234375
0 0.36796875 0.8140625 0.09375 0.10234375
0 0.43671875 0.8953125 0.06796875 0.0765625
0 0.51484375 0.8203125 0.0734375 0.0734375
0 0.19609375 0.81328125 0.06484375 0.0765625
0 0.59765625 0.73125 0.08203125 0.090625
0 0.6828125 0.821875 0.08203125 0.09375
0 0.76171875 0.74140625 0.090625 0.09375
0 0.8421875 0.6515625 0.09375 0.10234375
0 0.971875 0.6484375 0.05625 0.08203125
0 0.91796875 0.740625 0.06796875 0.06796875
0 0.8390625 0.82578125 0.090625 0.08515625
0 0.759375 0.90078125 0.09921875 0.09921875
0 0.684375 0.97265625 0.08515625 0.0546875
0 0.98046875 0.83046875 0.0390625 0.09375
0 0.97421875 0.965625 0.0515625 0.06796875