0 0.36328125 0.01640625 0.0640625 0.03203125
0 0.90390625 0.059375 0.04765625 0.04765625
0 0.81953125 0.153125 0.04765625 0.05546875
0 0.90625 0.22890625 0.059375 0.07265625
0 0.98046875 0.15 0.0390625 0.05078125
0 0.975 0.29453125 0.05 0.0640625
0 0.896875 0.3828125 0.05078125 0.059375
0 0.03828125 0.021875 0.07578125 0.04375
0 0.1203125 0.08359375 0.05078125 0.059375
0 0.1953125 0.17109375 0.05546875 0.07578125
0 0.66328125 0.31484375 0.08984375 0.09296875
0 0.5828125 0.39453125 0.08125 0.08984375
0 0.5046875 0.47265625 0.0671875 0.0640625
0 0.44140625 0.40625 0.07578125 0.07265625
0 0.659375 0.4703125 0.07265625 0.07265625
0 0.74921875 0.38828125 0.07578125 0.08125
0 0.825 0.4625 0.07578125 0.084375
0 0.740625 0.54296875 0.07578125 0.07578125
0 0.65703125 0.61875 0.0671875 0.059375
0 0.5890625 0.54921875 0.07578125 0.08125
0 0.26796875 0.4109375 0.0421875 0.05546875
0 0.27890625 0.56953125 0.08125 0.1015625
0 0.41640625 0.56015625 0.07578125 0.07578125
0 0.43046875 0.7171875 0.08125 0.07578125
0 0.34375 0.803125 0.059375 0.05546875
0 0.2765625 0.72265625 0.07578125 0.0640625
0 0.20078125 0.803125 0.1015625 0.08984375
0 0.0078125 0.89296875 0.01484375 0.08984375
0 0.0375 0.971875 0.04765625 0.05546875
0 0.1140625 0.89375 0.05546875 0.0671875
0 0.97578125 0.4671875 0.0484375 0.05
0 0.8984375 0.53984375 0.0640625 0.059375
0 0.97578125 0.62109375 0.0484375 0.0640625
0 0.8140625 0.62734375 0.04765625 0.059375
0 0.73671875 0.7046875 0.05078125 0.05078125
0 0.65703125 0.80078125 0.0671875 0.0671875
0 0.58359375 0.7078125 0.05546875 0.05078125
0 0.50703125 0.653125 0.04765625 0.0421875
0 0.8984375 0.71484375 0.0640625 0.0640625
0 0.82265625 0.79140625 0.0640625 0.07265625
0 0.909375 0.86796875 0.07578125 0.0671875
0 0.971875 0.79453125 0.05546875 0.05546875
0 0.66484375 0.95078125 0.059375 0.0640625
0 0.821875 0.96328125 0.059375 0.0734375
0 0.9734375 0.9421875 0.05234375 0.0640625