0 0.97578125 0.0875 0.0484375 0.1
0 0.82421875 0.07734375 0.09609375 0.11484375
0 0.9046875 0.17421875 0.1 0.109375
0 0.97109375 0.25625 0.0578125 0.109375
0 0.73984375 0.17109375 0.0875 0.1234375
0 0.81171875 0.25546875 0.078125 0.1
0 0.57578125 0.16796875 0.09609375 0.11484375
0 0.47734375 0.24765625 0.11796875 0.12734375
0 0.3953125 0.3234375 0.1 0.12734375
0 0.57265625 0.33203125 0.090625 0.09609375
0 0.659375 0.41484375 0.1 0.109375
0 0.8234375 0.43125 0.090625 0.10546875
0 0.90078125 0.35078125 0.06328125 0.07265625
0 0.984375 0.78359375 0.03125 0.07265625
0 0.91484375 0.8703125 0.090625 0.1
0 0.984375 0.9640625 0.03125 0.071875
0 0.8328125 0.95546875 0.090625 0.0890625
0 0.74609375 0.8734375 0.1 0.11796875
0 0.97109375 0.4265625 0.0578125 0.11484375
0 0.90625 0.51640625 0.09609375 0.10546875
0 0.7421875 0.51015625 0.090625 0.1
0 0.83984375 0.5984375 0.0875 0.10546875
0 0.75546875 0.68125 0.1 0.11484375
0 0.6609375 0.578125 0.09609375 0.109375
0 0.57109375 0.50703125 0.0875 0.10546875
0 0.5703125 0.68828125 0.09609375 0.1
0 0.4890625 0.78125 0.0875 0.11484375
0 0.409375 0.865625 0.07265625 0.109375
0 0.32109375 0.76171875 0.11484375 0.10546875
0 0.234375 0.67421875 0.1234375 0.12734375
0 0.13671875 0.9421875 0.109375 0.109375
0 0.24921875 0.9890625 0.10546875 0.021875
0 0.4890625 0.96015625 0.0875 0.0796875
0 0.82421875 0.7703125 0.09609375 0.1