0 0.728125 0.0109375 0.08125 0.021875
0 0.80234375 0.04609375 0.06953125 0.0921875
0 0.8703125 0.128125 0.08359375 0.0890625
0 0.725 0.121875 0.08515625 0.08515625
0 0.58046875 0.13125 0.07734375 0.0890625
0 0.6578125 0.2015625 0.09375 0.09375
0 0.72578125 0.28046875 0.0609375 0.06484375
0 0.49140625 0.05703125 0.06953125 0.06953125
0 0.42890625 0.003125 0.08046875 0.00625
0 0.28046875 0.003125 0.08046875 0.00625
0 0.35625 0.03984375 0.06484375 0.07265625
0 0.42734375 0.11796875 0.09375 0.07734375
0 0.5078125 0.1984375 0.07734375 0.07734375
0 0.5765625 0.2765625 0.08515625 0.0890625
0 0.4328125 0.275 0.0890625 0.08515625
0 0.3515625 0.19609375 0.07734375 0.07265625
0 0.27890625 0.11015625 0.07734375 0.08515625
0 0.2078125 0.03515625 0.06484375 0.06484375
0 0.12734375 0.11171875 0.08046875 0.0890625
0 0.20625 0.19921875 0.0609375 0.06953125
0 0.284375 0.27734375 0.07265625 0.08046875
0 0.19921875 0.34921875 0.07265625 0.07265625
0 0.12578125 0.2796875 0.07734375 0.1015625
0 0.0546875 0.19140625 0.08046875 0.08515625
0 0.01171875 0.11484375 0.0234375 0.1046875
0 0.01171875 0.2765625 0.0234375 0.08125
0 0.06484375 0.346875 0.0609375 0.0609375
0 0.1328125 0.4359375 0.08515625 0.08515625
0 0.01015625 0.42421875 0.0203125 0.0734375
0 0.0609375 0.5078125 0.07734375 0.09375
0 0.1390625 0.59609375 0.08046875 0.0890625
0 0.2109375 0.5078125 0.08046875 0.07734375
0 0.2890625 0.4421875 0.08046875 0.08046875
0 0.003125 0.58671875 0.00625 0.0484375
0 0.01796875 0.75546875 0.03515625 0.0890625
0 0.0671875 0.67265625 0.0890625 0.096875
0 0.203125 0.66953125 0.08046875 0.07734375
0 0.1390625 0.75625 0.06484375 0.06484375
0 0.0640625 0.83671875 0.08515625 0.08046875
0 0.01796875 0.90703125 0.03515625 0.0921875
0 0.35703125 0.52109375 0.0890625 0.09375
0 0.425 0.596875 0.07265625 0.07734375
0 0.509375 0.51484375 0.08046875 0.08046875
0 0.5890625 0.43359375 0.09375 0.08046875
0 0.5 0.66953125 0.07734375 0.07734375
0 0.4296875 0.7453125 0.07265625 0.08046875
0 0.365625 0.6765625 0.07265625 0.07265625
0 0.2765625 0.59453125 0.07265625 0.08515625
0 0.29296875 0.753125 0.07265625 0.08046875
0 0.221875 0.84140625 0.08515625 0.0890625
0 0.290625 0.91171875 0.07734375 0.08515625
0 0.346875 0.8359375 0.0609375 0.06953125
0 0.4421875 0.9171875 0.096875 0.08515625
0 0.38125 0.97265625 0.0890625 0.0546875
0 0.88359375 0.2796875 0.09375 0.08515625
0 0.8078125 0.36171875 0.08046875 0.0890625
0 0.72578125 0.43515625 0.07734375 0.07734375
0 0.80390625 0.52421875 0.1046875 0.109375
0 0.8765625 0.446875 0.07265625 0.096875
0 0.95625 0.3640625 0.07734375 0.08515625
0 0.953125 0.5296875 0.0484375 0.053125
0 0.99296875 0.59921875 0.0140625 0.0796875
0 0.9515625 0.67578125 0.09375 0.096875
0 0.88671875 0.75859375 0.07734375 0.08515625
0 0.95546875 0.83671875 0.06953125 0.08046875
0 0.7390625 0.753125 0.07734375 0.08046875
0 0.72734375 0.596875 0.06484375 0.07734375
0 0.6640625 0.67578125 0.05625 0.06484375
0 0.58203125 0.753125 0.08046875 0.096875
0 0.51484375 0.83984375 0.06484375 0.08515625
0 0.58828125 0.91953125 0.08515625 0.09375
0 0.6546875 0.83984375 0.06484375 0.06953125
0 0.87734375 0.9109375 0.08046875 0.09375
0 0.73828125 0.9203125 0.08515625 0.08515625
0 0.80703125 0.97265625 0.07578125 0.0546875
0 0.66171875 0.97265625 0.08515625 0.0546875
0 0.215625 0.96796875 0.09375 0.0640625
0 0.05703125 0.0328125 0.0921875 0.065625
0 0.51015625 0.34921875 0.0890625 0.0890625