0 0.0265625 0.609375 0.053125 0.08125
0 0.028125 0.4703125 0.05625 0.109375
0 0.02890625 0.171875 0.0484375 0.0484375
0 0.0984375 0.24609375 0.0734375 0.0734375
0 0.175 0.31875 0.06484375 0.0734375
0 0.09765625 0.38984375 0.08125 0.078125
0 0.17109375 0.46953125 0.05703125 0.06484375
0 0.25 0.3875 0.09453125 0.0890625
0 0.31796875 0.60859375 0.09453125 0.09453125
0 0.4 0.5296875 0.0859375 0.10546875
0 0.471875 0.45625 0.0734375 0.08125
0 0.24765625 0.24375 0.0734375 0.078125
0 0.32578125 0.3140625 0.0734375 0.0734375
0 0.39765625 0.3921875 0.08125 0.0890625
0 0.55 0.23671875 0.06171875 0.06484375
0 0.61328125 0.30703125 0.06484375 0.06484375
0 0.69375 0.3859375 0.05703125 0.06953125
0 0.7875 0.30078125 0.06484375 0.06953125
0 0.553125 0.5421875 0.0734375 0.08125
0 0.471875 0.60859375 0.0890625 0.078125
0 0.390625 0.690625 0.0890625 0.0859375
0 0.3234375 0.76328125 0.06171875 0.06171875
0 0.390625 0.83828125 0.0734375 0.0734375
0 0.4640625 0.76640625 0.09453125 0.09453125
0 0.6296875 0.7640625 0.0484375 0.05390625
0 0.62421875 0.60390625 0.0859375 0.078125
0 0.696875 0.684375 0.06953125 0.0734375
0 0.77890625 0.603125 0.08125 0.0890625
0 0.77734375 0.76640625 0.078125 0.09453125
0 0.69921875 0.8359375 0.0890625 0.09453125
0 0.778125 0.9109375 0.06953125 0.06484375
0 0.69921875 0.51953125 0.0890625 0.09453125
0 0.84609375 0.5171875 0.09453125 0.0890625
0 0.9296875 0.44921875 0.0890625 0.0890625
0 0.975 0.36953125 0.05 0.0859375
0 0.9828125 0.21953125 0.034375 0.06171875
0 0.928125 0.1515625 0.06953125 0.0734375
0 0.9828125 0.6796875 0.034375 0.0734375
0 0.9234375 0.74921875 0.09453125 0.10546875
0 0.98046875 0.98359375 0.0390625 0.0328125
0 0.028125 0.91953125 0.05625 0.0953125
0 0.1046875 0.8578125 0.06953125 0.0734375
0 0.32109375 0.91875 0.06484375 0.06484375
0 0.3984375 0.98359375 0.05703125 0.0328125
0 0.55078125 0.0796875 0.0375 0.0328125