0 0.0515625 0.9375 0.046875 0.046875
0 0.11796875 0.9859375 0.0703125 0.028125
0 0.26171875 0.984375 0.0703125 0.03125
0 0.553125 0.984375 0.059375 0.03125
0 0.9765625 0.9765625 0.046875 0.046875
0 0.91640625 0.91796875 0.0671875 0.0703125
0 0.01171875 0.11328125 0.0234375 0.1015625
0 0.12734375 0.4296875 0.0671875 0.078125
0 0.19609375 0.65 0.0546875 0.059375
0 0.33828125 0.4859375 0.0515625 0.04375
0 0.415625 0.41015625 0.059375 0.0703125
0 0.33671875 0.6390625 0.0390625 0.04375
0 0.55078125 0.55703125 0.0546875 0.0515625
0 0.62109375 0.62109375 0.0546875 0.0546875
0 0.69453125 0.69140625 0.0359375 0.0390625
0 0.55390625 0.8484375 0.0359375 0.03125
0 0.54921875 0.103125 0.0671875 0.075
0 0.55546875 0.25859375 0.0546875 0.0546875
0 0.559375 0.41484375 0.046875 0.0546875
0 0.696875 0.25234375 0.075 0.0828125
0 0.6234375 0.18359375 0.090625 0.0859375
0 0.84609375 0.24609375 0.0515625 0.0546875