0 0.37109375 0.03125 0.11015625 0.0625
0 0.2953125 0.0953125 0.10078125 0.0953125
0 0.2015625 0.03515625 0.0953125 0.0703125
0 0.11796875 0.10390625 0.09140625 0.1046875
0 0.02734375 0.1890625 0.0546875 0.075
0 0.30625 0.28671875 0.0953125 0.11015625
0 0.38984375 0.18984375 0.11015625 0.1140625
0 0.825 0.08203125 0.0953125 0.11015625
0 0.7203125 0.1828125 0.1140625 0.11015625
0 0.8203125 0.26171875 0.1046875 0.1046875
0 0.909375 0.17578125 0.0859375 0.1046875
0 0.97421875 0.26640625 0.0515625 0.1140625
0 0.9140625 0.3515625 0.0953125 0.1140625
0 0.8171875 0.43984375 0.09140625 0.10078125
0 0.7296875 0.34609375 0.0953125 0.1140625
0 0.64453125 0.4515625 0.0953125 0.1046875
0 0.5515625 0.365625 0.09140625 0.0859375
0 0.98515625 0.45 0.0296875 0.075
0 0.46015625 0.46796875 0.09140625 0.09140625
0 0.38046875 0.56015625 0.071875 0.0859375
0 0.28203125 0.64609375 0.06640625 0.0953125
0 0.546875 0.7375 0.10078125 0.11015625
0 0.45703125 0.8109375 0.08203125 0.08203125
0 0.28359375 0.8296875 0.0953125 0.11953125
0 0.19453125 0.9140625 0.08203125 0.11015625
0 0.1140625 0.9796875 0.09921875 0.03984375
0 0.2859375 0.97734375 0.10078125 0.0453125
0 0.45625 0.98203125 0.09140625 0.0359375
0 0.56171875 0.92890625 0.08203125 0.08203125
0 0.63515625 0.81640625 0.0953125 0.1046875
0 0.7328125 0.72890625 0.10078125 0.10078125
0 0.81015625 0.81640625 0.0953125 0.1046875
0 0.7203125 0.9078125 0.07578125 0.0859375
0 0.63671875 0.97734375 0.11015625 0.0453125
0 0.81171875 0.9703125 0.09140625 0.05859375
0 0.8953125 0.903125 0.07578125 0.07578125
0 0.97109375 0.9703125 0.05703125 0.05859375
0 0.73203125 0.53671875 0.09140625 0.1046875
0 0.8171875 0.6328125 0.09140625 0.11015625
0 0.909375 0.5296875 0.1046875 0.11953125
0 0.97421875 0.6234375 0.0515625 0.11015625
0 0.55234375 0.5359375 0.08203125 0.0953125