0 0.57421875 0.0140625 0.09609375 0.028125
0 0.503125 0.05859375 0.0703125 0.07890625
0 0.4234375 0.009375 0.075 0.01875
0 0.2515625 0.015625 0.08359375 0.03125
0 0.09140625 0.015625 0.09296875 0.03125
0 0.1734375 0.06484375 0.1015625 0.1015625
0 0.25 0.15859375 0.0875 0.09609375
0 0.33671875 0.23984375 0.0578125 0.06640625
0 0.034375 0.240625 0.06796875 0.11015625
0 0.08828125 0.32890625 0.07890625 0.1046875
0 0.02109375 0.41484375 0.0421875 0.075
0 0.0828125 0.50234375 0.075 0.075
0 0.24921875 0.328125 0.0578125 0.075