0 0.88203125 0.36171875 0.08828125 0.0765625
0 0.81328125 0.415625 0.084375 0.0640625
0 0.734375 0.3640625 0.07265625 0.0640625
0 0.65078125 0.4234375 0.0640625 0.04765625
0 0.4921875 0.415625 0.07265625 0.0640625
0 0.33671875 0.409375 0.08984375 0.0765625
0 0.246875 0.34140625 0.07265625 0.0765625
0 0.1765625 0.40859375 0.08125 0.06796875
0 0.9609375 0.1296875 0.05078125 0.059375
0 0.88828125 0.03046875 0.0640625 0.0609375
0 0.80625 0.09921875 0.05625 0.059375
0 0.89296875 0.20546875 0.06796875 0.06796875
0 0.80625 0.2796875 0.07265625 0.08125
0 0.71953125 0.18046875 0.0765625 0.09296875
0 0.64453125 0.2671875 0.07265625 0.07265625
0 0.5765625 0.18671875 0.084375 0.08125
0 0.4890625 0.26015625 0.08984375 0.0765625
0 0.721875 0.034375 0.071875 0.06875
0 0.41953125 0.0328125 0.0765625 0.065625
0 0.10234375 0.0265625 0.07265625 0.05234375
0 0.17265625 0.1015625 0.06796875 0.08125