0 0.040625 0.01953125 0.059375 0.0390625
0 0.12109375 0.078125 0.0703125 0.0625
0 0.03984375 0.16640625 0.0546875 0.0671875
0 0.62109375 0.015625 0.0546875 0.03125
0 0.7640625 0.015625 0.059375 0.03125
0 0.69921875 0.07734375 0.0546875 0.0671875
0 0.8453125 0.0765625 0.075 0.075
0 0.915625 0.015625 0.075 0.03125
0 0.2546875 0.0765625 0.046875 0.059375
0 0.18359375 0.146875 0.0546875 0.059375
0 0.3296875 0.14765625 0.059375 0.0515625
0 0.4046875 0.07890625 0.059375 0.0703125
0 0.4734375 0.015625 0.046875 0.03125
0 0.55546875 0.07734375 0.0703125 0.0671875
0 0.4765625 0.14453125 0.0625 0.0546875
0 0.63203125 0.15078125 0.0671875 0.0671875
0 0.55546875 0.22734375 0.0546875 0.0703125
0 0.47109375 0.303125 0.0671875 0.075
0 0.54921875 0.3734375 0.0671875 0.059375
0 0.6296875 0.30078125 0.078125 0.0859375
0 0.69375 0.225 0.075 0.075
0 0.76015625 0.30078125 0.0671875 0.0703125
0 0.97421875 0.52734375 0.0515625 0.0859375
0 0.9046875 0.4609375 0.075 0.078125
0 0.81953125 0.53515625 0.0828125 0.0859375
0 0.90703125 0.60546875 0.0546875 0.0703125
0 0.9765625 0.67890625 0.046875 0.0671875
0 0.1109375 0.23359375 0.028125 0.0359375
0 0.02734375 0.30703125 0.0546875 0.0515625
0 0.1140625 0.36328125 0.0625 0.0546875
0 0.17890625 0.2953125 0.0515625 0.04375
0 0.2546875 0.3640625 0.0625 0.0625
0 0.3375 0.3015625 0.059375 0.0625
0 0.40078125 0.3671875 0.0671875 0.078125
0 0.328125 0.4421875 0.0625 0.0625
0 0.18671875 0.4421875 0.0671875 0.0625
0 0.25703125 0.509375 0.0828125 0.075
0 0.39921875 0.5078125 0.0546875 0.0625
0 0.47890625 0.44921875 0.0515625 0.0546875
0 0.61953125 0.4453125 0.0671875 0.078125
0 0.69609375 0.38125 0.0546875 0.059375
0 0.69375 0.6859375 0.075 0.075
0 0.765625 0.75078125 0.0625 0.0703125
0 0.84296875 0.8359375 0.0671875 0.078125
0 0.69453125 0.82734375 0.0515625 0.0515625
0 0.61953125 0.90703125 0.0828125 0.0859375
0 0.76171875 0.8984375 0.0703125 0.078125
0 0.97265625 0.82890625 0.0546875 0.0703125
0 0.90703125 0.9046875 0.0546875 0.059375
0 0.8421875 0.9765625 0.059375 0.046875
0 0.96875 0.978125 0.0625 0.04375
0 0.0328125 0.7453125 0.065625 0.0625
0 0.10078125 0.8140625 0.0671875 0.075
0 0.0359375 0.896875 0.0625 0.075
0 0.11171875 0.66796875 0.0515625 0.0546875
0 0.17265625 0.73828125 0.0546875 0.0703125
0 0.246875 0.66875 0.0625 0.0625
0 0.31484375 0.74921875 0.0671875 0.0671875
0 0.25078125 0.81328125 0.0703125 0.0703125
0 0.32421875 0.890625 0.0703125 0.078125
0 0.3921875 0.81875 0.059375 0.075
0 0.46875 0.5921875 0.0625 0.075
0 0.184375 0.5953125 0.046875 0.059375
0 0.03125 0.453125 0.0625 0.0625
0 0.0375 0.5953125 0.059375 0.075
0 0.1078125 0.5140625 0.059375 0.059375
0 0.6953125 0.97421875 0.0625 0.0515625