0 0.74296875 0.0140625 0.0734375 0.02734375
0 0.88671875 0.0203125 0.078125 0.040625
0 0.8171875 0.0765625 0.06953125 0.08125
0 0.89609375 0.15078125 0.08125 0.09453125
0 0.996875 0.16015625 0.00625 0.0859375
0 0.9640625 0.23125 0.07109375 0.0890625
0 0.3671875 0.06640625 0.06171875 0.06171875
0 0.44140625 0.15078125 0.08125 0.078125
0 0.51484375 0.06953125 0.08125 0.09453125
0 0.59453125 0.0140625 0.078125 0.02734375
0 0.6625 0.06875 0.09453125 0.0890625
0 0.73515625 0.14140625 0.06171875 0.06484375
0 0.66484375 0.2234375 0.0734375 0.0890625
0 0.59765625 0.3 0.06171875 0.06484375
0 0.50625 0.22265625 0.06484375 0.06484375
0 0.37265625 0.22890625 0.0734375 0.078125
0 0.434375 0.29921875 0.0890625 0.0734375
0 0.0125 0.0140625 0.02421875 0.02734375
0 0.078125 0.075 0.078125 0.078125
0 0.15078125 0.0140625 0.078125 0.02734375
0 0.0125 0.3078125 0.02421875 0.0734375
0 0.996875 0.4640625 0.00625 0.078125
0 0.8875 0.3078125 0.0859375 0.0890625
0 0.73828125 0.296875 0.08125 0.09453125
0 0.81484375 0.3921875 0.0484375 0.05390625
0 0.88671875 0.4546875 0.09453125 0.08125
0 0.965625 0.38125 0.06484375 0.06484375
0 0.3640625 0.3703125 0.0734375 0.078125
0 0.525 0.38359375 0.06953125 0.06953125
0 0.43984375 0.46171875 0.078125 0.0734375
0 0.5953125 0.4625 0.0859375 0.08125
0 0.659375 0.375 0.078125 0.078125
0 0.73828125 0.46796875 0.08125 0.10234375
0 0.66953125 0.55078125 0.05703125 0.0734375
0 0.525 0.54375 0.06953125 0.09765625
0 0.21953125 0.54296875 0.06484375 0.0890625
0 0.28984375 0.465625 0.05390625 0.06484375
0 0.3640625 0.53828125 0.0734375 0.0859375
0 0.29140625 0.6203125 0.0890625 0.09765625
0 0.13984375 0.47421875 0.078125 0.08125
0 0.05078125 0.55078125 0.0859375 0.0890625
0 0.1421875 0.62421875 0.05703125 0.0734375
0 0.21796875 0.70078125 0.05703125 0.06953125
0 0.0140625 0.775 0.02734375 0.0734375
0 0.07578125 0.86328125 0.06953125 0.08125
0 0.0140625 0.92890625 0.02734375 0.08125
0 0.2125 0.85625 0.06171875 0.0734375
0 0.1421875 0.93515625 0.05703125 0.06171875
0 0.07421875 0.9921875 0.0609375 0.015625
0 0.21015625 0.99375 0.0734375 0.0125
0 0.28984375 0.94453125 0.0859375 0.08125
0 0.35625 0.86640625 0.0734375 0.06953125
0 0.29453125 0.77890625 0.06953125 0.06484375
0 0.4359375 0.61953125 0.06953125 0.0859375
0 0.35625 0.70078125 0.05703125 0.06953125
0 0.58828125 0.62265625 0.05703125 0.06953125
0 0.5046875 0.703125 0.06171875 0.06171875
0 0.59140625 0.7890625 0.0734375 0.09453125
0 0.6578125 0.6921875 0.06484375 0.06953125
0 0.74296875 0.6203125 0.05703125 0.06484375
0 0.80859375 0.53984375 0.06171875 0.0734375
0 0.88203125 0.62421875 0.0859375 0.10546875
0 0.815625 0.703125 0.0734375 0.09453125
0 0.96171875 0.5453125 0.0765625 0.078125
0 0.74140625 0.78046875 0.05390625 0.06171875
0 0.66171875 0.85 0.05703125 0.05390625
0 0.89609375 0.775 0.09765625 0.0890625
0 0.9625 0.70625 0.0453125 0.0484375
0 0.80546875 0.85703125 0.06171875 0.06171875
0 0.7375 0.93828125 0.05703125 0.078125
0 0.5875 0.93515625 0.0484375 0.06171875
0 0.51171875 0.865625 0.06484375 0.078125
0 0.809375 0.9859375 0.06953125 0.02734375
0 0.8921875 0.940625 0.0734375 0.0734375
0 0.9640625 0.86171875 0.07109375 0.078125
0 0.65234375 0.98984375 0.0765625 0.0203125
0 0.43515625 0.78203125 0.078125 0.0859375
0 0.4453125 0.94453125 0.05703125 0.0484375
0 0.36796875 0.98828125 0.06953125 0.02265625