0 0.80859375 0.6046875 0.07734375 0.08046875
0 0.809375 0.46640625 0.08515625 0.109375
0 0.446875 0.25859375 0.09296875 0.08046875
0 0.5109375 0.328125 0.0609375 0.08046875
0 0.5921875 0.2546875 0.06875 0.07265625
0 0.59375 0.1078125 0.07265625 0.07734375
0 0.665625 0.32421875 0.0484375 0.05625
0 0.746875 0.25 0.08828125 0.08515625
0 0.66796875 0.1875 0.06875 0.07265625
0 0.8234375 0.1703125 0.0484375 0.0484375
0 0.89140625 0.24375 0.07265625 0.07265625
0 0.96796875 0.315625 0.0640625 0.07265625
0 0.890625 0.3859375 0.08046875 0.07734375
0 0.734375 0.3875 0.08046875 0.08046875
0 0.9640625 0.46484375 0.05625 0.0640625
0 0.740625 0.53671875 0.053125 0.0640625
0 0.5125 0.7671875 0.1125 0.09296875
0 0.44296875 0.84453125 0.08515625 0.06875
0 0.59375 0.8546875 0.08828125 0.07265625
0 0.521875 0.91796875 0.07265625 0.0640625
0 0.5953125 0.975 0.08515625 0.05
0 0.66640625 0.91875 0.07265625 0.07265625
0 0.74765625 0.83828125 0.0609375 0.07265625
0 0.81015625 0.91171875 0.08046875 0.09296875
0 0.89765625 0.85 0.06875 0.07265625
0 0.74609375 0.9765625 0.08046875 0.046875
0 0.13359375 0.97109375 0.09296875 0.0578125
0 0.0171875 0.4046875 0.03359375 0.059375
0 0.0234375 0.54765625 0.046875 0.08515625
0 0.22421875 0.775 0.08828125 0.09296875
0 0.525 0.02890625 0.07265625 0.0578125