0 0.98671875 0.07890625 0.0265625 0.0875
0 0.86328125 0.07109375 0.06640625 0.07890625
0 0.93984375 0.15546875 0.0609375 0.06640625
0 0.98984375 0.246875 0.0203125 0.075
0 0.86640625 0.25546875 0.07890625 0.08359375
0 0.78046875 0.16640625 0.09296875 0.0875
0 0.70859375 0.08125 0.07890625 0.075
0 0.778125 0.01015625 0.075 0.0203125
0 0.45625 0.02421875 0.078125 0.0484375
0 0.29609375 0.01015625 0.0578125 0.0203125
0 0.38046875 0.0640625 0.0609375 0.0578125
0 0.12734375 0.015625 0.1046875 0.03125
0 0.22578125 0.071875 0.06640625 0.06640625
0 0.2984375 0.159375 0.0609375 0.08359375
0 0.46015625 0.15546875 0.05234375 0.06640625
0 0.5421875 0.08046875 0.0703125 0.08359375
0 0.22109375 0.24140625 0.075 0.0875
0 0.13203125 0.16171875 0.07890625 0.07890625
0 0.053125 0.0765625 0.07890625 0.08359375
0 0.296875 0.33671875 0.0875 0.09609375
0 0.3828125 0.41328125 0.08359375 0.09296875
0 0.453125 0.325 0.08359375 0.08359375
0 0.38828125 0.246875 0.08359375 0.08359375
0 0.625 0.0171875 0.084375 0.034375
0 0.6125 0.16640625 0.0609375 0.05234375
0 0.696875 0.24921875 0.075 0.09609375
0 0.6234375 0.3375 0.09296875 0.0875
0 0.5453125 0.41015625 0.08359375 0.09296875
0 0.7046875 0.425 0.05234375 0.05234375
0 0.61484375 0.48359375 0.0578125 0.03984375
0 0.93984375 0.33515625 0.0609375 0.0578125
0 0.98984375 0.41796875 0.0203125 0.0921875
0 0.8578125 0.4109375 0.07890625 0.0875
0 0.77890625 0.4859375 0.0609375 0.03515625
0 0.9421875 0.48203125 0.06640625 0.04375
0 0.22734375 0.425 0.0875 0.0875
0 0.30390625 0.47890625 0.08359375 0.04921875
0 0.05703125 0.409375 0.07890625 0.08359375
0 0.015625 0.33671875 0.03125 0.09609375
0 0.1421875 0.4875 0.03984375 0.03125