0 0.10625 0.01875 0.103125 0.03671875
0 0.03515625 0.07578125 0.0703125 0.1359375
0 0.03515625 0.24296875 0.0703125 0.1125
0 0.465625 0.3578125 0.1421875 0.1359375
0 0.30625 0.53203125 0.12265625 0.1265625
0 0.21015625 0.63515625 0.13203125 0.14609375
0 0.1140625 0.53515625 0.10703125 0.13203125
0 0.04296875 0.44140625 0.0859375 0.1125
0 0.97265625 0.18671875 0.0546875 0.1359375
0 0.97265625 0.54453125 0.0546875 0.1125
0 0.93125 0.440625 0.1265625 0.1265625
0 0.97265625 0.72265625 0.0546875 0.1265625
0 0.21953125 0.8171875 0.13203125 0.1515625
0 0.3046875 0.90625 0.10703125 0.1359375
0 0.0453125 0.809375 0.090625 0.146875
0 0.0546875 0.953125 0.10859375 0.09375
0 0.47890625 0.73125 0.11640625 0.1359375
0 0.58046875 0.82890625 0.1265625 0.1359375
0 0.4078125 0.9625 0.103125 0.075
0 0.49921875 0.92109375 0.10703125 0.1265625
0 0.74453125 0.4609375 0.12265625 0.1125
0 0.75546875 0.97265625 0.10703125 0.0546875