0 0.11875 0.82109375 0.090625 0.1171875
0 0.0390625 0.9 0.078125 0.121875
0 0.26015625 0.953125 0.0984375 0.09375
0 0.26015625 0.81875 0.0984375 0.121875
0 0.334375 0.8734375 0.075 0.090625
0 0.40703125 0.9625 0.0703125 0.075
0 0.47578125 0.89296875 0.0984375 0.1140625
0 0.40234375 0.8140625 0.0859375 0.090625
0 0.5484375 0.8125 0.090625 0.109375
0 0.61796875 0.90078125 0.0859375 0.0984375
0 0.7 0.9625 0.09375 0.075
0 0.05078125 0.59453125 0.1015625 0.1171875
0 0.184375 0.734375 0.078125 0.078125
0 0.2625 0.671875 0.09375 0.109375
0 0.33203125 0.74296875 0.0703125 0.0859375
0 0.046875 0.74375 0.09375 0.121875
0 0.11796875 0.67265625 0.0859375 0.1171875
0 0.18359375 0.6015625 0.0859375 0.109375
0 0.2578125 0.52734375 0.09375 0.1171875
0 0.3359375 0.5921875 0.078125 0.090625
0 0.40625 0.67109375 0.078125 0.0984375
0 0.46484375 0.60625 0.0859375 0.09375
0 0.54609375 0.68359375 0.0828125 0.1015625
0 0.625 0.7578125 0.09375 0.109375
0 0.69140625 0.6859375 0.0859375 0.10625
0 0.61640625 0.60390625 0.0828125 0.0984375
0 0.5484375 0.52421875 0.10625 0.1171875
0 0.328125 0.30546875 0.09375 0.0859375
0 0.40625 0.37578125 0.09375 0.1015625
0 0.3328125 0.44375 0.09375 0.121875
0 0.47578125 0.43984375 0.0828125 0.0828125
0 0.39453125 0.51796875 0.0703125 0.0984375
0 0.0390625 0.15234375 0.078125 0.1171875
0 0.10859375 0.07734375 0.0984375 0.1140625
0 0.103125 0.23046875 0.090625 0.1171875
0 0.1921875 0.3015625 0.109375 0.125
0 0.10078125 0.36640625 0.0984375 0.1140625
0 0.0375 0.02734375 0.075 0.0546875
0 0.33671875 0.0296875 0.1015625 0.059375
0 0.47265625 0.025 0.1015625 0.05
0 0.5484375 0.08984375 0.090625 0.1015625
0 0.4703125 0.1453125 0.075 0.09375
0 0.40234375 0.078125 0.0859375 0.09375
0 0.76640625 0.03125 0.0859375 0.0625
0 0.69375 0.07890625 0.090625 0.0859375
0 0.76953125 0.15859375 0.1015625 0.0984375
0 0.85234375 0.08515625 0.0859375 0.0828125
0 0.90859375 0.15859375 0.0984375 0.0984375
0 0.62734375 0.1640625 0.0984375 0.09375
0 0.54921875 0.23671875 0.0984375 0.1140625
0 0.625 0.30078125 0.09375 0.1015625
0 0.70234375 0.22890625 0.0828125 0.0828125
0 0.84375 0.240625 0.078125 0.090625
0 0.5453125 0.38125 0.090625 0.090625
0 0.70546875 0.38125 0.0828125 0.090625
0 0.78046875 0.43046875 0.0984375 0.1015625
0 0.9125 0.30859375 0.075 0.0859375
0 0.96875 0.23359375 0.0625 0.0984375
0 0.97265625 0.375 0.0546875 0.09375
0 0.8484375 0.38125 0.078125 0.090625
0 0.91875 0.4546875 0.078125 0.075
0 0.85 0.51953125 0.090625 0.0859375
0 0.76484375 0.59453125 0.0828125 0.1015625
0 0.9296875 0.6 0.109375 0.10625
0 0.978125 0.53203125 0.04375 0.0859375
0 0.978125 0.68046875 0.04375 0.0859375
0 0.915625 0.7515625 0.090625 0.090625
0 0.83671875 0.82265625 0.1171875 0.1140625
0 0.7671875 0.7421875 0.090625 0.09375
0 0.6890625 0.83203125 0.075 0.1015625
0 0.7640625 0.90625 0.075 0.09375
0 0.83671875 0.96484375 0.0703125 0.0703125
0 0.90625 0.9 0.09375 0.090625
0 0.96875 0.825 0.0625 0.09375
0 0.96875 0.95859375 0.0625 0.0828125