0 0.9546875 0.03515625 0.090625 0.0703125
0 0.1609375 0.028125 0.11875 0.05625
0 0.23671875 0.07109375 0.09765625 0.12421875
0 0.0203125 0.025 0.040625 0.05
0 0.0296875 0.1453125 0.059375 0.15
0 0.1453125 0.30546875 0.103125 0.1328125
0 0.07734375 0.40703125 0.115625 0.146875
0 0.23828125 0.215625 0.09375 0.09375
0 0.48828125 0.03125 0.115625 0.06171875
0 0.33046875 0.15078125 0.09375 0.12421875
0 0.4140625 0.084375 0.09765625 0.115625
0 0.6484375 0.1578125 0.09765625 0.103125
0 0.7171875 0.24140625 0.11171875 0.13828125
0 0.81171875 0.328125 0.08828125 0.10625
0 0.4796875 0.32109375 0.115625 0.1203125
0 0.31953125 0.303125 0.1203125 0.1203125
0 0.953125 0.32421875 0.09375 0.159375
0 0.64609375 0.3296875 0.11171875 0.1203125
0 0.56171875 0.403125 0.1203125 0.115625
0 0.48125 0.465625 0.11171875 0.115625
0 0.6578125 0.4765625 0.10625 0.103125
0 0.38984375 0.5109375 0.1203125 0.03515625