0 0.9796875 0.78671875 0.040625 0.10234375
0 0.990625 0.95234375 0.01875 0.0953125
0 0.9453125 0.87734375 0.09921875 0.11640625
0 0.85 0.9546875 0.08515625 0.090625
0 0.91328125 0.71015625 0.08515625 0.10234375
0 0.83125 0.7953125 0.09921875 0.11953125
0 0.6953125 0.790625 0.09375 0.1109375
0 0.77421875 0.69765625 0.090625 0.09921875
0 0.98046875 0.6265625 0.0390625 0.11640625
0 0.96953125 0.0375 0.0609375 0.075
0 0.96328125 0.1671875 0.0734375 0.11953125
0 0.88984375 0.08984375 0.1078125 0.1078125
0 0.765625 0.07265625 0.1078125 0.10546875
0 0.678125 0.02421875 0.09375 0.04765625
0 0.534375 0.03046875 0.09375 0.0609375
0 0.6109375 0.0828125 0.08515625 0.1109375
0 0.68125 0.14296875 0.08203125 0.08203125
0 0.75078125 0.2296875 0.10234375 0.1078125
0 0.9109375 0.2609375 0.09921875 0.11953125
0 0.98046875 0.32109375 0.0390625 0.08515625
0 0.9734375 0.46484375 0.053125 0.090625
0 0.92421875 0.390625 0.0734375 0.08203125
0 0.92734375 0.54375 0.0890625 0.09375
0 0.85703125 0.46484375 0.08203125 0.090625
0 0.76875 0.3875 0.09375 0.11640625
0 0.76640625 0.54453125 0.08203125 0.11640625
0 0.85078125 0.61171875 0.090625 0.09375
0 0.6890625 0.63203125 0.08203125 0.1109375
0 0.5375 0.6265625 0.11953125 0.11640625
0 0.68125 0.47421875 0.09921875 0.11953125
0 0.2953125 0.21875 0.08515625 0.10234375
0 0.3453125 0.13828125 0.09375 0.08515625
0 0.44609375 0.06640625 0.090625 0.1328125
0 0.52734375 0.14921875 0.06484375 0.090625
0 0.60390625 0.2109375 0.09921875 0.09375
0 0.6796875 0.3046875 0.090625 0.09375
0 0.5359375 0.29765625 0.09921875 0.1078125
0 0.45078125 0.2078125 0.09921875 0.09921875
0 0.37890625 0.2953125 0.09921875 0.10234375
0 0.30234375 0.36875 0.08203125 0.10234375
0 0.2109375 0.31171875 0.090625 0.1078125
0 0.3796875 0.46015625 0.09375 0.12421875
0 0.46328125 0.5390625 0.090625 0.10234375
0 0.53984375 0.44453125 0.090625 0.1109375
0 0.61875 0.37890625 0.0765625 0.08203125
0 0.609375 0.5453125 0.08203125 0.090625
0 0.8390625 0.33125 0.0734375 0.11640625
0 0.22890625 0.784375 0.06484375 0.0734375
0 0.15078125 0.69453125 0.090625 0.09921875
0 0.065625 0.621875 0.1078125 0.1078125