0 0.0234375 0.46875 0.046875 0.09375
0 0.0234375 0.3140625 0.046875 0.090625
0 0.0671875 0.390625 0.09375 0.09375
0 0.1484375 0.4578125 0.09375 0.109375
0 0.22734375 0.53125 0.1171875 0.125
0 0.02734375 0.61953125 0.0546875 0.0984375
0 0.0234375 0.75625 0.046875 0.090625
0 0.06875 0.84296875 0.10625 0.1140625
0 0.021875 0.921875 0.04375 0.109375
0 0.0796875 0.96484375 0.10625 0.0703125
0 0.16640625 0.91328125 0.0984375 0.0984375
0 0.28046875 0.89765625 0.0984375 0.0984375
0 0.36015625 0.83203125 0.0859375 0.0859375
0 0.2328125 0.68046875 0.090625 0.1015625
0 0.296875 0.75625 0.09375 0.10625
0 0.36171875 0.66875 0.0984375 0.078125
0 0.4390625 0.74296875 0.121875 0.1171875
0 0.49296875 0.834375 0.0859375 0.10625
0 0.421875 0.90703125 0.078125 0.1015625
0 0.3578125 0.9625 0.075 0.075
0 0.66484375 0.9578125 0.0859375 0.078125
0 0.57265625 0.8921875 0.0828125 0.121875
0 0.4984375 0.9625 0.059375 0.075
0 0.56875 0.98828125 0.090625 0.0234375
0 0.0796875 0.68203125 0.075 0.0984375
0 0.5953125 0.02734375 0.090625 0.0546875
0 0.08046875 0.0921875 0.0828125 0.090625
0 0.296875 0.02734375 0.09375 0.0546875
0 0.29375 0.15 0.09375 0.10625
0 0.37109375 0.0921875 0.0859375 0.090625
0 0.1453125 0.17890625 0.09375 0.0984375
0 0.225 0.24375 0.090625 0.090625
0 0.290625 0.31171875 0.090625 0.1140625
0 0.37421875 0.23046875 0.0828125 0.0859375
0 0.3671875 0.39140625 0.09375 0.0859375
0 0.4546875 0.30546875 0.10625 0.1171875
0 0.53046875 0.2265625 0.0828125 0.078125
0 0.44609375 0.46015625 0.1015625 0.0984375
0 0.5234375 0.3796875 0.09375 0.09375
0 0.59296875 0.31640625 0.0671875 0.0859375
0 0.44765625 0.1609375 0.0671875 0.078125
0 0.52265625 0.090625 0.1140625 0.109375
0 0.60234375 0.16328125 0.0703125 0.0828125
0 0.6625 0.09609375 0.090625 0.0984375
0 0.74453125 0.0375 0.0984375 0.075
0 0.7421875 0.171875 0.09375 0.109375
0 0.67109375 0.2328125 0.0671875 0.090625
0 0.51015625 0.53515625 0.0984375 0.1015625
0 0.5921875 0.45703125 0.075 0.0859375
0 0.66875 0.3875 0.09375 0.09375
0 0.58046875 0.6015625 0.0828125 0.09375
0 0.6546875 0.51640625 0.090625 0.1015625
0 0.74296875 0.45546875 0.0859375 0.0984375
0 0.72578125 0.5859375 0.0984375 0.109375
0 0.64921875 0.6734375 0.0859375 0.10625
0 0.80078125 0.6578125 0.1015625 0.121875