0 0.82109375 0.02265625 0.109375 0.0453125
0 0.89296875 0.06796875 0.08515625 0.09375
0 0.665625 0.01640625 0.1015625 0.03203125
0 0.59140625 0.0546875 0.1015625 0.109375
0 0.44453125 0.06171875 0.1046875 0.12109375
0 0.36796875 0.1265625 0.096875 0.1046875
0 0.81875 0.146875 0.0890625 0.11328125
0 0.67734375 0.1265625 0.08046875 0.0890625
0 0.7296875 0.203125 0.07265625 0.096875
0 0.81875 0.28515625 0.0890625 0.09375
0 0.6 0.2109375 0.12578125 0.11328125
0 0.6890625 0.30390625 0.07734375 0.0890625
0 0.45234375 0.20703125 0.1046875 0.1046875
0 0.52109375 0.28984375 0.08046875 0.1015625
0 0.45 0.359375 0.109375 0.096875
0 0.60546875 0.35859375 0.1046875 0.1015625
0 0.671875 0.4390625 0.06953125 0.09375
0 0.603125 0.5203125 0.109375 0.11796875
0 0.52421875 0.44140625 0.08046875 0.0890625
0 0.37734375 0.43671875 0.109375 0.11328125
0 0.29296875 0.5203125 0.08515625 0.1015625
0 0.38515625 0.59296875 0.09375 0.11796875
0 0.5203125 0.59375 0.0890625 0.096875
0 0.96171875 0.61015625 0.07578125 0.12109375
0 0.89921875 0.52734375 0.0890625 0.109375
0 0.81953125 0.45 0.11328125 0.09375
0 0.75 0.37265625 0.08046875 0.096875
0 0.2265625 0.01875 0.1046875 0.03671875
0 0.07109375 0.01875 0.09375 0.03671875
0 0.025 0.053125 0.05 0.096875
0 0.1578125 0.203125 0.096875 0.096875
0 0.15546875 0.35234375 0.1015625 0.12109375
0 0.22890625 0.27890625 0.109375 0.11328125
0 0.96640625 0.76015625 0.0671875 0.1265625
0 0.8265625 0.75546875 0.1046875 0.12109375
0 0.8359375 0.90390625 0.11796875 0.13671875
0 0.76875 0.9703125 0.11796875 0.059375
0 0.9640625 0.99453125 0.071875 0.0109375