0 0.07890625 0.04609375 0.08671875 0.09140625
0 0.08984375 0.21171875 0.08984375 0.0953125
0 0.425 0.2296875 0.07734375 0.07734375
0 0.5125 0.134375 0.071875 0.0953125
0 0.59453125 0.0578125 0.08125 0.08671875
0 0.74765625 0.04375 0.1046875 0.0875
0 0.67109375 0.13203125 0.08984375 0.09921875
0 0.7453125 0.1984375 0.11328125 0.08125
0 0.909375 0.203125 0.08125 0.08984375
0 0.8296875 0.28828125 0.07734375 0.08125
0 0.9703125 0.3046875 0.059375 0.0953125
0 0.26171875 0.3828125 0.08125 0.08984375
0 0.25234375 0.56171875 0.08125 0.07734375
0 0.1890625 0.653125 0.08984375 0.08984375
0 0.684375 0.46875 0.06328125 0.08125
0 0.7578125 0.5546875 0.07734375 0.08125
0 0.6734375 0.6359375 0.059375 0.06328125
0 0.97890625 0.46875 0.0421875 0.090625
0 0.9109375 0.38203125 0.07734375 0.07734375
0 0.91875 0.55390625 0.08671875 0.08984375
0 0.84140625 0.6390625 0.05390625 0.06328125
0 0.92421875 0.7359375 0.05 0.06796875
0 0.5125 0.8234375 0.071875 0.05390625
0 0.58671875 0.90546875 0.06796875 0.06328125
0 0.75546875 0.8828125 0.08984375 0.08984375
0 0.8453125 0.8171875 0.071875 0.07734375
0 0.915625 0.8796875 0.08671875 0.1046875
0 0.8296875 0.95234375 0.11328125 0.0953125
0 0.671875 0.96328125 0.07734375 0.0734375
0 0.02734375 0.309375 0.05390625 0.1046875