0 0.209375 0.11796875 0.09140625 0.0953125
0 0.13515625 0.3890625 0.05703125 0.06640625
0 0.9765625 0.04140625 0.046875 0.0828125
0 0.84140625 0.21953125 0.08203125 0.08203125
0 0.92109375 0.32578125 0.08203125 0.0859375
0 0.85078125 0.3984375 0.08203125 0.0859375
0 0.7484375 0.29375 0.0859375 0.1046875
0 0.66796875 0.38984375 0.06640625 0.071875
0 0.75390625 0.478125 0.06640625 0.06640625
0 0.57578125 0.4765625 0.11015625 0.11953125
0 0.665625 0.5796875 0.09140625 0.11015625
0 0.57734375 0.65703125 0.0859375 0.08203125
0 0.48671875 0.76015625 0.07578125 0.071875
0 0.5734375 0.8421875 0.0859375 0.09140625
0 0.75390625 0.846875 0.1046875 0.10078125
0 0.67265625 0.925 0.07578125 0.0859375
0 0.49296875 0.92109375 0.0625 0.06640625
0 0.3953125 0.8328125 0.09140625 0.09140625
0 0.29921875 0.7515625 0.0625 0.08203125
0 0.22734375 0.8203125 0.08203125 0.0859375
0 0.1265625 0.909375 0.0859375 0.08203125
0 0.05 0.825 0.06640625 0.07578125
0 0.22421875 0.97734375 0.09140625 0.0453125
0 0.40859375 0.971875 0.1015625 0.05625
0 0.046875 0.96953125 0.09296875 0.0609375