0 0.053125 0.03125 0.10625 0.0625
0 0.76640625 0.025 0.1046875 0.05
0 0.69921875 0.0625 0.0859375 0.109375
0 0.92265625 0.021875 0.1015625 0.04375
0 0.91328125 0.12890625 0.1140625 0.1328125
0 0.9609375 0.22890625 0.078125 0.1296875
0 0.7796875 0.26953125 0.090625 0.1171875
0 0.83984375 0.35859375 0.1015625 0.1296875
0 0.69765625 0.18984375 0.0828125 0.0828125
0 0.47734375 0.02734375 0.1015625 0.0546875
0 0.61640625 0.1328125 0.0828125 0.109375
0 0.54296875 0.07421875 0.0859375 0.1015625
0 0.33671875 0.1390625 0.0859375 0.090625
0 0.27578125 0.2125 0.0984375 0.121875
0 0.1921875 0.2890625 0.078125 0.09375
0 0.48515625 0.2828125 0.1015625 0.10625
0 0.6265625 0.2671875 0.10625 0.10625
0 0.05625 0.2859375 0.10625 0.140625
0 0.33828125 0.290625 0.0984375 0.10625
0 0.4125 0.35546875 0.10625 0.1015625
0 0.48359375 0.41015625 0.0984375 0.1015625
0 0.328125 0.4203125 0.09375 0.090625
0 0.5640625 0.45 0.10625 0.03125