0 0.33203125 0.0203125 0.06953125 0.040625
0 0.0296875 0.3046875 0.059375 0.08125
0 0.103125 0.396875 0.10078125 0.0859375
0 0.17265625 0.1609375 0.10546875 0.09453125
0 0.1046875 0.5453125 0.0734375 0.08125
0 0.0296875 0.465625 0.059375 0.06875
0 0.0359375 0.621875 0.07109375 0.08125
0 0.0375 0.7859375 0.0453125 0.06171875
0 0.1765625 0.62109375 0.08125 0.0859375
0 0.25625 0.5484375 0.09453125 0.09765625
0 0.32578125 0.61171875 0.10234375 0.09453125
0 0.484375 0.61875 0.10234375 0.11328125
0 0.2484375 0.7078125 0.078125 0.08125
0 0.175 0.775 0.078125 0.0859375
0 0.63515625 0.03046875 0.0890625 0.0609375
0 0.70390625 0.08046875 0.0859375 0.10234375
0 0.79375 0.03515625 0.09765625 0.06953125
0 0.7828125 0.1578125 0.11328125 0.1265625
0 0.93515625 0.03046875 0.1046875 0.0609375
0 0.978125 0.2359375 0.04375 0.10546875
0 0.034375 0.915625 0.06796875 0.09453125
0 0.3359375 0.9234375 0.08125 0.09453125
0 0.40859375 0.84140625 0.0890625 0.0890625
0 0.6296875 0.77421875 0.09453125 0.11015625
0 0.4703125 0.92109375 0.0890625 0.11875
0 0.55546875 0.8515625 0.08125 0.10234375
0 0.6234375 0.9265625 0.08125 0.11328125
0 0.55546875 0.975 0.08125 0.05
0 0.7734375 0.92578125 0.10546875 0.121875
0 0.8578125 0.8484375 0.10234375 0.11875
0 0.7046875 0.6875 0.09765625 0.10546875
0 0.8515625 0.97265625 0.09375 0.0546875
0 0.85234375 0.68515625 0.11015625 0.11015625
0 0.9796875 0.6796875 0.040625 0.10546875
0 0.77421875 0.771875 0.09765625 0.10546875
0 0.478125 0.30703125 0.10546875 0.09453125
0 0.56796875 0.22890625 0.11015625 0.09765625
0 0.63203125 0.30703125 0.10546875 0.09453125
0 0.6171875 0.46328125 0.11015625 0.121875
0 0.7125 0.38203125 0.08125 0.0734375
0 0.77734375 0.31015625 0.08125 0.09765625
0 0.85 0.38203125 0.10234375 0.0890625
0 0.778125 0.465625 0.0890625 0.09453125
0 0.928125 0.46171875 0.0890625 0.10234375
0 0.978125 0.37890625 0.04375 0.10546875