0 0.1140625 0.8078125 0.10390625 0.13359375
0 0.03359375 0.89765625 0.0671875 0.1390625
0 0.27578125 0.95234375 0.1125 0.09453125
0 0.27578125 0.80546875 0.1125 0.1390625
0 0.3609375 0.86796875 0.0859375 0.10390625
0 0.44375 0.96328125 0.08046875 0.0734375
0 0.52265625 0.88984375 0.1125 0.13046875
0 0.43828125 0.8 0.0984375 0.10390625
0 0.60546875 0.7984375 0.10390625 0.125
0 0.68515625 0.89921875 0.0984375 0.1125
0 0.77890625 0.96328125 0.10703125 0.0734375
0 0.04765625 0.54921875 0.09453125 0.13359375
0 0.1890625 0.70859375 0.0890625 0.0890625
0 0.27890625 0.6375 0.10703125 0.125
0 0.3578125 0.71875 0.08046875 0.0984375
0 0.04296875 0.71953125 0.0859375 0.1390625
0 0.11328125 0.63828125 0.0984375 0.13359375
0 0.18828125 0.55703125 0.0984375 0.125
0 0.2734375 0.47265625 0.10703125 0.13359375
0 0.3625 0.54609375 0.0890625 0.10390625
0 0.44296875 0.63671875 0.0890625 0.1125
0 0.51015625 0.5625 0.0984375 0.10703125
0 0.60234375 0.65078125 0.09453125 0.11640625
0 0.69296875 0.7359375 0.10703125 0.125
0 0.76875 0.65390625 0.0984375 0.12109375
0 0.6828125 0.56015625 0.09453125 0.1125
0 0.60546875 0.46875 0.12109375 0.13359375
0 0.35390625 0.21875 0.10703125 0.0984375
0 0.44296875 0.29921875 0.10703125 0.11640625
0 0.35859375 0.3765625 0.10703125 0.1390625
0 0.52265625 0.37265625 0.09453125 0.09453125
0 0.4296875 0.46171875 0.08046875 0.1125
0 0.03359375 0.05546875 0.0671875 0.1109375
0 0.09609375 0.1328125 0.10390625 0.13359375
0 0.1984375 0.2140625 0.125 0.14296875
0 0.09375 0.28828125 0.1125 0.13046875
0 0.6046875 0.01484375 0.103125 0.0296875
0 0.51640625 0.04453125 0.0859375 0.0890625
0 0.8578125 0.05390625 0.11640625 0.10703125
0 0.98046875 0.05390625 0.0390625 0.10703125
0 0.6953125 0.05703125 0.1125 0.10703125
0 0.60625 0.13984375 0.1125 0.13046875
0 0.69296875 0.21328125 0.10703125 0.11640625
0 0.78125 0.13125 0.09453125 0.09453125
0 0.94296875 0.14453125 0.0890625 0.10390625
0 0.6015625 0.30546875 0.10390625 0.10390625
0 0.78515625 0.30546875 0.09453125 0.10390625
0 0.8703125 0.36171875 0.1125 0.11640625
0 0.9890625 0.22265625 0.02109375 0.0984375
0 0.9484375 0.30546875 0.0890625 0.10390625
0 0.94921875 0.46328125 0.1015625 0.0984375
0 0.85234375 0.54921875 0.09453125 0.11640625
0 0.98671875 0.72890625 0.0265625 0.10390625
0 0.93359375 0.81015625 0.13203125 0.13046875
0 0.85546875 0.71796875 0.10390625 0.10703125
0 0.76640625 0.8203125 0.0859375 0.11640625
0 0.8515625 0.90546875 0.0859375 0.10703125
0 0.934375 0.965625 0.08125 0.06875
0 0.98046875 0.8984375 0.0390625 0.10390625