0 0.13828125 0.03125 0.0796875 0.0625
0 0.05 0.1 0.09296875 0.1015625
0 0.06875 0.26796875 0.09609375 0.09609375
0 0.1390625 0.18984375 0.07890625 0.07890625
0 0.23203125 0.2671875 0.09609375 0.0875
0 0.14453125 0.3453125 0.07890625 0.075
0 0.3015625 0.1828125 0.07890625 0.09296875
0 0.384375 0.10234375 0.1046875 0.09609375
0 0.29921875 0.3546875 0.06640625 0.0875
0 0.2375 0.42109375 0.06640625 0.05234375
0 0.55 0.10546875 0.07890625 0.07890625
0 0.640625 0.1890625 0.09296875 0.12265625
0 0.53828125 0.265625 0.1015625 0.1015625
0 0.63515625 0.34453125 0.09296875 0.08359375
0 0.71640625 0.2640625 0.0703125 0.0703125
0 0.79453125 0.18828125 0.09609375 0.11015625
0 0.79296875 0.3453125 0.09296875 0.11015625
0 0.715625 0.4171875 0.07890625 0.0609375
0 0.9453125 0.178125 0.109375 0.109375