0 0.05390625 0.0515625 0.0984375 0.09375
0 0.0140625 0.13359375 0.028125 0.1015625
0 0.04375 0.2078125 0.078125 0.09375
0 0.115625 0.134375 0.090625 0.10625
0 0.203125 0.21328125 0.078125 0.0984375
0 0.12421875 0.28046875 0.0984375 0.1140625
0 0.1453125 0.0140625 0.078125 0.028125
0 0.2203125 0.059375 0.090625 0.109375
0 0.34453125 0.05546875 0.0859375 0.1015625
0 0.771875 0.04921875 0.059375 0.0671875
0 0.709375 0.8796875 0.075 0.078125
0 0.91875 0.94140625 0.046875 0.0546875
0 0.9859375 0.86875 0.028125 0.059375
0 0.053125 0.80859375 0.090625 0.0859375
0 0.19453125 0.65703125 0.0828125 0.0859375
0 0.26796875 0.73046875 0.0671875 0.0703125
0 0.33046875 0.65625 0.0671875 0.0625
0 0.40703125 0.58984375 0.0546875 0.0546875
0 0.55390625 0.55859375 0.0984375 0.1015625
0 0.47890625 0.64921875 0.0828125 0.0859375
0 0.55390625 0.72890625 0.0828125 0.0828125
0 0.18984375 0.96328125 0.0671875 0.0671875