0 0.02734375 0.5125 0.05390625 0.1015625
0 0.08203125 0.42578125 0.08359375 0.09296875
0 0.01640625 0.34453125 0.0328125 0.1046875
0 0.15625 0.5125 0.09296875 0.08359375
0 0.0765625 0.59375 0.1015625 0.09609375
0 0.02265625 0.67890625 0.0453125 0.11015625
0 0.02265625 0.03203125 0.0453125 0.0640625
0 0.0734375 0.0953125 0.06640625 0.09609375
0 0.02109375 0.1796875 0.0421875 0.08359375
0 0.08046875 0.26484375 0.1046875 0.12734375
0 0.159375 0.03359375 0.0703125 0.06640625
0 0.2375 0.25859375 0.0875 0.1015625
0 0.3203125 0.1765625 0.0875 0.1015625
0 0.39765625 0.09296875 0.09296875 0.1015625
0 0.49375 0.17109375 0.09296875 0.08359375
0 0.5640625 0.0890625 0.09296875 0.1015625
0 0.65 0.03515625 0.1015625 0.0703125
0 0.65234375 0.18671875 0.1046875 0.1046875
0 0.578125 0.26484375 0.09609375 0.11015625
0 0.490625 0.34453125 0.07890625 0.0875
0 0.2421875 0.42734375 0.09609375 0.09609375
0 0.32265625 0.3453125 0.09296875 0.09609375
0 0.4234375 0.42578125 0.1015625 0.11015625
0 0.325 0.50859375 0.0875 0.1015625
0 0.41015625 0.5859375 0.09296875 0.0875
0 0.49765625 0.51328125 0.075 0.075
0 0.58046875 0.4390625 0.08359375 0.08359375
0 0.65625 0.33984375 0.09609375 0.09609375
0 0.7296875 0.434375 0.09296875 0.09296875
0 0.74375 0.26640625 0.09609375 0.09609375
0 0.565625 0.590625 0.09609375 0.1015625
0 0.4796875 0.678125 0.11015625 0.1015625
0 0.66015625 0.66875 0.09296875 0.11328125
0 0.575 0.75078125 0.1015625 0.11328125
0 0.02265625 0.85 0.0453125 0.1015625
0 0.171875 0.68671875 0.09609375 0.1015625
0 0.24140625 0.75703125 0.1046875 0.1015625
0 0.2375 0.9140625 0.1046875 0.11875
0 0.32421875 0.85 0.09609375 0.1015625
0 0.07109375 0.9453125 0.1046875 0.109375
0 0.16015625 0.984375 0.1 0.03125
0 0.328125 0.978125 0.09296875 0.04375
0 0.50234375 0.978125 0.09296875 0.04375
0 0.41015625 0.9265625 0.075 0.0875
0 0.49375 0.84765625 0.12734375 0.12265625
0 0.5828125 0.92890625 0.07890625 0.09296875
0 0.65 0.85390625 0.1015625 0.11015625
0 0.7421875 0.76953125 0.11015625 0.12265625
0 0.73984375 0.93828125 0.1046875 0.1234375
0 0.66015625 0.978125 0.075 0.04375
0 0.31640625 0.0265625 0.1046875 0.05234375
0 0.50234375 0.0234375 0.075 0.046875