0 0.046875 0.0390625 0.09375 0.078125
0 0.0453125 0.1625 0.090625 0.121875
0 0.18359375 0.03515625 0.1015625 0.0703125
0 0.325 0.15625 0.09375 0.109375
0 0.2484375 0.23828125 0.090625 0.1015625
0 0.39765625 0.08515625 0.0984375 0.0984375
0 0.0390625 0.90234375 0.078125 0.1171875
0 0.10859375 0.82734375 0.0984375 0.1140625
0 0.103125 0.9609375 0.090625 0.078125
0 0.103125 0.6703125 0.10625 0.10625
0 0.2515625 0.66484375 0.090625 0.1015625
0 0.0375 0.75390625 0.075 0.1015625
0 0.33671875 0.75859375 0.1015625 0.1015625
0 0.47265625 0.75234375 0.1015625 0.0984375
0 0.55078125 0.6875 0.1015625 0.109375
0 0.5484375 0.83984375 0.090625 0.1015625
0 0.4703125 0.8953125 0.075 0.09375
0 0.40234375 0.828125 0.0859375 0.09375
0 0.69453125 0.67890625 0.0984375 0.0984375
0 0.76640625 0.765625 0.0859375 0.09375
0 0.69375 0.82890625 0.090625 0.0859375
0 0.76953125 0.90859375 0.1015625 0.0984375
0 0.85234375 0.83515625 0.0859375 0.0828125
0 0.90859375 0.90859375 0.0984375 0.0984375
0 0.62734375 0.9140625 0.0984375 0.09375
0 0.54921875 0.96484375 0.0984375 0.0703125
0 0.70234375 0.96875 0.0828125 0.0625
0 0.84375 0.97265625 0.078125 0.0546875
0 0.96875 0.96640625 0.0625 0.0671875
0 0.03515625 0.309375 0.0703125 0.09375
0 0.10078125 0.37890625 0.0984375 0.0859375
0 0.0375 0.459375 0.075 0.090625
0 0.17578125 0.45546875 0.0859375 0.0984375
0 0.25 0.37578125 0.09375 0.1015625
0 0.31328125 0.46328125 0.1015625 0.1140625
0 0.4 0.38125 0.090625 0.10625
0 0.40078125 0.234375 0.0828125 0.109375
0 0.48046875 0.30859375 0.1015625 0.1171875
0 0.47578125 0.44921875 0.0984375 0.0859375
0 0.5328125 0.528125 0.121875 0.125
0 0.47734375 0.16015625 0.1015625 0.1015625
0 0.55078125 0.07265625 0.0859375 0.0828125
0 0.6140625 0.0234375 0.09375 0.046875
0 0.62109375 0.16328125 0.0859375 0.0984375
0 0.5453125 0.225 0.075 0.090625
0 0.69765625 0.23046875 0.0828125 0.1015625
0 0.7734375 0.3125 0.09375 0.09375
0 0.84765625 0.3875 0.0859375 0.109375
0 0.85390625 0.5359375 0.0828125 0.078125
0 0.9125 0.61875 0.090625 0.10625
0 0.97421875 0.68828125 0.0515625 0.0984375
0 0.96640625 0.39609375 0.0671875 0.0984375
0 0.90703125 0.16796875 0.1015625 0.1015625
0 0.8296875 0.09765625 0.10625 0.1015625
0 0.6875 0.0765625 0.078125 0.090625
0 0.7640625 0.02734375 0.075 0.0546875