0 0.01796875 0.80390625 0.03515625 0.1390625
0 0.15 0.95234375 0.1171875 0.09453125
0 0.15 0.80078125 0.1171875 0.1453125
0 0.23828125 0.86640625 0.0890625 0.1078125
0 0.3234375 0.96328125 0.084375 0.0734375
0 0.40625 0.8890625 0.1171875 0.1359375
0 0.31875 0.7953125 0.10234375 0.1078125
0 0.4921875 0.79375 0.1078125 0.13046875
0 0.575 0.8984375 0.10234375 0.1171875
0 0.671875 0.96328125 0.1125 0.0734375
0 0.059375 0.70078125 0.09296875 0.09296875
0 0.15234375 0.6265625 0.11171875 0.13046875
0 0.23515625 0.7109375 0.08359375 0.10234375
0 0.015625 0.62734375 0.03125 0.1390625
0 0.05859375 0.54296875 0.10234375 0.13046875
0 0.146875 0.4546875 0.11171875 0.1390625
0 0.23984375 0.53125 0.09296875 0.1078125
0 0.3234375 0.62578125 0.09296875 0.1171875
0 0.39296875 0.5484375 0.10234375 0.11171875
0 0.48984375 0.640625 0.0984375 0.12109375
0 0.58359375 0.72890625 0.11171875 0.13046875
0 0.6625 0.64296875 0.10234375 0.1265625
0 0.5734375 0.5453125 0.0984375 0.1171875
0 0.4921875 0.45078125 0.1265625 0.1390625
0 0.23046875 0.190625 0.11171875 0.10234375
0 0.3234375 0.27421875 0.11171875 0.12109375
0 0.2359375 0.3546875 0.11171875 0.1453125
0 0.40625 0.35 0.0984375 0.0984375
0 0.309375 0.44296875 0.08359375 0.1171875
0 0.06875 0.1859375 0.13046875 0.1484375
0 0.4 0.028125 0.0890625 0.05546875
0 0.75546875 0.0375 0.12109375 0.07421875
0 0.92109375 0.0375 0.1171875 0.07421875
0 0.58671875 0.0390625 0.1171875 0.078125
0 0.49375 0.10859375 0.1171875 0.1359375
0 0.58359375 0.18515625 0.11171875 0.12109375
0 0.67578125 0.09921875 0.0984375 0.0984375
0 0.84375 0.11328125 0.09296875 0.1078125
0 0.4890625 0.28046875 0.1078125 0.1078125
0 0.6796875 0.28046875 0.0984375 0.1078125
0 0.76875 0.3390625 0.1171875 0.12109375
0 0.92578125 0.19453125 0.0890625 0.10234375
0 0.97734375 0.1046875 0.04453125 0.1171875
0 0.98203125 0.2734375 0.03515625 0.11171875
0 0.84921875 0.28046875 0.09296875 0.1078125
0 0.9328125 0.36796875 0.09296875 0.0890625
0 0.8515625 0.4453125 0.1078125 0.10234375
0 0.75 0.534375 0.0984375 0.12109375
0 0.940625 0.540625 0.11875 0.1265625
0 0.98828125 0.459375 0.0234375 0.103125
0 0.98828125 0.6359375 0.0234375 0.103125
0 0.9296875 0.72109375 0.1078125 0.1078125
0 0.83515625 0.80546875 0.1390625 0.1359375
0 0.753125 0.71015625 0.1078125 0.11171875
0 0.66015625 0.8171875 0.0890625 0.12109375
0 0.74921875 0.90546875 0.0890625 0.11171875
0 0.83515625 0.96640625 0.08359375 0.0671875
0 0.91796875 0.89765625 0.11171875 0.1078125
0 0.97734375 0.80859375 0.04453125 0.11171875
0 0.9765625 0.95859375 0.04375 0.0828125