0 0.03359375 0.03125 0.0671875 0.06171875
0 0.02265625 0.17578125 0.0453125 0.0984375
0 0.0796875 0.1 0.09453125 0.1109375
0 0.171875 0.18203125 0.08203125 0.103125
0 0.0890625 0.25234375 0.103125 0.11953125
0 0.18984375 0.0390625 0.09453125 0.078125
0 0.31953125 0.03515625 0.08984375 0.0703125
0 0.765625 0.02265625 0.0625 0.0453125
0 0.70078125 0.87890625 0.078125 0.08203125
0 0.9203125 0.94375 0.04921875 0.05703125
0 0.9875 0.86796875 0.02421875 0.06171875
0 0.03125 0.8046875 0.06171875 0.08984375
0 0.1625 0.64609375 0.08671875 0.08984375
0 0.2390625 0.72265625 0.0703125 0.0734375
0 0.3046875 0.6453125 0.0703125 0.065625
0 0.38515625 0.57578125 0.05703125 0.05703125
0 0.53828125 0.54296875 0.103125 0.10625
0 0.46015625 0.63828125 0.08671875 0.08984375
0 0.53828125 0.72109375 0.08671875 0.08671875
0 0.1578125 0.965625 0.0703125 0.06875