0 0.37578125 0.03125 0.0546875 0.0625
0 0.025 0.09453125 0.05 0.0734375
0 0.084375 0.16640625 0.075 0.0828125
0 0.09375 0.31171875 0.078125 0.0828125
0 0.38515625 0.32734375 0.0671875 0.0671875
0 0.4609375 0.24453125 0.0625 0.0828125
0 0.53203125 0.178125 0.0703125 0.075
0 0.665625 0.16328125 0.090625 0.0828125
0 0.5984375 0.24296875 0.078125 0.0859375
0 0.66328125 0.30078125 0.0984375 0.0703125
0 0.80546875 0.3046875 0.0703125 0.078125
0 0.73671875 0.37890625 0.0671875 0.0703125
0 0.88203125 0.39296875 0.0984375 0.0828125
0 0.94921875 0.165625 0.1015625 0.090625
0 0.24296875 0.4609375 0.0703125 0.078125
0 0.23515625 0.61640625 0.0703125 0.0671875
0 0.1796875 0.6953125 0.078125 0.078125
0 0.61015625 0.53515625 0.0546875 0.0703125
0 0.67421875 0.61015625 0.0671875 0.0703125
0 0.60078125 0.68046875 0.0515625 0.0546875
0 0.88359375 0.5359375 0.0703125 0.078125
0 0.80703125 0.46015625 0.0671875 0.0671875
0 0.8140625 0.609375 0.075 0.078125
0 0.746875 0.68359375 0.046875 0.0546875
0 0.81875 0.7671875 0.04375 0.059375
0 0.953125 0.60859375 0.078125 0.0828125
0 0.9515625 0.75703125 0.075 0.0828125
0 0.4609375 0.84375 0.0625 0.046875
0 0.525 0.91484375 0.059375 0.0546875
0 0.671875 0.8953125 0.078125 0.078125
0 0.75 0.83828125 0.0625 0.0671875
0 0.8109375 0.8921875 0.075 0.090625
0 0.73671875 0.95703125 0.0984375 0.0859375
0 0.59921875 0.96640625 0.0671875 0.0671875
0 0.03125 0.396875 0.0625 0.090625