0 0.059375 0.1765625 0.078125 0.0625
0 0.13203125 0.2484375 0.08125 0.090625
0 0.20234375 0.17421875 0.0828125 0.0828125
0 0.13359375 0.09765625 0.0859375 0.0859375
0 0.3484375 0.17265625 0.078125 0.0859375
0 0.07421875 0.46875 0.0859375 0.0625
0 0.01953125 0.4 0.0390625 0.075
0 0.14765625 0.55546875 0.0828125 0.0703125
0 0.2125 0.621875 0.075 0.0625
0 0.29375 0.696875 0.046875 0.04375
0 0.35390625 0.76640625 0.0671875 0.0703125
0 0.43046875 0.7046875 0.0703125 0.075
0 0.06640625 0.03515625 0.0859375 0.0703125
0 0.21171875 0.02734375 0.0703125 0.0546875
0 0.353125 0.0296875 0.090625 0.059375
0 0.19921875 0.915625 0.1015625 0.090625
0 0.134375 0.696875 0.04375 0.04375
0 0.57109375 0.54609375 0.1015625 0.0984375
0 0.7828125 0.465625 0.075 0.0625
0 0.571875 0.696875 0.075 0.090625
0 0.64453125 0.77265625 0.0859375 0.0984375
0 0.71015625 0.83828125 0.0828125 0.0984375
0 0.796875 0.77265625 0.09375 0.1140625
0 0.7859375 0.9125 0.109375 0.121875
0 0.93359375 0.765625 0.1015625 0.109375
0 0.978125 0.6796875 0.04375 0.09375
0 0.9765625 0.96875 0.046875 0.0625
0 0.57890625 0.96640625 0.1046875 0.0671875
0 0.8578125 0.25078125 0.090625 0.1015625
0 0.93125 0.32265625 0.075 0.0828125
0 0.98046875 0.4125 0.0390625 0.10625
0 0.98046875 0.25234375 0.0390625 0.0984375
0 0.92421875 0.61640625 0.0828125 0.0828125
0 0.5703125 0.2421875 0.09375 0.09375
0 0.6453125 0.1734375 0.0625 0.075
0 0.703125 0.24609375 0.09375 0.1015625
0 0.94609375 0.16796875 0.0859375 0.1015625
0 0.98046875 0.0921875 0.0390625 0.090625
0 0.7109375 0.10390625 0.078125 0.0828125
0 0.78984375 0.0328125 0.0734375 0.065625
0 0.490625 0.0375 0.090625 0.075
0 0.6328125 0.03515625 0.09375 0.0703125