0 0.70234375 0.09375 0.1265625 0.12109375
0 0.621875 0.19453125 0.1046875 0.11328125
0 0.85703125 0.26875 0.11953125 0.11640625
0 0.9296875 0.35234375 0.1046875 0.11328125
0 0.9765625 0.42421875 0.046875 0.1015625
0 0.93828125 0.51875 0.103125 0.09765625
0 0.8671875 0.6015625 0.08984375 0.10625
0 0.79296875 0.52265625 0.12109375 0.1046875
0 0.85234375 0.421875 0.09609375 0.09609375
0 0.77109375 0.36484375 0.11640625 0.12109375
0 0.55546875 0.4328125 0.09765625 0.11796875
0 0.6203125 0.5234375 0.084375 0.08984375
0 0.7140625 0.61015625 0.11328125 0.11328125
0 0.79765625 0.68671875 0.11953125 0.128125
0 0.934375 0.03515625 0.078125 0.06953125
0 0.9890625 0.1078125 0.021875 0.0765625
0 0.315625 0.034375 0.103125 0.06796875
0 0.3046875 0.19453125 0.1078125 0.11328125
0 0.246875 0.2765625 0.1015625 0.1109375
0 0.22265625 0.10625 0.10625 0.11328125
0 0.13671875 0.0359375 0.09765625 0.07109375
0 0.07890625 0.10625 0.09765625 0.103125
0 0.15390625 0.19140625 0.09765625 0.11640625
0 0.08046875 0.2609375 0.09453125 0.08984375
0 0.02421875 0.1765625 0.0484375 0.08828125
0 0.03046875 0.046875 0.0609375 0.09375
0 0.02265625 0.34453125 0.04453125 0.1078125
0 0.390625 0.41328125 0.1296875 0.103125
0 0.30625 0.50078125 0.09609375 0.1046875
0 0.2328125 0.57578125 0.103125 0.1109375
0 0.396875 0.59453125 0.08828125 0.1
0 0.553125 0.58046875 0.09609375 0.1046875
0 0.46640625 0.67421875 0.09296875 0.103125
0 0.54375 0.7515625 0.1109375 0.1078125
0 0.62421875 0.83203125 0.109375 0.11953125
0 0.7015625 0.8984375 0.12109375 0.1359375
0 0.9359375 0.82421875 0.1015625 0.09140625
0 0.8734375 0.89375 0.109375 0.1
0 0.93515625 0.95859375 0.1265625 0.0828125
0 0.4765625 0.96328125 0.12265625 0.0734375
0 0.39921875 0.90625 0.09453125 0.1015625
0 0.3875 0.746875 0.1078125 0.09765625
0 0.31796875 0.82421875 0.11328125 0.11953125
0 0.24609375 0.7421875 0.11953125 0.10625
0 0.0921875 0.73984375 0.1015625 0.09453125
0 0.15390625 0.82734375 0.1109375 0.109375
0 0.23125 0.90625 0.10625 0.1078125
0 0.315625 0.96328125 0.08671875 0.0734375
0 0.0859375 0.89921875 0.09765625 0.1109375
0 0.028125 0.82890625 0.05625 0.11953125
0 0.0328125 0.95625 0.065625 0.0875