0 0.96953125 0.0375 0.0609375 0.075
0 0.97578125 0.1859375 0.0484375 0.13203125
0 0.90859375 0.10234375 0.10390625 0.10859375
0 0.825 0.03359375 0.10625 0.0671875
0 0.65078125 0.0421875 0.08359375 0.08359375
0 0.73671875 0.10625 0.09140625 0.1015625
0 0.825 0.18359375 0.1 0.09296875
0 0.74765625 0.26640625 0.1125 0.10703125
0 0.5734375 0.0984375 0.09609375 0.1
0 0.4109375 0.0921875 0.10703125 0.0984375
0 0.49296875 0.17890625 0.06796875 0.075
0 0.4 0.2609375 0.12109375 0.1140625
0 0.48671875 0.34375 0.10859375 0.10859375
0 0.31796875 0.0328125 0.0984375 0.065625
0 0.028125 0.03359375 0.05625 0.0671875
0 0.23828125 0.10390625 0.09453125 0.09296875
0 0.15703125 0.17890625 0.0890625 0.10390625
0 0.2171875 0.2703125 0.10546875 0.0984375
0 0.0703125 0.25625 0.1015625 0.10546875
0 0.01171875 0.1953125 0.0234375 0.0984375
0 0.4921875 0.5234375 0.11640625 0.1109375
0 0.41875 0.4375 0.1015625 0.1
0 0.3203125 0.35 0.10859375 0.1140625
0 0.1453125 0.34609375 0.09453125 0.0890625
0 0.06796875 0.42265625 0.10703125 0.11640625
0 0.31875 0.53203125 0.10390625 0.10390625
0 0.16171875 0.51875 0.10546875 0.10546875
0 0.23203125 0.6078125 0.10703125 0.1125
0 0.33125 0.6984375 0.1265625 0.1140625
0 0.48984375 0.69296875 0.1015625 0.1109375
0 0.96796875 0.52578125 0.0640625 0.1515625
0 0.97578125 0.7 0.0484375 0.14296875
0 0.97578125 0.87109375 0.0484375 0.12109375
0 0.90625 0.78515625 0.1015625 0.1015625
0 0.83125 0.70390625 0.14140625 0.125
0 0.74296875 0.79296875 0.1140625 0.1140625
0 0.83203125 0.87421875 0.10546875 0.1015625
0 0.6640625 0.8828125 0.1109375 0.1015625
0 0.74375 0.94765625 0.125 0.1046875
0 0.5859375 0.95 0.13203125 0.1
0 0.32265625 0.86328125 0.10546875 0.1125
0 0.2296875 0.7796875 0.10546875 0.10546875
0 0.1453125 0.6953125 0.1125 0.1015625
0 0.0765625 0.61171875 0.10703125 0.10859375
0 0.01640625 0.7078125 0.03203125 0.10546875
0 0.06171875 0.7875 0.10859375 0.09609375
0 0.1359375 0.875 0.12109375 0.12890625
0 0.01171875 0.86640625 0.0234375 0.1109375
0 0.1546875 0.98984375 0.1125 0.01953125
0 0.49375 0.98984375 0.09453125 0.01953125
0 0.66953125 0.99453125 0.0890625 0.0109375
0 0.97109375 0.9828125 0.05703125 0.03359375