0 0.059375 0.0484375 0.1125 0.096875
0 0.1234375 0.1328125 0.10625 0.115625
0 0.13515625 0.259375 0.1140625 0.1125
0 0.21171875 0.3296875 0.1109375 0.103125
0 0.284375 0.2546875 0.109375 0.09375
0 0.27890625 0.1015625 0.0953125 0.09375
0 0.39140625 0.01953125 0.1015625 0.0390625
0 0.4234375 0.11640625 0.096875 0.1078125
0 0.4984375 0.04296875 0.1125 0.0859375
0 0.57109375 0.109375 0.1109375 0.109375
0 0.65234375 0.04375 0.1109375 0.0875
0 0.6515625 0.19296875 0.109375 0.1265625
0 0.575 0.26796875 0.11875 0.1296875
0 0.3515625 0.328125 0.109375 0.115625
0 0.42421875 0.3984375 0.1140625 0.13125
0 0.5078125 0.4765625 0.109375 0.09375
0 0.58359375 0.4 0.1296875 0.128125
0 0.65859375 0.4953125 0.0921875 0.13125
0 0.5890625 0.5515625 0.1 0.1125
0 0.50703125 0.628125 0.1140625 0.1375
0 0.36171875 0.6265625 0.1203125 0.134375
0 0.29375 0.703125 0.103125 0.115625
0 0.22890625 0.784375 0.0984375 0.1
0 0.14296875 0.7109375 0.0984375 0.09375
0 0.078125 0.63359375 0.09375 0.0953125
0 0.01953125 0.553125 0.0390625 0.1078125
0 0.028125 0.7109375 0.05625 0.13125
0 0.065625 0.81640625 0.115625 0.0921875
0 0.134375 0.86953125 0.0875 0.1046875
0 0.06484375 0.94296875 0.0921875 0.1140625
0 0.2203125 0.92578125 0.096875 0.0921875
0 0.14140625 0.97421875 0.0984375 0.0515625
0 0.3609375 0.9265625 0.103125 0.0875
0 0.35546875 0.7859375 0.1078125 0.103125
0 0.28984375 0.97421875 0.1046875 0.0515625
0 0.49453125 0.7828125 0.1140625 0.1125
0 0.58671875 0.7140625 0.1109375 0.10625
0 0.57421875 0.85546875 0.1109375 0.1078125
0 0.51015625 0.940625 0.13125 0.115625
0 0.4359375 0.98046875 0.090625 0.0390625
0 0.6578125 0.93125 0.11875 0.1125
0 0.575 0.97578125 0.103125 0.0453125