0 0.0609375 0.421875 0.075 0.084375
0 0.1265625 0.5 0.096875 0.09375
0 0.203125 0.5828125 0.06875 0.078125
0 0.2796875 0.65390625 0.10625 0.0953125
0 0.35234375 0.7203125 0.0953125 0.096875
0 0.28125 0.79453125 0.09375 0.0890625
0 0.20078125 0.88046875 0.0890625 0.0734375
0 0.13984375 0.80859375 0.0828125 0.0859375
0 0.06328125 0.7359375 0.0890625 0.096875
0 0.01875 0.6453125 0.0375 0.0875
0 0.01171875 0.49453125 0.0234375 0.1140625
0 0.13671875 0.953125 0.0765625 0.06875
0 0.015625 0.94921875 0.03125 0.1015625
0 0.06484375 0.9859375 0.0828125 0.028125
0 0.27890625 0.946875 0.0890625 0.103125
0 0.34765625 0.8765625 0.0765625 0.0875
0 0.4203125 0.94921875 0.10625 0.1015625
0 0.13125 0.04921875 0.096875 0.0921875
0 0.0171875 0.0578125 0.034375 0.109375
0 0.20859375 0.27734375 0.1046875 0.1109375
0 0.28046875 0.35546875 0.0921875 0.0859375
0 0.35 0.42265625 0.096875 0.0953125
0 0.425 0.51328125 0.084375 0.0796875
0 0.5015625 0.2796875 0.0859375 0.08125
0 0.4234375 0.63828125 0.090625 0.0890625
0 0.49609375 0.73046875 0.0703125 0.0703125
0 0.5703125 0.6484375 0.0828125 0.0828125
0 0.78984375 0.12421875 0.0953125 0.0921875
0 0.7890625 0.26953125 0.0625 0.0703125
0 0.64609375 0.41875 0.0796875 0.0875
0 0.6484375 0.5765625 0.078125 0.08125
0 0.79296875 0.58046875 0.0765625 0.0734375
0 0.721875 0.6515625 0.0671875 0.075
0 0.63671875 0.7328125 0.0921875 0.090625
0 0.55859375 0.94609375 0.0921875 0.0953125
0 0.64765625 0.87265625 0.0921875 0.0953125
0 0.721875 0.809375 0.075 0.0875
0 0.7890625 0.72734375 0.0828125 0.0859375
0 0.86640625 0.65625 0.0671875 0.0671875
0 0.946875 0.721875 0.090625 0.10625
0 0.8578125 0.8015625 0.065625 0.071875
0 0.7890625 0.8796875 0.0625 0.071875
0 0.725 0.95234375 0.08125 0.0828125
0 0.64609375 0.98671875 0.0734375 0.0265625
0 0.93359375 0.98203125 0.0921875 0.0359375
0 0.86171875 0.04375 0.0921875 0.078125
0 0.94140625 0.12265625 0.0859375 0.0953125
0 0.865625 0.1984375 0.08125 0.075
0 0.93515625 0.27734375 0.0796875 0.0859375
0 0.98046875 0.34375 0.0390625 0.09375
0 0.98125 0.20859375 0.034375 0.1046875