0 0.12890625 0.190625 0.1109375 0.1078125
0 0.2734375 0.49453125 0.084375 0.0921875
0 0.13203125 0.79140625 0.0921875 0.1046875
0 0.01796875 0.8 0.0359375 0.10625
0 0.19453125 0.9765625 0.0828125 0.046875
0 0.496875 0.56328125 0.078125 0.0890625
0 0.34921875 0.578125 0.0734375 0.0671875
0 0.36484375 0.4078125 0.0734375 0.08125
0 0.35703125 0.2625 0.0796875 0.078125
0 0.41875 0.1921875 0.078125 0.0875
0 0.4953125 0.1203125 0.109375 0.109375
0 0.415625 0.04375 0.096875 0.0875
0 0.34765625 0.1265625 0.0390625 0.040625
0 0.49375 0.26484375 0.090625 0.0921875
0 0.57421875 0.3484375 0.1171875 0.11875
0 0.5765625 0.4984375 0.08125 0.08125
0 0.65 0.56796875 0.08125 0.0796875
0 0.56796875 0.6484375 0.0796875 0.078125
0 0.640625 0.71328125 0.09375 0.0921875
0 0.7125 0.63671875 0.0859375 0.0921875
0 0.78671875 0.571875 0.0890625 0.096875
0 0.70859375 0.4984375 0.0953125 0.096875
0 0.78671875 0.4359375 0.0796875 0.096875
0 0.8578125 0.34296875 0.096875 0.0984375
0 0.94140625 0.42421875 0.0921875 0.1046875
0 0.9328125 0.5734375 0.1 0.10625
0 0.98125 0.6390625 0.034375 0.096875
0 0.85859375 0.7890625 0.0921875 0.109375
0 0.78671875 0.86875 0.0890625 0.090625
0 0.85234375 0.94375 0.0734375 0.08125
0 0.92890625 0.86796875 0.0921875 0.0953125
0 0.71875 0.1890625 0.0828125 0.08125
0 0.71484375 0.34375 0.10625 0.115625
0 0.78515625 0.26484375 0.1171875 0.1078125
0 0.85546875 0.1828125 0.0859375 0.1
0 0.859375 0.04453125 0.1 0.0796875
0 0.93515625 0.11796875 0.0796875 0.084375
0 0.975 0.053125 0.05 0.10625
0 0.96875 0.19453125 0.0625 0.1078125
0 0.98046875 0.95 0.0390625 0.09375
0 0.6421875 0.01171875 0.0859375 0.0234375
0 0.78125 0.0140625 0.0828125 0.028125
0 0.4953125 0.98984375 0.078125 0.0203125