0 0.290625 0.20390625 0.128125 0.1265625
0 0.13125 0.1953125 0.121875 0.115625
0 0.06484375 0.2875 0.1046875 0.096875
0 0.02421875 0.20546875 0.0484375 0.1046875
0 0.153125 0.33984375 0.0875 0.0921875
0 0.2125 0.27578125 0.103125 0.0921875
0 0.28125 0.34375 0.115625 0.109375
0 0.4265625 0.35703125 0.1125 0.1046875
0 0.35390625 0.425 0.0828125 0.084375
0 0.290625 0.4953125 0.103125 0.1
0 0.22734375 0.5703125 0.0953125 0.1
0 0.14609375 0.4953125 0.1296875 0.1
0 0.06640625 0.4390625 0.1078125 0.1125
0 0.4328125 0.4875 0.115625 0.109375
0 0.34609375 0.571875 0.1140625 0.1125
0 0.51484375 0.5796875 0.0984375 0.1125
0 0.58984375 0.4890625 0.1109375 0.103125
0 0.6484375 0.5609375 0.071875 0.08125
0 0.80078125 0.5703125 0.1171875 0.125
0 0.5234375 0.1140625 0.09375 0.0875
0 0.69453125 0.30390625 0.090625 0.0921875
0 0.07734375 0.57578125 0.0828125 0.0890625
0 0.15078125 0.64921875 0.0921875 0.0890625
0 0.21640625 0.728125 0.1046875 0.090625
0 0.28828125 0.78828125 0.1078125 0.0984375
0 0.3609375 0.709375 0.103125 0.096875
0 0.44140625 0.79453125 0.0859375 0.0734375
0 0.5140625 0.86640625 0.096875 0.0984375
0 0.44296875 0.95234375 0.0796875 0.0765625
0 0.73046875 0.94453125 0.1109375 0.0984375
0 0.66171875 0.98125 0.0796875 0.034375
0 0.02890625 0.65546875 0.0578125 0.1140625
0 0.028125 0.8015625 0.05625 0.11875
0 0.071875 0.71796875 0.090625 0.10625
0 0.1421875 0.803125 0.103125 0.096875
0 0.0859375 0.884375 0.09375 0.103125
0 0.14765625 0.96171875 0.0828125 0.0734375
0 0.21953125 0.8734375 0.1109375 0.096875
0 0.29765625 0.9390625 0.0875 0.090625
0 0.24375 0.05703125 0.128125 0.1140625
0 0.79609375 0.39375 0.1140625 0.115625
0 0.65703125 0.209375 0.1171875 0.1125
0 0.809375 0.98046875 0.078125 0.0390625