0 0.0375 0.121875 0.075 0.06953125
0 0.0421875 0.278125 0.084375 0.115625
0 0.04375 0.446875 0.08671875 0.0953125
0 0.11875 0.3625 0.08515625 0.0765625
0 0.11875 0.196875 0.08515625 0.08125
0 0.1265625 0.03046875 0.08359375 0.0609375
0 0.45859375 0.03984375 0.08671875 0.0796875
0 0.5328125 0.115625 0.0796875 0.075
0 0.61015625 0.0390625 0.0953125 0.078125
0 0.6921875 0.121875 0.0921875 0.08671875
0 0.6234375 0.21015625 0.075 0.07265625
0 0.53203125 0.29453125 0.06796875 0.0609375
0 0.45 0.37734375 0.0765625 0.07109375
0 0.375 0.46171875 0.065625 0.08359375
0 0.29765625 0.5359375 0.1125 0.08125
0 0.2046875 0.45546875 0.08359375 0.08125
0 0.046875 0.625 0.08671875 0.06953125
0 0.13359375 0.70390625 0.0796875 0.08125
0 0.2125 0.790625 0.08828125 0.09921875
0 0.28828125 0.70625 0.09375 0.0921875
0 0.375 0.6109375 0.0765625 0.0796875
0 0.4625 0.71328125 0.078125 0.08359375
0 0.53203125 0.634375 0.08515625 0.09921875
0 0.5421875 0.46171875 0.07109375 0.07265625
0 0.69765625 0.2890625 0.0796875 0.078125
0 0.775 0.19296875 0.06796875 0.065625
0 0.85625 0.29609375 0.1078125 0.09921875
0 0.78203125 0.53359375 0.08125 0.08125
0 0.6953125 0.6296875 0.075 0.08125
0 0.6984375 0.80625 0.09921875 0.10234375
0 0.7765625 0.8625 0.09921875 0.0921875
0 0.0515625 0.78828125 0.09375 0.0921875
0 0.140625 0.87734375 0.08359375 0.08125
0 0.05 0.95078125 0.0921875 0.08828125
0 0.21953125 0.95078125 0.08515625 0.0953125
0 0.3796875 0.959375 0.10234375 0.08125
0 0.44765625 0.884375 0.090625 0.0953125
0 0.528125 0.9578125 0.06953125 0.075