0 0.05078125 0.03984375 0.0890625 0.07890625
0 0.009375 0.12421875 0.01796875 0.10703125
0 0.046875 0.20390625 0.09375 0.10078125
0 0.12421875 0.12421875 0.09765625 0.09375
0 0.20078125 0.0453125 0.1140625 0.090625
0 0.284375 0.134375 0.07734375 0.10390625
0 0.20546875 0.20703125 0.084375 0.09375
0 0.1234375 0.27890625 0.0921875 0.0859375
0 0.1953125 0.3546875 0.10390625 0.09921875
0 0.35625 0.0421875 0.0890625 0.084375
0 0.35625 0.2 0.0890625 0.0921875
0 0.50625 0.19375 0.09921875 0.090625
0 0.43046875 0.27421875 0.0625 0.06953125
0 0.51640625 0.35 0.1125 0.10546875
0 0.43671875 0.4265625 0.10078125 0.10078125
0 0.5125 0.04453125 0.0875 0.07890625
0 0.59375 0.1265625 0.090625 0.0875
0 0.6703125 0.0453125 0.07109375 0.08046875
0 0.8109375 0.04609375 0.1125 0.0921875
0 0.89453125 0.12109375 0.11875 0.10078125
0 0.971875 0.05859375 0.05625 0.10078125
0 0.665625 0.2046875 0.0875 0.0859375
0 0.740625 0.27421875 0.0828125 0.09609375
0 0.6859375 0.35859375 0.09765625 0.090625
0 0.82109375 0.34609375 0.09375 0.09765625
0 0.90390625 0.28984375 0.07890625 0.090625
0 0.97109375 0.19921875 0.0578125 0.10078125
0 0.43125 0.5921875 0.10703125 0.10234375
0 0.49921875 0.51328125 0.09375 0.0921875
0 0.58984375 0.43203125 0.10078125 0.10546875
0 0.7515625 0.42890625 0.0875 0.0828125
0 0.8234375 0.49921875 0.09921875 0.10703125
0 0.9625 0.509375 0.07421875 0.10078125
0 0.59140625 0.60078125 0.09609375 0.09609375
0 0.73671875 0.58828125 0.09765625 0.09765625
0 0.671875 0.67109375 0.09921875 0.10390625
0 0.5796875 0.75390625 0.1171875 0.10546875
0 0.4328125 0.74921875 0.09375 0.10234375
0 0.0109375 0.59453125 0.02109375 0.140625
0 0.0484375 0.834375 0.09375 0.09375
0 0.11796875 0.759375 0.13046875 0.115625
0 0.2 0.84140625 0.10546875 0.10546875
0 0.1171875 0.91640625 0.09765625 0.09375
0 0.27265625 0.925 0.10234375 0.09375
0 0.2 0.96875 0.115625 0.0625
0 0.34453125 0.9703125 0.121875 0.059375
0 0.58828125 0.90703125 0.09765625 0.10390625
0 0.67421875 0.82890625 0.09765625 0.09765625
0 0.7515625 0.7515625 0.10390625 0.09375
0 0.81484375 0.67421875 0.09921875 0.10078125
0 0.9625 0.67265625 0.07421875 0.10703125
0 0.9 0.76328125 0.0875 0.09765625
0 0.82890625 0.83671875 0.10078125 0.0890625
0 0.7609375 0.9171875 0.1125 0.11875
0 0.91171875 0.909375 0.09375 0.10234375
0 0.96953125 0.96171875 0.0609375 0.07578125