0 0.403125 0.1765625 0.09453125 0.09765625
0 0.2515625 0.484375 0.11328125 0.11484375
0 0.17578125 0.4078125 0.084375 0.09140625
0 0.11015625 0.48515625 0.09921875 0.11640625
0 0.2453125 0.64140625 0.084375 0.084375
0 0.32265625 0.728125 0.0734375 0.0828125
0 0.39921875 0.65078125 0.0796875 0.09140625
0 0.39375 0.79765625 0.075 0.078125
0 0.3296875 0.86484375 0.09140625 0.09453125
0 0.25234375 0.79296875 0.0765625 0.084375
0 0.18125 0.7234375 0.10078125 0.10546875
0 0.09140625 0.8078125 0.0734375 0.08125
0 0.10078125 0.93828125 0.0765625 0.065625
0 0.2484375 0.9359375 0.09453125 0.09921875
0 0.16953125 0.98046875 0.0765625 0.03828125
0 0.60625 0.98828125 0.065625 0.0234375
0 0.70078125 0.65546875 0.075 0.075
0 0.9359375 0.7109375 0.0765625 0.0796875
0 0.98359375 0.6390625 0.0328125 0.075
0 0.928125 0.55078125 0.0828125 0.08984375
0 0.97578125 0.4796875 0.04765625 0.09140625
0 0.934375 0.41875 0.0703125 0.0796875
0 0.93359375 0.0953125 0.10390625 0.10390625
0 0.5515625 0.040625 0.09453125 0.08125
0 0.25546875 0.040625 0.09609375 0.08125
0 0.103125 0.0421875 0.10390625 0.084375
0 0.04609375 0.253125 0.0921875 0.109375
0 0.0109375 0.34140625 0.021875 0.0765625
0 0.03203125 0.57109375 0.0640625 0.0875
0 0.0109375 0.6390625 0.021875 0.08125
0 0.0375 0.8640625 0.075 0.0765625
0 0.00390625 0.78984375 0.0078125 0.078125
0 0.0078125 0.9390625 0.015625 0.0765625
0 0.98046875 0.95 0.03828125 0.078125