0 0.3640625 0.30703125 0.0953125 0.08984375
0 0.44453125 0.39609375 0.08046875 0.084375
0 0.02421875 0.321875 0.0484375 0.09375
0 0.425 0.95390625 0.0671875 0.065625
0 0.6953125 0.6640625 0.10703125 0.09140625
0 0.61171875 0.77734375 0.0765625 0.075
0 0.7015625 0.8640625 0.06953125 0.07265625
0 0.7921875 0.7546875 0.09921875 0.09765625
0 0.878125 0.85390625 0.1046875 0.08984375
0 0.95625 0.934375 0.084375 0.08984375
0 0.77890625 0.4046875 0.09921875 0.09765625
0 0.8578125 0.4921875 0.10078125 0.1046875
0 0.9484375 0.4015625 0.103125 0.11015625
0 0.87265625 0.30703125 0.13125 0.11953125
0 0.77734375 0.21640625 0.11640625 0.1140625
0 0.696875 0.13203125 0.103125 0.1140625
0 0.61484375 0.05546875 0.084375 0.084375
0 0.78203125 0.046875 0.08828125 0.09375
0 0.87109375 0.01875 0.07890625 0.0375
0 0.953125 0.04765625 0.09375 0.0953125
0 0.95390625 0.21796875 0.08828125 0.09140625