0 0.03671875 0.05234375 0.0640625 0.0640625
0 0.10234375 0.1296875 0.0734375 0.0625
0 0.0375 0.1984375 0.065625 0.084375
0 0.1015625 0.27109375 0.09375 0.1046875
0 0.03203125 0.3375 0.0640625 0.08125
0 0.10078125 0.42265625 0.0984375 0.0859375
0 0.03515625 0.4953125 0.0703125 0.084375
0 0.17890625 0.346875 0.0765625 0.06875
0 0.17890625 0.19765625 0.0765625 0.0734375
0 0.1859375 0.0453125 0.075 0.059375
0 0.484375 0.05390625 0.078125 0.0765625
0 0.5515625 0.12421875 0.071875 0.0671875
0 0.62109375 0.04921875 0.0859375 0.0828125
0 0.69453125 0.1296875 0.0828125 0.078125
0 0.6328125 0.209375 0.0671875 0.065625
0 0.55078125 0.28515625 0.0609375 0.0546875
0 0.4765625 0.36015625 0.06875 0.0640625
0 0.409375 0.4359375 0.059375 0.075
0 0.33984375 0.50234375 0.1015625 0.0734375
0 0.25625 0.43046875 0.075 0.0734375
0 0.03515625 0.63984375 0.0703125 0.0921875
0 0.1140625 0.5828125 0.078125 0.0625
0 0.1921875 0.65390625 0.071875 0.0734375
0 0.26328125 0.73203125 0.0796875 0.0890625
0 0.33125 0.65625 0.084375 0.0828125
0 0.409375 0.5703125 0.06875 0.071875
0 0.48828125 0.6625 0.0703125 0.075
0 0.55078125 0.59140625 0.0765625 0.0890625
0 0.56015625 0.4359375 0.0640625 0.065625
0 0.7 0.28046875 0.071875 0.0703125
0 0.76953125 0.19375 0.0609375 0.059375
0 0.8421875 0.28671875 0.096875 0.0890625
0 0.77578125 0.50078125 0.0734375 0.0734375
0 0.69765625 0.58671875 0.0671875 0.0734375
0 0.70078125 0.74609375 0.0890625 0.0921875
0 0.77109375 0.796875 0.0890625 0.0828125
0 0.0375 0.80703125 0.075 0.0921875
0 0.11796875 0.7296875 0.084375 0.0828125
0 0.1984375 0.81015625 0.075 0.0734375
0 0.1171875 0.87578125 0.0828125 0.0796875
0 0.0375 0.946875 0.075 0.10625
0 0.18359375 0.94765625 0.0765625 0.0828125
0 0.26953125 0.87578125 0.0765625 0.0859375
0 0.33828125 0.95 0.0734375 0.0875
0 0.41328125 0.89296875 0.0921875 0.0921875
0 0.475 0.81640625 0.08125 0.0859375
0 0.546875 0.88203125 0.0625 0.0671875
0 0.62421875 0.946875 0.090625 0.0875
0 0.54296875 0.98203125 0.0703125 0.0359375
0 0.47421875 0.95 0.0890625 0.078125
0 0.4 0.98203125 0.0875 0.0359375
0 0.2640625 0.984375 0.075 0.03125
0 0.1265625 0.9859375 0.075 0.028125