0 0.0328125 0.0546875 0.065625 0.09375
0 0.09609375 0.12265625 0.0828125 0.0953125
0 0.03203125 0.20390625 0.0640625 0.0953125
0 0.246875 0.2921875 0.078125 0.06875
0 0.2390625 0.434375 0.071875 0.071875
0 0.3125 0.35859375 0.053125 0.0671875
0 0.3859375 0.42421875 0.075 0.0734375
0 0.3796875 0.27265625 0.071875 0.0671875
0 0.31640625 0.21484375 0.0765625 0.0703125
0 0.46875 0.21015625 0.053125 0.053125
0 0.31796875 0.065625 0.0796875 0.075
0 0.45703125 0.04921875 0.1015625 0.0921875
0 0.60234375 0.05546875 0.0953125 0.0859375
0 0.6875 0.1296875 0.078125 0.0875
0 0.6125 0.203125 0.0671875 0.0625
0 0.7609375 0.34921875 0.075 0.0734375
0 0.684375 0.41875 0.078125 0.078125
0 0.6046875 0.496875 0.053125 0.05625
0 0.5359375 0.57734375 0.046875 0.04375
0 0.4609375 0.50859375 0.053125 0.0546875
0 0.24296875 0.575 0.0734375 0.0625
0 0.10078125 0.58046875 0.0703125 0.0734375
0 0.03125 0.65390625 0.0625 0.0796875
0 0.103125 0.73515625 0.05625 0.0640625
0 0.178125 0.80390625 0.065625 0.0671875
0 0.32109375 0.7921875 0.071875 0.06875
0 0.4015625 0.87734375 0.059375 0.0828125
0 0.325 0.93203125 0.0625 0.0578125
0 0.471875 0.7984375 0.053125 0.05625
0 0.54296875 0.72890625 0.04375 0.0421875
0 0.6125 0.7890625 0.0671875 0.071875
0 0.6265625 0.94921875 0.05625 0.0703125
0 0.61328125 0.65078125 0.0609375 0.0578125
0 0.6828125 0.71171875 0.059375 0.0640625
0 0.75703125 0.63828125 0.0765625 0.0734375
0 0.69140625 0.57109375 0.0859375 0.0796875
0 0.82890625 0.42578125 0.0640625 0.0703125
0 0.90703125 0.3515625 0.0859375 0.084375
0 0.9703125 0.275 0.059375 0.059375
0 0.03125 0.51484375 0.053125 0.0671875
0 0.9046875 0.784375 0.075 0.075
0 0.96875 0.7046875 0.0625 0.08125
0 0.9796875 0.8640625 0.0375 0.05
0 0.91171875 0.93515625 0.0734375 0.0734375
0 0.83671875 0.98203125 0.0828125 0.0359375
0 0.9765625 0.9859375 0.046875 0.028125
0 0.97265625 0.42265625 0.0546875 0.0703125
0 0.91484375 0.5 0.0640625 0.071875
0 0.7578125 0.0484375 0.109375 0.096875
0 0.84921875 0.1328125 0.0890625 0.0828125
0 0.89765625 0.2015625 0.0671875 0.075
0 0.959375 0.12109375 0.08125 0.10625
0 0.90859375 0.0453125 0.0984375 0.090625
0 0.1703125 0.05859375 0.08125 0.0859375
0 0.24453125 0.0234375 0.0984375 0.046875
0 0.08984375 0.015625 0.1109375 0.03125