0 0.7921875 0.16171875 0.15390625 0.1515625
0 0.9546875 0.1515625 0.08984375 0.13828125
0 0.95234375 0.325 0.0953125 0.11015625
0 0.8859375 0.2484375 0.1234375 0.11015625
0 0.803125 0.3296875 0.13828125 0.13125
0 0.62890625 0.3453125 0.13515625 0.12578125
0 0.71640625 0.42734375 0.09921875 0.10078125
0 0.7921875 0.5109375 0.1234375 0.11953125
0 0.86796875 0.60078125 0.1140625 0.11953125
0 0.94375 0.5109375 0.1125 0.11953125
0 0.621875 0.5015625 0.13828125 0.13125
0 0.72578125 0.603125 0.13671875 0.13515625
0 0.5234375 0.6125 0.11796875 0.13515625
0 0.43359375 0.50390625 0.1328125 0.1234375
0 0.36328125 0.58984375 0.0859375 0.09765625
0 0.18046875 0.60078125 0.140625 0.15
0 0.51328125 0.0546875 0.1125 0.1046875
0 0.3078125 0.28203125 0.10859375 0.11015625
0 0.95234375 0.6953125 0.0953125 0.10703125
0 0.88125 0.790625 0.12578125 0.10859375
0 0.7953125 0.8625 0.12890625 0.11796875
0 0.7078125 0.76796875 0.1234375 0.11640625
0 0.61171875 0.86953125 0.103125 0.08828125
0 0.52421875 0.9484375 0.11640625 0.103125
0 0.95390625 0.88046875 0.09140625 0.11640625
0 0.87734375 0.953125 0.1328125 0.09375
0 0.8484375 0.02734375 0.15390625 0.0546875
0 0.18671875 0.38984375 0.13671875 0.13828125
0 0.353125 0.16875 0.140625 0.13515625