0 0.2875 0.14140625 0.06796875 0.06796875
0 0.27578125 0.3234375 0.0625 0.06796875
0 0.45 0.30859375 0.0890625 0.09296875
0 0.5296875 0.39609375 0.0765625 0.08046875
0 0.6109375 0.31875 0.0609375 0.05859375
0 0.6296875 0.15 0.0625 0.06796875
0 0.60625 0.0078125 0.0875 0.015625
0 0.45390625 0.01171875 0.0609375 0.0234375
0 0.36953125 0.07421875 0.09609375 0.0875
0 0.27578125 0.01015625 0.0875 0.01953125
0 0.11640625 0.01796875 0.0890625 0.0359375
0 0.0359375 0.4046875 0.07109375 0.0765625
0 0.0359375 0.58515625 0.07109375 0.09140625
0 0.0421875 0.75703125 0.08359375 0.0765625
0 0.20390625 0.56484375 0.09609375 0.10546875
0 0.04296875 0.9203125 0.0859375 0.09140625
0 0.10859375 0.97734375 0.07890625 0.04453125
0 0.55078125 0.93359375 0.06640625 0.0640625
0 0.53828125 0.7375 0.09453125 0.09296875
0 0.61796875 0.66640625 0.05 0.05703125
0 0.53125 0.58359375 0.05546875 0.05390625
0 0.8859375 0.58515625 0.10390625 0.09140625
0 0.90078125 0.76875 0.08046875 0.08359375
0 0.8109375 0.84140625 0.0609375 0.0609375
0 0.8140625 0.98828125 0.075 0.0234375
0 0.89609375 0.93984375 0.0890625 0.08046875
0 0.9703125 0.86015625 0.05859375 0.06953125
0 0.87265625 0.24296875 0.09453125 0.10390625
0 0.95390625 0.31640625 0.0859375 0.08046875
0 0.95 0.15546875 0.0890625 0.09609375
0 0.9453125 0.01171875 0.0984375 0.0234375