0 0.21953125 0.2359375 0.10390625 0.10390625
0 0.13125 0.321875 0.10625 0.1078125
0 0.0484375 0.41328125 0.096875 0.09453125
0 0.00859375 0.48984375 0.01640625 0.0984375
0 0.01171875 0.15 0.0234375 0.109375
0 0.06015625 0.05 0.1203125 0.1
0 0.3140625 0.0265625 0.115625 0.053125
0 0.303125 0.13359375 0.12265625 0.12265625
0 0.40546875 0.0546875 0.11171875 0.10234375
0 0.4796875 0.1328125 0.10390625 0.09140625
0 0.40234375 0.234375 0.1359375 0.1375
0 0.4171875 0.403125 0.1171875 0.13359375
0 0.31796875 0.48671875 0.13359375 0.12265625
0 0.23359375 0.58671875 0.12109375 0.12421875
0 0.14375 0.67734375 0.10234375 0.11328125
0 0.05703125 0.5890625 0.11328125 0.12265625
0 0.13828125 0.49140625 0.1171875 0.13203125
0 0.01171875 0.84375 0.0234375 0.1125
0 0.06171875 0.74609375 0.12265625 0.109375
0 0.05234375 0.93125 0.10390625 0.11875
0 0.15 0.975 0.11328125 0.05
0 0.2390625 0.9296875 0.11328125 0.115625
0 0.23359375 0.76953125 0.10390625 0.11171875
0 0.3171875 0.678125 0.11328125 0.1078125
0 0.40078125 0.5796875 0.11328125 0.10390625
0 0.39375 0.76484375 0.11875 0.12109375
0 0.3078125 0.85390625 0.11328125 0.10625
0 0.31953125 0.98203125 0.11875 0.03515625
0 0.4796875 0.97109375 0.13359375 0.0578125
0 0.48359375 0.028125 0.07421875 0.05546875
0 0.65078125 0.140625 0.11171875 0.109375
0 0.55859375 0.225 0.10625 0.1265625
0 0.571875 0.3890625 0.10234375 0.10234375
0 0.66015625 0.30703125 0.11875 0.12265625
0 0.80390625 0.13828125 0.1390625 0.16953125
0 0.828125 0.315625 0.12109375 0.12265625
0 0.7453125 0.4015625 0.115625 0.11875
0 0.565625 0.56796875 0.1171875 0.12421875
0 0.575 0.746875 0.1359375 0.12265625
0 0.65703125 0.65 0.1484375 0.1390625
0 0.65546875 0.83984375 0.1265625 0.14140625
0 0.74140625 0.734375 0.1265625 0.13359375
0 0.66796875 0.98046875 0.109375 0.0390625
0 0.74609375 0.92109375 0.109375 0.109375
0 0.834375 0.83828125 0.1265625 0.1265625
0 0.90703125 0.7546875 0.13359375 0.13046875
0 0.8265625 0.52265625 0.1359375 0.1265625
0 0.915625 0.4078125 0.109375 0.10234375
0 0.96484375 0.31328125 0.0703125 0.1359375
0 0.978125 0.15390625 0.04375 0.1078125
0 0.9734375 0.49375 0.053125 0.109375
0 0.92265625 0.59453125 0.1171875 0.12265625
0 0.9765625 0.65390625 0.04609375 0.11171875
0 0.971875 0.8328125 0.05546875 0.115625
0 0.934375 0.93046875 0.109375 0.12421875
0 0.83515625 0.97578125 0.146875 0.0484375