0 0.3546875 0.1 0.109375 0.10625
0 0.28046875 0.03984375 0.1140625 0.0796875
0 0.0609375 0.2640625 0.08125 0.075
0 0.01796875 0.20234375 0.0359375 0.0984375
0 0.01796875 0.340625 0.0359375 0.0859375
0 0.059375 0.41484375 0.071875 0.0859375
0 0.0203125 0.65546875 0.040625 0.090625
0 0.0734375 0.8703125 0.10625 0.10625
0 0.44453125 0.796875 0.0921875 0.1
0 0.51796875 0.71953125 0.053125 0.0546875
0 0.59609375 0.65703125 0.0671875 0.0734375
0 0.58984375 0.5015625 0.0921875 0.0859375
0 0.66484375 0.58203125 0.0640625 0.0765625
0 0.66640625 0.73671875 0.0671875 0.0671875
0 0.73828125 0.796875 0.1015625 0.1
0 0.8796875 0.79375 0.0875 0.09375
0 0.59375 0.946875 0.0828125 0.090625
0 0.94375 0.97890625 0.08125 0.0421875
0 0.878125 0.2 0.115625 0.11875
0 0.72890625 0.04765625 0.1046875 0.0953125
0 0.98984375 0.49296875 0.0203125 0.0890625