0 0.58984375 0.19296875 0.0921875 0.0953125
0 0.73828125 0.49375 0.1109375 0.1125
0 0.8125 0.41953125 0.0828125 0.0890625
0 0.8765625 0.49453125 0.096875 0.1140625
0 0.74453125 0.64765625 0.0828125 0.0828125
0 0.66875 0.7328125 0.071875 0.08125
0 0.59375 0.65703125 0.078125 0.0890625
0 0.59921875 0.80078125 0.0734375 0.0765625
0 0.66171875 0.86640625 0.0890625 0.0921875
0 0.7375 0.79609375 0.075 0.0828125
0 0.80703125 0.728125 0.0984375 0.103125
0 0.8953125 0.81015625 0.071875 0.0796875
0 0.8859375 0.93828125 0.075 0.0640625
0 0.74140625 0.9359375 0.0921875 0.096875
0 0.81875 0.98046875 0.075 0.0390625
0 0.39140625 0.9875 0.0640625 0.021875
0 0.29921875 0.66171875 0.0734375 0.0734375
0 0.06875 0.715625 0.075 0.078125
0 0.01953125 0.64609375 0.0390625 0.0734375
0 0.0765625 0.559375 0.08125 0.0875
0 0.0265625 0.48984375 0.053125 0.0890625
0 0.0703125 0.4296875 0.06875 0.078125
0 0.07109375 0.11328125 0.1015625 0.1015625
0 0.44453125 0.05234375 0.0921875 0.0953125
0 0.734375 0.05 0.09375 0.1
0 0.88359375 0.0515625 0.1015625 0.103125
0 0.94609375 0.26875 0.1015625 0.10625
0 0.98125 0.3546875 0.034375 0.075
0 0.95390625 0.57890625 0.0640625 0.0859375
0 0.98125 0.64609375 0.034375 0.0796875
0 0.95546875 0.865625 0.0890625 0.075
0 0.98828125 0.79296875 0.0234375 0.0765625
0 0.984375 0.9390625 0.03125 0.075
0 0.021875 0.94921875 0.04375 0.0765625