0 0.56015625 0.1515625 0.0890625 0.07734375
0 0.5578125 0.31484375 0.0453125 0.0484375
0 0.4828125 0.39375 0.06640625 0.07109375
0 0.4078125 0.46796875 0.07421875 0.08046875
0 0.48046875 0.5359375 0.07421875 0.07578125
0 0.5546875 0.46171875 0.06796875 0.07265625
0 0.62734375 0.5359375 0.08359375 0.07578125
0 0.71484375 0.45859375 0.07109375 0.07265625
0 0.78359375 0.38515625 0.07734375 0.07734375
0 0.7890625 0.21875 0.109375 0.1078125
0 0.8765625 0.14609375 0.08515625 0.08203125
0 0.93984375 0.0734375 0.0890625 0.0921875
0 0.9359375 0.22421875 0.1109375 0.103125
0 0.98671875 0.14921875 0.02578125 0.0921875
0 0.98671875 0.03046875 0.02578125 0.0609375
0 0.86015625 0.009375 0.1109375 0.01875
0 0.40234375 0.01796875 0.06640625 0.03515625
0 0.334375 0.08046875 0.06640625 0.06484375
0 0.25078125 0.01953125 0.06328125 0.0390625
0 0.2546875 0.159375 0.06953125 0.07109375
0 0.17890625 0.0796875 0.0609375 0.06328125
0 0.10390625 0.02109375 0.06640625 0.0421875
0 0.1015625 0.15703125 0.0546875 0.05625
0 0.02421875 0.08203125 0.0484375 0.0609375
0 0.8671875 0.60234375 0.08203125 0.07578125
0 0.78203125 0.53125 0.0578125 0.06328125
0 0.70625 0.60859375 0.07265625 0.06640625
0 0.77265625 0.6953125 0.06796875 0.06796875
0 0.85234375 0.76171875 0.08515625 0.08203125
0 0.93359375 0.8390625 0.08359375 0.08046875
0 0.9328125 0.68671875 0.1015625 0.1
0 0.98671875 0.75546875 0.02578125 0.0953125
0 0.990625 0.621875 0.01875 0.109375
0 0.85234375 0.915625 0.0953125 0.0921875
0 0.934375 0.971875 0.0984375 0.05625
0 0.78984375 0.83125 0.08203125 0.08203125
0 0.70625 0.765625 0.07265625 0.07890625
0 0.628125 0.68515625 0.07578125 0.08046875
0 0.5515625 0.6171875 0.06796875 0.07578125
0 0.5546875 0.775 0.07734375 0.07578125
0 0.47734375 0.846875 0.07734375 0.08046875
0 0.628125 0.975 0.07578125 0.05
0 0.78671875 0.9734375 0.096875 0.053125
0 0.4 0.61328125 0.06953125 0.06484375
0 0.4078125 0.7734375 0.07421875 0.07265625
0 0.325 0.7 0.053125 0.0609375
0 0.3234375 0.84375 0.07265625 0.08359375
0 0.246875 0.7703125 0.0546875 0.07578125
0 0.2515625 0.9171875 0.0609375 0.06953125
0 0.17890625 0.97578125 0.0453125 0.0484375
0 0.09453125 0.90390625 0.06953125 0.07578125
0 0.02890625 0.975 0.0578125 0.05