0 0.00859375 0.3125 0.0171875 0.065625
0 0.0734375 0.38828125 0.05390625 0.05546875
0 0.16015625 0.4796875 0.08359375 0.0765625
0 0.23125 0.54765625 0.0734375 0.08046875
0 0.1546875 0.6296875 0.09140625 0.08359375
0 0.16796875 0.8046875 0.07109375 0.0765625
0 0.0140625 0.65078125 0.028125 0.0640625
0 0.0765625 0.56640625 0.05 0.05390625
0 0.01796875 0.96328125 0.0359375 0.0734375
0 0.15859375 0.975 0.05390625 0.05
0 0.41328125 0.8921875 0.1015625 0.09140625
0 0.50546875 0.965625 0.0859375 0.06875
0 0.4953125 0.63125 0.09453125 0.0875
0 0.5015625 0.80625 0.09453125 0.0875
0 0.5875 0.71875 0.05703125 0.05859375
0 0.58828125 0.8875 0.0734375 0.07109375
0 0.6671875 0.79140625 0.08046875 0.0859375
0 0.7453125 0.72265625 0.05859375 0.0625
0 0.57734375 0.54140625 0.0984375 0.09296875
0 0.24296875 0.20390625 0.07109375 0.07109375
0 0.1609375 0.29296875 0.0609375 0.0609375
0 0.23671875 0.3859375 0.09453125 0.0859375
0 0.32265625 0.46484375 0.09453125 0.09453125
0 0.31875 0.1234375 0.08046875 0.0765625
0 0.4015625 0.2125 0.0859375 0.08203125
0 0.4921875 0.11953125 0.09453125 0.10703125
0 0.50234375 0.3015625 0.0734375 0.07890625
0 0.57578125 0.2109375 0.09453125 0.09296875
0 0.57421875 0.0359375 0.0625 0.07109375
0 0.65 0.1296875 0.07109375 0.0734375
0 0.6609375 0.28671875 0.0859375 0.08359375
0 0.73515625 0.3703125 0.08359375 0.1015625
0 0.6625 0.4578125 0.0765625 0.08046875
0 0.75703125 0.55625 0.0890625 0.0984375
0 0.67109375 0.6234375 0.0765625 0.0890625
0 0.83984375 0.64140625 0.0765625 0.0765625
0 0.8375 0.46953125 0.0890625 0.09296875
0 0.90625 0.38125 0.0765625 0.08046875
0 0.8203125 0.2890625 0.08359375 0.0890625
0 0.75546875 0.20859375 0.0859375 0.08203125
0 0.83203125 0.12421875 0.07890625 0.08359375
0 0.9078125 0.0484375 0.08046875 0.0640625
0 0.97109375 0.28359375 0.05703125 0.10703125
0 0.97578125 0.4578125 0.0484375 0.08046875
0 0.9265625 0.56015625 0.07109375 0.0765625
0 0.75625 0.89921875 0.08046875 0.08046875
0 0.8484375 0.96328125 0.09296875 0.0734375
0 0.92421875 0.90390625 0.06640625 0.0859375
0 0.93203125 0.73359375 0.04609375 0.0609375
0 0.978125 0.63671875 0.04375 0.0984375
0 0.9890625 0.81875 0.02109375 0.09453125
0 0.9875 0.965625 0.025 0.06875