0 0.21015625 0.0734375 0.1125 0.09296875
0 0.3078125 0.03125 0.10625 0.0625
0 0.3875 0.08359375 0.0875 0.0953125
0 0.2984375 0.17109375 0.1140625 0.10625
0 0.39375 0.27734375 0.06875 0.071875
0 0.990625 0.37109375 0.01875 0.11015625
0 0.98828125 0.5578125 0.02265625 0.07421875
0 0.95234375 0.653125 0.06484375 0.08203125
0 0.85546875 0.73515625 0.11796875 0.12890625
0 0.98828125 0.89921875 0.02265625 0.11796875
0 0.0359375 0.10234375 0.071875 0.07578125
0 0.1171875 0.35 0.1046875 0.10234375
0 0.20546875 0.4359375 0.0796875 0.096875
0 0.12109375 0.5359375 0.07421875 0.0875
0 0.3203125 0.5484375 0.07421875 0.09296875
0 0.23203125 0.6578125 0.06875 0.071875
0 0.14140625 0.7328125 0.10625 0.0890625
0 0.4109375 0.81875 0.10234375 0.1125
0 0.034375 0.45546875 0.06875 0.078125
0 0.040625 0.6390625 0.06640625 0.071875
0 0.0453125 0.82578125 0.0453125 0.05859375
0 0.14765625 0.9203125 0.0890625 0.08203125
0 0.05859375 0.98359375 0.071875 0.03203125
0 0.25 0.98359375 0.0859375 0.03203125