0 0.3359375 0.0875 0.08359375 0.0734375
0 0.33671875 0.25078125 0.0703125 0.0796875
0 0.33828125 0.38515625 0.06875 0.0703125
0 0.26484375 0.615625 0.08515625 0.06875
0 0.1734375 0.70390625 0.075 0.08203125
0 0.25625 0.76875 0.06875 0.0703125
0 0.26484375 0.92890625 0.06875 0.0640625
0 0.1015625 0.925 0.08515625 0.08828125
0 0.03046875 0.97421875 0.0578125 0.0515625
0 0.1921875 0.0765625 0.06015625 0.06875
0 0.27265625 0.1625 0.05546875 0.06015625
0 0.18359375 0.234375 0.0765625 0.08984375
0 0.10625 0.3203125 0.05234375 0.04921875
0 0.034375 0.39375 0.05546875 0.05546875
0 0.02890625 0.55234375 0.05390625 0.05390625
0 0.103125 0.615625 0.04921875 0.05859375
0 0.4 0.62734375 0.06875 0.075
0 0.4921875 0.546875 0.0390625 0.04921875
0 0.56171875 0.475 0.078125 0.0796875
0 0.4921875 0.38984375 0.075 0.0640625
0 0.56796875 0.32421875 0.06015625 0.05703125
0 0.64296875 0.39765625 0.0734375 0.0640625
0 0.715625 0.48203125 0.065625 0.06875
0 0.64921875 0.70078125 0.05390625 0.065625
0 0.71328125 0.934375 0.09609375 0.09453125
0 0.78984375 0.99296875 0.0828125 0.0140625
0 0.875 0.940625 0.0671875 0.0703125
0 0.95 0.99296875 0.05625 0.0140625
0 0.63203125 0.9890625 0.06875 0.02109375
0 0.484375 0.98671875 0.0734375 0.02578125
0 0.7921875 0.09765625 0.05234375 0.05546875
0 0.871875 0.17578125 0.05703125 0.06015625
0 0.95078125 0.09296875 0.06171875 0.06875
0 0.8828125 0.0234375 0.06875 0.046875
0 0.5671875 0.01953125 0.071875 0.0390625
0 0.265625 0.01484375 0.08359375 0.0296875
0 0.11484375 0.01484375 0.05078125 0.0296875