0 0.0375 0.24140625 0.059375 0.0671875
0 0.103125 0.32265625 0.05625 0.0578125
0 0.1796875 0.38828125 0.046875 0.0484375
0 0.25546875 0.46796875 0.0734375 0.0671875
0 0.31796875 0.52734375 0.0640625 0.0703125
0 0.25078125 0.59921875 0.0796875 0.0734375
0 0.2625 0.75234375 0.0625 0.0671875
0 0.11328125 0.61875 0.0546875 0.05625
0 0.1828125 0.54375 0.04375 0.046875
0 0.040625 0.68671875 0.065625 0.0703125
0 0.11015625 0.89453125 0.0734375 0.0703125
0 0.1796875 0.96796875 0.071875 0.0609375
0 0.2546875 0.903125 0.046875 0.046875
0 0.47734375 0.82890625 0.0890625 0.0796875
0 0.5578125 0.90390625 0.075 0.0796875
0 0.54921875 0.60078125 0.0828125 0.0765625
0 0.5546875 0.75390625 0.0828125 0.0765625
0 0.6296875 0.67734375 0.05 0.0515625
0 0.63046875 0.825 0.0640625 0.0625
0 0.69921875 0.740625 0.0703125 0.075
0 0.76796875 0.68046875 0.0515625 0.0546875
0 0.62109375 0.521875 0.0859375 0.08125
0 0.328125 0.2265625 0.0625 0.0625
0 0.25625 0.3046875 0.053125 0.053125
0 0.32265625 0.3859375 0.0828125 0.075
0 0.39765625 0.45546875 0.0828125 0.0828125
0 0.39453125 0.15625 0.0703125 0.0671875
0 0.4671875 0.234375 0.075 0.071875
0 0.54609375 0.153125 0.0828125 0.09375
0 0.55546875 0.3125 0.0640625 0.06875
0 0.61953125 0.2328125 0.0828125 0.08125
0 0.028125 0.08359375 0.05625 0.0796875
0 0.246875 0.01640625 0.065625 0.0328125
0 0.54453125 0.02421875 0.0734375 0.0484375
0 0.61796875 0.07890625 0.0546875 0.0640625
0 0.68984375 0.02265625 0.0828125 0.0453125
0 0.83515625 0.01953125 0.0703125 0.0390625
0 0.684375 0.16171875 0.0625 0.0640625
0 0.69375 0.29921875 0.075 0.0734375
0 0.75859375 0.37265625 0.0734375 0.0890625
0 0.6953125 0.44921875 0.0671875 0.0703125
0 0.778125 0.53515625 0.078125 0.0859375
0 0.703125 0.59375 0.0671875 0.078125
0 0.85078125 0.609375 0.0671875 0.0671875
0 0.8484375 0.459375 0.078125 0.08125
0 0.90859375 0.38203125 0.0671875 0.0703125
0 0.83359375 0.3015625 0.0734375 0.078125
0 0.7765625 0.23125 0.075 0.071875
0 0.84375 0.15703125 0.06875 0.0734375
0 0.91015625 0.090625 0.0703125 0.05625
0 0.9703125 0.296875 0.059375 0.09375
0 0.97421875 0.44921875 0.0515625 0.0703125
0 0.9265625 0.53828125 0.0625 0.0671875
0 0.77734375 0.83515625 0.0703125 0.0703125
0 0.8578125 0.90859375 0.08125 0.0984375
0 0.78828125 0.9703125 0.0828125 0.059375
0 0.9421875 0.96953125 0.078125 0.0578125
0 0.92421875 0.8390625 0.0578125 0.075
0 0.93125 0.690625 0.040625 0.053125
0 0.9765625 0.60546875 0.046875 0.0859375
0 0.9859375 0.76484375 0.028125 0.0828125
0 0.984375 0.896875 0.03125 0.065625