0 0.6828125 0.04921875 0.09609375 0.0796875
0 0.59921875 0.0203125 0.090625 0.040625
0 0.53046875 0.05859375 0.075 0.08125
0 0.60703125 0.1328125 0.09765625 0.090625
0 0.52578125 0.22421875 0.05859375 0.06171875
0 0.0125 0.30390625 0.02421875 0.09453125
0 0.0140625 0.46328125 0.02734375 0.06328125
0 0.0484375 0.54453125 0.05546875 0.06953125
0 0.13125 0.6140625 0.10078125 0.11015625
0 0.0140625 0.7546875 0.02734375 0.10078125
0 0.9046875 0.1453125 0.0796875 0.0828125
0 0.83203125 0.075 0.06328125 0.06484375
0 0.90703125 0.01171875 0.06640625 0.02265625
0 0.91171875 0.29765625 0.0765625 0.0796875
0 0.7625 0.2859375 0.0890625 0.0875
0 0.68671875 0.359375 0.06796875 0.0828125
0 0.75859375 0.44453125 0.06328125 0.075
0 0.58828125 0.45546875 0.06328125 0.0796875
0 0.6640625 0.5484375 0.05859375 0.06171875
0 0.74140625 0.6125 0.090625 0.0765625
0 0.51171875 0.6859375 0.0875 0.09609375
0 0.975 0.22109375 0.05 0.090625
0 0.97578125 0.365625 0.0484375 0.0875
0 0.9125 0.45390625 0.075 0.06640625
0 0.83515625 0.37578125 0.06328125 0.06640625
0 0.82734375 0.5328125 0.05703125 0.06171875
0 0.903125 0.6078125 0.05703125 0.06640625
0 0.97578125 0.6890625 0.0484375 0.06015625
0 0.9734375 0.52578125 0.053125 0.0828125
0 0.8234375 0.6921875 0.0390625 0.05
0 0.7359375 0.77265625 0.0765625 0.06953125
0 0.81171875 0.83984375 0.06171875 0.05390625
0 0.89375 0.92265625 0.0859375 0.09609375
0 0.96640625 0.85078125 0.06015625 0.08125
0 0.96171875 0.97578125 0.06953125 0.0484375
0 0.81015625 0.97578125 0.06484375 0.0484375
0 0.73359375 0.9171875 0.075 0.078125
0 0.6484375 0.8515625 0.0734375 0.0765625
0 0.66484375 0.97109375 0.0734375 0.0578125
0 0.59296875 0.940625 0.06015625 0.06015625
0 0.52578125 0.98515625 0.06484375 0.02890625