0 0.96484375 0.2578125 0.06640625 0.075
0 0.89140625 0.3484375 0.06328125 0.06484375
0 0.80625 0.421875 0.05234375 0.05390625
0 0.72109375 0.51171875 0.08203125 0.075
0 0.6515625 0.578125 0.071875 0.07890625
0 0.7265625 0.65859375 0.0890625 0.08203125
0 0.71328125 0.8296875 0.0703125 0.075
0 0.88046875 0.6796875 0.0609375 0.06328125
0 0.80234375 0.59609375 0.04921875 0.05234375
0 0.96171875 0.75625 0.0734375 0.07890625
0 0.884375 0.97421875 0.08125 0.0515625
0 0.721875 0.9859375 0.05234375 0.028125
0 0.47265625 0.91484375 0.1 0.0890625
0 0.3828125 0.97734375 0.08359375 0.0453125
0 0.3921875 0.66015625 0.09296875 0.0859375
0 0.38671875 0.83125 0.09296875 0.0859375
0 0.30234375 0.7453125 0.05625 0.0578125
0 0.3015625 0.9109375 0.071875 0.0703125
0 0.225 0.81640625 0.07890625 0.08359375
0 0.14765625 0.74921875 0.0578125 0.0609375
0 0.31171875 0.571875 0.09609375 0.090625
0 0.63984375 0.24140625 0.0703125 0.0703125
0 0.7203125 0.32890625 0.059375 0.059375
0 0.64609375 0.41953125 0.09296875 0.08359375
0 0.56171875 0.49765625 0.09296875 0.09296875
0 0.565625 0.1625 0.07890625 0.075
0 0.484375 0.25 0.08359375 0.08046875
0 0.39609375 0.159375 0.09296875 0.1046875
0 0.38515625 0.3375 0.071875 0.0765625
0 0.3140625 0.2484375 0.09296875 0.090625
0 0.971875 0.08125 0.05625 0.0890625
0 0.73046875 0.0125 0.0734375 0.02421875
0 0.39765625 0.02109375 0.08203125 0.0421875
0 0.315625 0.07578125 0.0609375 0.071875
0 0.23515625 0.01953125 0.09296875 0.03828125
0 0.07265625 0.015625 0.07890625 0.03125
0 0.24140625 0.16875 0.0703125 0.071875
0 0.23046875 0.32265625 0.08359375 0.08203125
0 0.15859375 0.4046875 0.08203125 0.1
0 0.22890625 0.490625 0.075 0.07890625
0 0.13671875 0.58671875 0.0875 0.09609375
0 0.2203125 0.65234375 0.075 0.0875
0 0.0546875 0.66953125 0.075 0.075
0 0.0578125 0.5015625 0.0875 0.090625
0 0.0140625 0.41484375 0.028125 0.07890625
0 0.07421875 0.325 0.08203125 0.0875
0 0.13828125 0.246875 0.08359375 0.08046875
0 0.06328125 0.16328125 0.0765625 0.08203125
0 0.0140625 0.0890625 0.028125 0.06328125
0 0.1375 0.921875 0.07890625 0.07890625
0 0.046875 0.97421875 0.090625 0.0515625