0 0.01953125 0.815625 0.0390625 0.09375
0 0.06171875 0.73515625 0.090625 0.10390625
0 0.0140625 0.6671875 0.028125 0.090625
0 0.028125 0.9515625 0.05625 0.096875
0 0.0765625 0.88828125 0.0875 0.07109375
0 0.15234375 0.95703125 0.090625 0.0859375
0 0.01796875 0.50234375 0.0359375 0.090625
0 0.071875 0.57734375 0.10390625 0.1125
0 0.15625 0.65390625 0.07421875 0.07421875
0 0.01171875 0.35859375 0.0234375 0.0609375
0 0.06171875 0.43125 0.090625 0.090625
0 0.13515625 0.33671875 0.09921875 0.0828125
0 0.140625 0.4984375 0.0828125 0.065625
0 0.21875 0.4125 0.10703125 0.07890625
0 0.21875 0.571875 0.090625 0.07421875
0 0.29921875 0.4890625 0.10390625 0.090625
0 0.284375 0.64609375 0.10703125 0.10703125
0 0.13515625 0.196875 0.09921875 0.10703125
0 0.0140625 0.04140625 0.028125 0.07890625
0 0.059375 0.11875 0.1125 0.115625
0 0.13046875 0.0359375 0.1078125 0.071875
0 0.284375 0.05078125 0.096875 0.1015625
0 0.2796875 0.18515625 0.10703125 0.115625
0 0.2109375 0.1046875 0.07890625 0.07109375
0 0.296875 0.346875 0.09921875 0.09609375
0 0.36875 0.253125 0.10390625 0.10390625
0 0.37421875 0.1125 0.09921875 0.12890625
0 0.4453125 0.040625 0.09921875 0.08046875
0 0.61484375 0.046875 0.090625 0.09375
0 0.5171875 0.10390625 0.10390625 0.12890625
0 0.69453125 0.1 0.07890625 0.0875
0 0.61875 0.1875 0.0828125 0.10390625
0 0.53203125 0.25234375 0.090625 0.09609375
0 0.44765625 0.34609375 0.0875 0.090625
0 0.45625 0.5015625 0.0875 0.09921875
0 0.38203125 0.571875 0.0875 0.090625
0 0.38203125 0.7265625 0.0875 0.0875
0 0.45703125 0.64453125 0.09921875 0.10390625
0 0.61640625 0.64453125 0.0875 0.0875
0 0.53984375 0.71796875 0.09921875 0.09609375
0 0.45859375 0.80078125 0.07890625 0.07109375
0 0.76171875 0.48359375 0.1203125 0.1125
0 0.68828125 0.38671875 0.09921875 0.090625
0 0.77890625 0.33515625 0.09921875 0.09609375
0 0.6015625 0.32734375 0.10703125 0.0875
0 0.6890625 0.25546875 0.090625 0.09609375
0 0.76328125 0.178125 0.090625 0.1125
0 0.44921875 0.9453125 0.0828125 0.09609375
0 0.6203125 0.94296875 0.1125 0.1140625
0 0.76875 0.80078125 0.09609375 0.10390625
0 0.9125 0.80390625 0.1125 0.115625
0 0.8375 0.8734375 0.0578125 0.07421875
0 0.7734375 0.95703125 0.10390625 0.0859375
0 0.7 0.99375 0.10625 0.0125
0 0.91953125 0.95703125 0.0828125 0.0859375
0 0.91953125 0.48125 0.09921875 0.090625
0 0.921875 0.31875 0.0875 0.09609375
0 0.978125 0.41953125 0.04375 0.0734375
0 0.97734375 0.55 0.04453125 0.0875
0 0.9234375 0.1765625 0.07421875 0.065625
0 0.96484375 0.08984375 0.0703125 0.1234375