0 0.234375 0.7859375 0.0875 0.09609375
0 0.296875 0.71484375 0.09609375 0.0875
0 0.2296875 0.6421875 0.09609375 0.09609375
0 0.1578125 0.571875 0.0796875 0.0765625
0 0.06953125 0.5 0.05625 0.0609375
0 0.2234375 0.50234375 0.10859375 0.10390625
0 0.3078125 0.578125 0.084375 0.09609375
0 0.37734375 0.64453125 0.09609375 0.10078125
0 0.45703125 0.7125 0.0796875 0.09296875
0 0.3796875 0.79296875 0.06875 0.06875
0 0.025 0.43828125 0.04921875 0.0875
0 0.025 0.28515625 0.04921875 0.10078125
0 0.06796875 0.20390625 0.084375 0.071875
0 0.146875 0.27109375 0.09296875 0.071875
0 0.0984375 0.34921875 0.071875 0.06875
0 0.2234375 0.3484375 0.10859375 0.10859375
0 0.15 0.41953125 0.0796875 0.071875
0 0.02109375 0.021875 0.04140625 0.04296875
0 0.08046875 0.06015625 0.10078125 0.10390625
0 0.03046875 0.7359375 0.0609375 0.09140625
0 0.08828125 0.81484375 0.084375 0.0796875
0 0.025 0.878125 0.04921875 0.0875
0 0.08359375 0.95 0.10078125 0.0875
0 0.153125 0.878125 0.09609375 0.0875
0 0.2375 0.94453125 0.071875 0.06875
0 0.153125 0.984375 0.0875 0.03125
0 0.303125 0.4171875 0.10859375 0.09296875
0 0.38125 0.34140625 0.0875 0.084375
0 0.309375 0.2625 0.071875 0.071875
0 0.3765625 0.1890625 0.084375 0.084375
0 0.3078125 0.12734375 0.084375 0.0875
0 0.45703125 0.415625 0.09609375 0.0796875
0 0.38203125 0.484375 0.0796875 0.0765625
0 0.45859375 0.56875 0.09296875 0.09296875
0 0.54375 0.49453125 0.084375 0.071875
0 0.30546875 0.00546875 0.09609375 0.0109375
0 0.384375 0.03984375 0.084375 0.0796875
0 0.4578125 0.0078125 0.10390625 0.015625
0 0.215625 0.04375 0.10859375 0.0875
0 0.309375 0.9859375 0.0875 0.028125
0 0.3890625 0.934375 0.0875 0.09609375
0 0.44921875 0.86171875 0.0796875 0.0875
0 0.5375 0.94453125 0.10390625 0.10078125
0 0.465625 0.984375 0.09375 0.03125
0 0.61484375 0.86796875 0.09296875 0.084375
0 0.6890625 0.7875 0.0875 0.09296875
0 0.7609375 0.728125 0.0875 0.09296875
0 0.83828125 0.6546875 0.10859375 0.11171875
0 0.6078125 0.70859375 0.084375 0.084375
0 0.68671875 0.64453125 0.09296875 0.10078125
0 0.76171875 0.56484375 0.09296875 0.084375
0 0.53359375 0.6359375 0.0796875 0.0765625
0 0.61796875 0.56640625 0.0765625 0.071875
0 0.6796875 0.4890625 0.084375 0.09296875
0 0.6078125 0.41328125 0.10078125 0.084375
0 0.6296875 0.9859375 0.1 0.028125
0 0.696875 0.95078125 0.0875 0.0984375
0 0.76875 0.87421875 0.09609375 0.0875
0 0.840625 0.803125 0.09609375 0.09296875
0 0.7796875 0.98984375 0.0875 0.0203125
0 0.85 0.95703125 0.10859375 0.0859375
0 0.92421875 0.89140625 0.071875 0.0765625
0 0.9796875 0.9625 0.03984375 0.075
0 0.834375 0.05625 0.10078125 0.11171875
0 0.77265625 0.11640625 0.0875 0.0765625
0 0.83828125 0.18828125 0.09296875 0.09296875
0 0.96953125 0.19453125 0.0609375 0.09609375
0 0.96953125 0.04296875 0.0609375 0.0796875
0 0.45859375 0.11328125 0.09296875 0.09296875
0 0.61484375 0.12109375 0.10859375 0.10859375
0 0.5375 0.1890625 0.0875 0.084375
0 0.45703125 0.27109375 0.0796875 0.0875
0 0.61328125 0.2625 0.09609375 0.0875
0 0.68671875 0.3375 0.09296875 0.10078125
0 0.76875 0.26953125 0.0640625 0.06875
0 0.84453125 0.346875 0.10390625 0.11171875
0 0.853125 0.4890625 0.09609375 0.0765625
0 0.925 0.4125 0.09609375 0.09296875
0 0.53359375 0.34609375 0.09609375 0.10078125
0 0.98125 0.6578125 0.03671875 0.0796875
0 0.97734375 0.8203125 0.04453125 0.11640625