0 0.0109375 0.0421875 0.021875 0.084375
0 0.046875 0.1109375 0.09375 0.0875
0 0.11796875 0.03984375 0.09609375 0.0796875
0 0.00703125 0.1953125 0.0140625 0.10390625
0 0.2640625 0.0375 0.11640625 0.075
0 0.19375 0.11171875 0.0875 0.0796875
0 0.04453125 0.265625 0.0765625 0.084375
0 0.1140625 0.19765625 0.0875 0.10078125
0 0.271875 0.175 0.09296875 0.0875
0 0.334375 0.10859375 0.071875 0.0765625
0 0.3328125 0.00390625 0.11640625 0.0078125
0 0.415625 0.03359375 0.0765625 0.0671875
0 0.19765625 0.253125 0.06875 0.06875
0 0.11640625 0.34375 0.09296875 0.09609375
0 0.49296875 0.090625 0.10078125 0.084375
0 0.54921875 0.03125 0.09609375 0.0625
0 0.70859375 0.02578125 0.084375 0.05078125
0 0.79609375 0.09921875 0.084375 0.0796875
0 0.878125 0.0296875 0.0875 0.059375
0 0.8703125 0.1640625 0.0765625 0.071875
0 0.934375 0.09375 0.09296875 0.084375
0 0.98984375 0.03125 0.0203125 0.0625
0 0.9921875 0.1703125 0.015625 0.084375
0 0.5671875 0.33203125 0.09296875 0.09296875
0 0.340625 0.2546875 0.09296875 0.0875
0 0.41328125 0.31953125 0.10078125 0.11171875
0 0.71875 0.1703125 0.09296875 0.10078125
0 0.7984375 0.24375 0.0765625 0.071875
0 0.64609375 0.2421875 0.0875 0.084375
0 0.865625 0.315625 0.09609375 0.0875
0 0.9484375 0.2359375 0.10078125 0.10390625
0 0.26171875 0.32265625 0.11171875 0.09609375
0 0.17890625 0.40625 0.09609375 0.0875
0 0.340625 0.4015625 0.10859375 0.10078125
0 0.50546875 0.403125 0.10390625 0.0875
0 0.65390625 0.40234375 0.0875 0.0796875
0 0.73671875 0.44375 0.06875 0.02578125