0 0.021875 0.29375 0.04375 0.109375
0 0.06875 0.23515625 0.075 0.0859375
0 0.0796875 0.0640625 0.090625 0.090625
0 0.15078125 0.021875 0.0984375 0.04375
0 0.28203125 0.0171875 0.0671875 0.034375
0 0.2125 0.0796875 0.075 0.090625
0 0.1375 0.1453125 0.0625 0.0625
0 0.215625 0.21796875 0.09375 0.0984375
0 0.2875 0.146875 0.075 0.075
0 0.359375 0.0609375 0.09375 0.090625
0 0.5046875 0.059375 0.09375 0.09375
0 0.4390625 0.15234375 0.090625 0.1015625
0 0.36015625 0.2203125 0.0859375 0.090625
0 0.28515625 0.29609375 0.0703125 0.0828125
0 0.5796875 0.015625 0.090625 0.03125
0 0.875 0.01171875 0.0625 0.0234375
0 0.72890625 0.01953125 0.0984375 0.0390625
0 0.65703125 0.0609375 0.1015625 0.090625
0 0.5875 0.14765625 0.10625 0.096875
0 0.5046875 0.2234375 0.078125 0.09375
0 0.4359375 0.28515625 0.075 0.0859375
0 0.35546875 0.34765625 0.0859375 0.0859375
0 0.5796875 0.27578125 0.090625 0.0984375
0 0.0703125 0.3671875 0.078125 0.078125
0 0.13515625 0.3109375 0.0828125 0.090625
0 0.015625 0.45546875 0.03125 0.0828125
0 0.20546875 0.38515625 0.0984375 0.1140625
0 0.13671875 0.459375 0.0859375 0.090625
0 0.06484375 0.525 0.0828125 0.090625
0 0.29375 0.45390625 0.09375 0.1015625
0 0.21171875 0.528125 0.0859375 0.078125
0 0.140625 0.60390625 0.078125 0.0828125
0 0.075 0.684375 0.09375 0.09375
0 0.01953125 0.76015625 0.0390625 0.0984375
0 0.803125 0.0625 0.075 0.078125
0 0.740625 0.115625 0.075 0.075
0 0.65859375 0.21328125 0.0515625 0.0515625
0 0.875 0.1171875 0.09375 0.09375
0 0.796875 0.2015625 0.09375 0.090625
0 0.9421875 0.18828125 0.09375 0.1015625
0 0.5125 0.3578125 0.0625 0.059375
0 0.44921875 0.43046875 0.1015625 0.1015625
0 0.365625 0.5234375 0.075 0.078125
0 0.28359375 0.58984375 0.0828125 0.0859375
0 0.21953125 0.6765625 0.0859375 0.109375
0 0.1421875 0.74140625 0.090625 0.0828125
0 0.65859375 0.34609375 0.0984375 0.0828125
0 0.58515625 0.4234375 0.0984375 0.10625
0 0.5140625 0.5046875 0.059375 0.0625
0 0.4296875 0.59453125 0.078125 0.1015625
0 0.36015625 0.6609375 0.0703125 0.078125
0 0.29765625 0.75078125 0.0546875 0.0703125
0 0.21875 0.80625 0.078125 0.075
0 0.146875 0.884375 0.090625 0.090625
0 0.06875 0.81484375 0.090625 0.0984375
0 0.021875 0.90078125 0.04375 0.0984375
0 0.08046875 0.9609375 0.1140625 0.078125
0 0.978125 0.021875 0.04375 0.04375
0 0.87734375 0.4390625 0.0984375 0.10625
0 0.653125 0.51640625 0.09375 0.0859375
0 0.578125 0.58828125 0.0625 0.0671875
0 0.51640625 0.66640625 0.0703125 0.0828125
0 0.43984375 0.734375 0.0828125 0.09375
0 0.3640625 0.8171875 0.09375 0.09375
0 0.29375 0.8828125 0.09375 0.09375
0 0.22421875 0.95859375 0.0984375 0.0828125
0 0.728125 0.584375 0.090625 0.090625
0 0.65703125 0.6609375 0.0859375 0.078125
0 0.5921875 0.7359375 0.090625 0.090625
0 0.50390625 0.80390625 0.0859375 0.0984375
0 0.43359375 0.890625 0.0703125 0.0625
0 0.3609375 0.95703125 0.059375 0.0859375
0 0.521875 0.94921875 0.090625 0.1015625
0 0.5859375 0.87109375 0.078125 0.0859375
0 0.6625 0.796875 0.059375 0.0625
0 0.746875 0.87890625 0.09375 0.1171875
0 0.66484375 0.9515625 0.0703125 0.075
0 0.740625 0.98828125 0.075 0.0234375
0 0.89296875 0.98828125 0.0828125 0.0234375
0 0.72734375 0.42421875 0.1328125 0.1140625
0 0.78984375 0.50234375 0.1015625 0.0984375
0 0.740625 0.73515625 0.075 0.1015625
0 0.81875 0.64453125 0.059375 0.0546875
0 0.890625 0.578125 0.078125 0.09375
0 0.9609375 0.51171875 0.078125 0.0859375
0 0.88984375 0.73046875 0.0984375 0.1171875
0 0.821875 0.803125 0.059375 0.075
0 0.8890625 0.87578125 0.075 0.1015625
0 0.953125 0.79765625 0.078125 0.0859375