0 0.2421875 0.0296875 0.09375 0.059375
0 0.1546875 0.0828125 0.059375 0.078125
0 0.1078125 0.15625 0.075 0.078125
0 0.0375 0.0765625 0.075 0.090625
0 0.03515625 0.22578125 0.0703125 0.0984375
0 0.32734375 0.078125 0.0984375 0.109375
0 0.24453125 0.146875 0.0984375 0.090625
0 0.16875 0.23125 0.078125 0.09375
0 0.0984375 0.2984375 0.078125 0.090625
0 0.3921875 0.015625 0.059375 0.03125
0 0.10078125 0.43984375 0.0984375 0.0984375
0 0.03125 0.5296875 0.0625 0.090625
0 0.09609375 0.58515625 0.0828125 0.0984375
0 0.0375 0.66484375 0.075 0.0859375
0 0.03515625 0.825 0.0703125 0.09375
0 0.11171875 0.75078125 0.0671875 0.0546875
0 0.18125 0.66875 0.059375 0.046875
0 0.25390625 0.59453125 0.0546875 0.0546875
0 0.32265625 0.51171875 0.0984375 0.0859375
0 0.39453125 0.58203125 0.1015625 0.0859375
0 0.4046875 0.4296875 0.090625 0.078125
0 0.475 0.5046875 0.090625 0.078125
0 0.3171875 0.3515625 0.0625 0.0625
0 0.2484375 0.29296875 0.075 0.0703125
0 0.31640625 0.2171875 0.0859375 0.090625
0 0.4 0.14453125 0.075 0.0703125
0 0.4609375 0.07421875 0.078125 0.0859375
0 0.54375 0.01953125 0.09375 0.0390625
0 0.61171875 0.053125 0.0828125 0.090625
0 0.5390625 0.1390625 0.078125 0.075
0 0.47109375 0.2171875 0.0984375 0.090625
0 0.475 0.340625 0.10625 0.109375
0 0.55703125 0.28046875 0.0828125 0.0828125
0 0.621875 0.20234375 0.09375 0.0984375
0 0.67421875 0.11953125 0.0828125 0.0984375
0 0.76015625 0.05546875 0.0984375 0.0859375
0 0.33671875 0.6640625 0.0703125 0.0625
0 0.2578125 0.73046875 0.09375 0.0859375
0 0.18828125 0.82109375 0.0859375 0.0859375
0 0.1078125 0.90234375 0.090625 0.0859375
0 0.41328125 0.73125 0.0984375 0.09375
0 0.3328125 0.7984375 0.09375 0.10625
0 0.26953125 0.88671875 0.0859375 0.0703125
0 0.18125 0.9609375 0.059375 0.0625
0 0.32421875 0.953125 0.0859375 0.09375
0 0.4140625 0.884375 0.046875 0.04375
0 0.484375 0.80546875 0.078125 0.0859375
0 0.559375 0.73046875 0.078125 0.0703125
0 0.54921875 0.58828125 0.0671875 0.0828125
0 0.62578125 0.6390625 0.0703125 0.059375
0 0.69375 0.578125 0.075 0.078125
0 0.775 0.5125 0.059375 0.0625
0 0.70234375 0.43671875 0.0515625 0.0515625
0 0.6390625 0.79375 0.090625 0.078125
0 0.553125 0.89140625 0.075 0.0859375
0 0.6234375 0.953125 0.075 0.078125
0 0.559375 0.984375 0.09375 0.03125
0 0.696875 0.2796875 0.059375 0.059375
0 0.853125 0.421875 0.075 0.078125
0 0.91484375 0.35625 0.0859375 0.078125
0 0.9125 0.4921875 0.075 0.078125
0 0.978125 0.42421875 0.04375 0.0828125
0 0.978125 0.5859375 0.04375 0.078125
0 0.68984375 0.015625 0.0828125 0.03125
0 0.765625 0.21015625 0.0625 0.0671875
0 0.84765625 0.12890625 0.0859375 0.0859375
0 0.91640625 0.0453125 0.0984375 0.090625
0 0.77421875 0.365625 0.0390625 0.04375
0 0.8609375 0.27734375 0.075 0.0859375
0 0.915625 0.20234375 0.090625 0.0984375
0 0.97421875 0.1171875 0.0515625 0.078125
0 0.97421875 0.73046875 0.0515625 0.1015625
0 0.9109375 0.78203125 0.09375 0.0859375
0 0.97421875 0.87578125 0.0515625 0.0984375