0 0.23515625 0.0390625 0.0859375 0.078125
0 0.37734375 0.03828125 0.0671875 0.0671875
0 0.0328125 0.01328125 0.065625 0.0265625
0 0.09296875 0.059375 0.0828125 0.078125
0 0.02734375 0.12109375 0.0546875 0.0859375
0 0.025 0.28125 0.05 0.078125
0 0.08828125 0.19140625 0.0984375 0.0859375
0 0.15625 0.12109375 0.09375 0.0859375
0 0.23828125 0.18671875 0.0703125 0.0671875
0 0.15703125 0.25390625 0.0859375 0.0859375
0 0.040625 0.4140625 0.08125 0.09375
0 0.09375 0.3484375 0.09375 0.078125
0 0.03125 0.57734375 0.0625 0.0828125
0 0.0984375 0.63515625 0.109375 0.1140625
0 0.16484375 0.53984375 0.0859375 0.0859375
0 0.24296875 0.48046875 0.0859375 0.0859375
0 0.2421875 0.34453125 0.078125 0.0859375
0 0.30859375 0.246875 0.0859375 0.0625
0 0.38671875 0.1765625 0.0859375 0.09375
0 0.4453125 0.10546875 0.078125 0.0859375
0 0.53203125 0.18671875 0.1015625 0.0984375
0 0.38671875 0.31484375 0.0859375 0.0828125
0 0.31171875 0.40234375 0.0828125 0.0859375
0 0.4625 0.25 0.090625 0.078125
0 0.6078125 0.11171875 0.090625 0.0828125
0 0.68046875 0.0390625 0.0859375 0.078125
0 0.53984375 0.34375 0.0859375 0.078125
0 0.62421875 0.26484375 0.0984375 0.0984375
0 0.68828125 0.19609375 0.0859375 0.1015625
0 0.7578125 0.11796875 0.09375 0.0859375
0 0.828125 0.0484375 0.09375 0.090625
0 0.321875 0.5609375 0.090625 0.090625
0 0.3984375 0.484375 0.078125 0.0625
0 0.47578125 0.56328125 0.0828125 0.0703125
0 0.4 0.63203125 0.090625 0.0828125
0 0.5453125 0.4859375 0.075 0.075
0 0.46875 0.4140625 0.046875 0.046875
0 0.62109375 0.41328125 0.0703125 0.0671875
0 0.69453125 0.35078125 0.0828125 0.0828125
0 0.76953125 0.2671875 0.0859375 0.090625
0 0.25078125 0.6375 0.0703125 0.078125
0 0.0390625 0.8671875 0.078125 0.078125
0 0.11796875 0.7828125 0.0859375 0.090625
0 0.18125 0.7125 0.090625 0.090625
0 0.1109375 0.93046875 0.075 0.0703125
0 0.1734375 0.86171875 0.090625 0.0828125
0 0.2640625 0.78359375 0.090625 0.0984375
0 0.40078125 0.78046875 0.0828125 0.0828125
0 0.475 0.7109375 0.090625 0.09375
0 0.5546875 0.64140625 0.078125 0.0859375
0 0.62734375 0.56640625 0.0671875 0.0859375
0 0.68984375 0.4890625 0.0984375 0.078125
0 0.771875 0.41640625 0.090625 0.0828125
0 0.5484375 0.78828125 0.090625 0.0671875
0 0.62734375 0.71953125 0.0984375 0.1171875
0 0.328125 0.8578125 0.078125 0.075
0 0.2625 0.93671875 0.078125 0.0828125
0 0.771875 0.578125 0.090625 0.109375
0 0.85 0.49921875 0.10625 0.0828125
0 0.77734375 0.7421875 0.1015625 0.09375
0 0.709375 0.7984375 0.090625 0.090625
0 0.62421875 0.87421875 0.0984375 0.1140625
0 0.40859375 0.93359375 0.0984375 0.0703125
0 0.340625 0.98046875 0.09375 0.0390625
0 0.47578125 0.9765625 0.0984375 0.046875
0 0.78125 0.88359375 0.078125 0.0703125
0 0.86640625 0.80859375 0.0984375 0.1015625
0 0.8515625 0.67109375 0.078125 0.0984375
0 0.91640625 0.5875 0.1140625 0.10625
0 0.97421875 0.6671875 0.0515625 0.09375
0 0.91796875 0.73359375 0.0859375 0.0984375
0 0.9859375 0.82109375 0.028125 0.0703125
0 0.91328125 0.8890625 0.0828125 0.090625
0 0.84453125 0.95703125 0.0703125 0.0859375
0 0.76953125 0.98828125 0.1015625 0.0234375
0 0.9765625 0.9625 0.046875 0.075
0 0.9703125 0.50390625 0.059375 0.0859375
0 0.91015625 0.43828125 0.0859375 0.0859375
0 0.8484375 0.36171875 0.09375 0.0828125
0 0.978125 0.36796875 0.04375 0.0703125
0 0.915625 0.27421875 0.090625 0.0859375
0 0.8375 0.19921875 0.10625 0.0859375
0 0.91015625 0.134375 0.0703125 0.075
0 0.97265625 0.21171875 0.0546875 0.0859375
0 0.9703125 0.06484375 0.059375 0.1140625
0 0.0375 0.709375 0.075 0.075
0 0.040625 0.9859375 0.075 0.028125
0 0.18515625 0.97421875 0.0984375 0.0515625