0 0.95859375 0.63828125 0.08203125 0.13046875
0 0.89375 0.7375 0.10546875 0.11484375
0 0.96640625 0.8171875 0.0671875 0.1203125
0 0.8796875 0.92421875 0.0765625 0.0859375
0 0.9703125 0.97578125 0.059375 0.04765625
0 0.80390625 0.97578125 0.12421875 0.04765625
0 0.70078125 0.93203125 0.1109375 0.1015625
0 0.79765625 0.8265625 0.12421875 0.1203125
0 0.71484375 0.73359375 0.0921875 0.0921875
0 0.628125 0.8359375 0.0921875 0.1015625
0 0.5515625 0.74453125 0.1109375 0.1015625
0 0.6265625 0.64375 0.09609375 0.0921875
0 0.62578125 0.98359375 0.0859375 0.0328125
0 0.90234375 0.53515625 0.1109375 0.10546875
0 0.97109375 0.4546875 0.0578125 0.10546875
0 0.8859375 0.36875 0.1015625 0.0859375
0 0.96640625 0.25390625 0.0671875 0.10546875
0 0.97578125 0.08203125 0.04765625 0.0921875
0 0.896875 0.17734375 0.1109375 0.10546875
0 0.8078125 0.28125 0.12421875 0.11484375
0 0.8 0.45234375 0.08203125 0.0921875
0 0.71640625 0.378125 0.09609375 0.10546875
0 0.7234375 0.55 0.1203125 0.11484375
0 0.8984375 0.03359375 0.11484375 0.0671875
0 0.70078125 0.009375 0.0921875 0.01875
0 0.8125 0.0859375 0.09609375 0.09609375
0 0.615625 0.09296875 0.0859375 0.08203125
0 0.515625 0.03046875 0.09609375 0.0609375
0 0.6953125 0.17890625 0.1109375 0.1015625
0 0.6203125 0.2703125 0.09609375 0.1109375
0 0.52578125 0.17890625 0.10546875 0.1015625
0 0.43359375 0.08046875 0.0859375 0.09609375
0 0.5375 0.37265625 0.1203125 0.12421875
0 0.43671875 0.271875 0.1109375 0.09609375
0 0.53515625 0.56796875 0.10546875 0.1015625
0 0.6328125 0.453125 0.08203125 0.08203125
0 0.45390625 0.46953125 0.09609375 0.09609375
0 0.353125 0.3703125 0.10546875 0.1015625
0 0.44921875 0.653125 0.0859375 0.0921875
0 0.35703125 0.5453125 0.10546875 0.10546875
0 0.44375 0.8265625 0.10546875 0.1015625
0 0.35859375 0.73359375 0.09609375 0.13046875
0 0.34765625 0.9328125 0.10546875 0.09609375
0 0.29921875 0.27265625 0.05390625 0.10546875
0 0.30078125 0.46640625 0.0578125 0.1015625
0 0.29609375 0.6484375 0.04765625 0.08203125
0 0.30078125 0.98359375 0.0578125 0.0328125