0 0.2765625 0.0671875 0.1015625 0.12109375
0 0.13359375 0.07578125 0.0484375 0.0484375
0 0.0484375 0.134375 0.06484375 0.06953125
0 0.121875 0.215625 0.1046875 0.1015625
0 0.05703125 0.303125 0.07265625 0.07734375
0 0.0140625 0.5203125 0.02734375 0.08515625
0 0.0453125 0.44296875 0.06484375 0.07265625
0 0.02421875 0.959375 0.0484375 0.07734375
0 0.071875 0.88203125 0.11796875 0.096875
0 0.22265625 0.98671875 0.11328125 0.02578125
0 0.13046875 0.95859375 0.09375 0.08203125
0 0.2203125 0.890625 0.1015625 0.096875
0 0.29140625 0.80546875 0.1046875 0.1046875
0 0.20390625 0.73125 0.11796875 0.1015625
0 0.12578125 0.65390625 0.096875 0.1015625
0 0.35859375 0.28203125 0.0890625 0.09375
0 0.28125 0.36875 0.11796875 0.11796875
0 0.19453125 0.45 0.0890625 0.096875
0 0.1140625 0.51484375 0.07265625 0.096875
0 0.2734375 0.51015625 0.08515625 0.12109375
0 0.45078125 0.3734375 0.13359375 0.153125
0 0.4203125 0.5 0.1046875 0.09375
0 0.37109375 0.58515625 0.06484375 0.07734375
0 0.296875 0.65234375 0.09375 0.1046875
0 0.5078125 0.58125 0.11328125 0.13359375
0 0.44453125 0.6796875 0.0890625 0.1046875
0 0.365625 0.73671875 0.08515625 0.096875
0 0.365625 0.89453125 0.1015625 0.1046875
0 0.43984375 0.8109375 0.07265625 0.109375
0 0.51796875 0.88515625 0.109375 0.11328125
0 0.59140625 0.66875 0.08515625 0.1046875
0 0.5890625 0.8046875 0.06484375 0.06484375
0 0.4328125 0.9625 0.09375 0.075
0 0.5140625 0.990625 0.09375 0.01875
0 0.66328125 0.88828125 0.0609375 0.06953125
0 0.59375 0.96171875 0.06484375 0.07265625
0 0.746875 0.8015625 0.08046875 0.096875
0 0.8296875 0.7265625 0.06953125 0.06953125
0 0.74296875 0.64375 0.0890625 0.08046875
0 0.671875 0.5734375 0.1015625 0.1015625
0 0.75078125 0.48671875 0.0890625 0.08046875
0 0.90390625 0.63515625 0.07265625 0.08046875
0 0.95703125 0.54296875 0.08515625 0.1046875
0 0.89375 0.47890625 0.0609375 0.06484375
0 0.82265625 0.409375 0.096875 0.096875
0 0.9578125 0.409375 0.08359375 0.096875
0 0.9015625 0.3390625 0.09375 0.09375
0 0.89765625 0.1859375 0.1015625 0.11796875
0 0.7421875 0.2203125 0.12890625 0.16953125
0 0.821875 0.1234375 0.06953125 0.0890625
0 0.89609375 0.053125 0.12421875 0.10625
0 0.7359375 0.05859375 0.1015625 0.1046875
0 0.65234375 0.01953125 0.1015625 0.0390625
0 0.58125 0.07109375 0.12109375 0.12890625
0 0.971875 0.015625 0.05625 0.03046875
0 0.97421875 0.2671875 0.0515625 0.08515625
0 0.96171875 0.70390625 0.07578125 0.0890625
0 0.88984375 0.77421875 0.06953125 0.07734375
0 0.95546875 0.84765625 0.0890625 0.11796875
0 0.81484375 0.87734375 0.08046875 0.08046875
0 0.740625 0.940625 0.0609375 0.07734375
0 0.6671875 0.984375 0.1015625 0.03046875
0 0.828125 0.984375 0.07578125 0.03046875
0 0.88828125 0.93359375 0.0890625 0.08046875
0 0.96328125 0.97109375 0.0734375 0.0578125