0 0.9796875 0.0421875 0.03984375 0.084375
0 0.93203125 0.13515625 0.12421875 0.1015625
0 0.978125 0.2203125 0.04375 0.05390625
0 0.96875 0.39453125 0.0625 0.1046875
0 0.9125 0.30078125 0.10546875 0.1109375
0 0.82734375 0.21171875 0.134375 0.1015625
0 0.73671875 0.09609375 0.12421875 0.1109375
0 0.825 0.0421875 0.1015625 0.084375
0 0.96875 0.58515625 0.0625 0.1015625
0 0.9078125 0.48828125 0.09609375 0.0921875
0 0.81640625 0.384375 0.1109375 0.1203125
0 0.7203125 0.2890625 0.1109375 0.11484375
0 0.63828125 0.165625 0.1109375 0.10546875
0 0.53984375 0.08984375 0.09609375 0.1109375
0 0.6359375 0.0390625 0.10625 0.078125
0 0.4484375 0.0328125 0.11484375 0.06484375
0 0.9609375 0.76640625 0.078125 0.0921875
0 0.896875 0.6609375 0.0921875 0.0921875
0 0.821875 0.56328125 0.11484375 0.11484375
0 0.72734375 0.46015625 0.10546875 0.1109375
0 0.63984375 0.3671875 0.09609375 0.10546875
0 0.5203125 0.26953125 0.12421875 0.159375
0 0.45078125 0.17265625 0.08203125 0.1109375
0 0.37265625 0.08984375 0.10546875 0.1109375
0 0.1921875 0.10859375 0.08203125 0.0859375
0 0.27578125 0.17890625 0.09609375 0.10546875
0 0.36796875 0.278125 0.09609375 0.1109375
0 0.54140625 0.45703125 0.1203125 0.12421875
0 0.634375 0.56484375 0.1109375 0.13046875
0 0.72578125 0.65390625 0.11484375 0.12421875
0 0.8125 0.74453125 0.11484375 0.10546875
0 0.89921875 0.853125 0.10546875 0.1015625
0 0.9703125 0.94375 0.059375 0.1015625
0 0.896875 0.9796875 0.13046875 0.03984375
0 0.80234375 0.93359375 0.11484375 0.1203125
0 0.721875 0.83125 0.0765625 0.0765625
0 0.63515625 0.74453125 0.0859375 0.12421875
0 0.53515625 0.6578125 0.0671875 0.0671875
0 0.453125 0.55859375 0.12421875 0.12421875
0 0.35859375 0.45 0.134375 0.1109375
0 0.27109375 0.3703125 0.0859375 0.10546875
0 0.178125 0.25703125 0.1109375 0.134375
0 0.0921875 0.18515625 0.0921875 0.10546875
0 0.07890625 0.015625 0.1109375 0.03046875
0 0.0234375 0.07421875 0.046875 0.0765625
0 0.08984375 0.346875 0.09609375 0.09609375
0 0.03046875 0.278125 0.0609375 0.1109375
0 0.1859375 0.4546875 0.09609375 0.1015625
0 0.271875 0.54921875 0.11484375 0.12421875
0 0.36015625 0.653125 0.1109375 0.134375
0 0.26953125 0.72578125 0.1015625 0.09609375
0 0.43984375 0.746875 0.10546875 0.13046875
0 0.54765625 0.83515625 0.13046875 0.11484375
0 0.6109375 0.92890625 0.11484375 0.14140625
0 0.71015625 0.984375 0.1015625 0.03046875
0 0.03046875 0.46015625 0.0609375 0.1109375
0 0.096875 0.53984375 0.1015625 0.1109375
0 0.02578125 0.63671875 0.0515625 0.1015625
0 0.084375 0.7359375 0.11484375 0.11484375
0 0.1859375 0.82890625 0.11484375 0.1203125
0 0.259375 0.92265625 0.08203125 0.0859375
0 0.44453125 0.9125 0.09609375 0.12421875
0 0.35625 0.971875 0.13046875 0.05546875
0 0.02890625 0.80546875 0.0578125 0.1015625
0 0.02578125 0.9625 0.0515625 0.075
0 0.0921875 0.8953125 0.1109375 0.1203125
0 0.178125 0.9703125 0.1109375 0.059375