0 0.975 0.07421875 0.05 0.1109375
0 0.775 0.02734375 0.11796875 0.05390625
0 0.97890625 0.22578125 0.0421875 0.1234375
0 0.9328125 0.32421875 0.084375 0.1015625
0 0.97890625 0.3875 0.0421875 0.09296875
0 0.84765625 0.21875 0.084375 0.09296875
0 0.77109375 0.1484375 0.09296875 0.09765625
0 0.69609375 0.0671875 0.084375 0.08125
0 0.6171875 0.01171875 0.08984375 0.0234375
0 0.45625 0.02421875 0.09375 0.0484375
0 0.5421875 0.08125 0.09765625 0.11484375
0 0.6875 0.2390625 0.084375 0.09296875
0 0.7703125 0.31875 0.09765625 0.10625
0 0.8625 0.3921875 0.10625 0.084375
0 0.62734375 0.15859375 0.07578125 0.1015625
0 0.69453125 0.3859375 0.09765625 0.08984375
0 0.61796875 0.3125 0.08125 0.08125
0 0.5375 0.21796875 0.11484375 0.11796875
0 0.45 0.13515625 0.09296875 0.09765625
0 0.37890625 0.05390625 0.09296875 0.084375
0 0.29921875 0.009375 0.084375 0.01875
0 0.071875 0.0484375 0.10625 0.09609375
0 0.1453125 0.12890625 0.08125 0.09296875
0 0.2203125 0.0609375 0.10625 0.121875
0 0.22109375 0.21171875 0.09765625 0.10625
0 0.3046875 0.14375 0.08984375 0.08125
0 0.38359375 0.2203125 0.1015625 0.10625
0 0.30234375 0.29921875 0.084375 0.1015625
0 0.4578125 0.30390625 0.11484375 0.11484375
0 0.146875 0.28828125 0.11796875 0.10625
0 0.22265625 0.37265625 0.1015625 0.08984375
0 0.37578125 0.3890625 0.08984375 0.08984375
0 0.5328125 0.3796875 0.08984375 0.09765625
0 0.05390625 0.178125 0.084375 0.08984375
0 0.025 0.103125 0.05 0.09375
0 0.0171875 0.27421875 0.03359375 0.11328125
0 0.06171875 0.36015625 0.09296875 0.09765625
0 0.01875 0.41328125 0.0375 0.0421875
0 0.13984375 0.41328125 0.11484375 0.0421875