0 0.0234375 0.046875 0.046875 0.078125
0 0.01953125 0.19453125 0.0390625 0.0671875
0 0.025 0.33671875 0.05 0.0890625
0 0.075 0.26171875 0.09375 0.0859375
0 0.084375 0.421875 0.090625 0.09375
0 0.084375 0.11875 0.075 0.075
0 0.15546875 0.04765625 0.0828125 0.0859375
0 0.15625 0.18984375 0.078125 0.0828125
0 0.228125 0.10859375 0.090625 0.0828125
0 0.29765625 0.0328125 0.0671875 0.065625
0 0.15859375 0.353125 0.0671875 0.075
0 0.22578125 0.2796875 0.0984375 0.090625
0 0.29609375 0.2078125 0.0828125 0.078125
0 0.38515625 0.11640625 0.0671875 0.0671875
0 0.44765625 0.04296875 0.0984375 0.0859375
0 0.59453125 0.0625 0.1015625 0.09375
0 0.44453125 0.19375 0.0828125 0.090625
0 0.3796875 0.271875 0.09375 0.10625
0 0.30703125 0.3484375 0.0828125 0.09375
0 0.2328125 0.4078125 0.090625 0.075
0 0.15 0.5078125 0.075 0.078125
0 0.30703125 0.49609375 0.0828125 0.0703125
0 0.3015625 0.65078125 0.09375 0.0984375
0 0.15234375 0.646875 0.0859375 0.090625
0 0.0234375 0.79765625 0.046875 0.0859375
0 0.16875 0.809375 0.078125 0.109375
0 0.22890625 0.5765625 0.0984375 0.10625
0 0.025 0.65390625 0.05 0.0984375
0 0.078125 0.73125 0.109375 0.109375
0 0.02734375 0.94375 0.0546875 0.10625
0 0.25 0.98046875 0.109375 0.0390625
0 0.1640625 0.9375 0.09375 0.078125
0 0.2390625 0.86953125 0.078125 0.0984375
0 0.31875 0.921875 0.075 0.09375
0 0.3890625 0.8484375 0.090625 0.09375
0 0.31953125 0.775 0.0828125 0.090625
0 0.396875 0.71171875 0.10625 0.0859375
0 0.46484375 0.6265625 0.0859375 0.075
0 0.45390625 0.79609375 0.0703125 0.0828125
0 0.5171875 0.5484375 0.075 0.075
0 0.453125 0.47890625 0.078125 0.0828125
0 0.5234375 0.4109375 0.09375 0.078125
0 0.61328125 0.47890625 0.1171875 0.0828125
0 0.6734375 0.41015625 0.075 0.0703125
0 0.75234375 0.340625 0.0984375 0.09375
0 0.671875 0.2671875 0.125 0.10625
0 0.6 0.19609375 0.075 0.0703125
0 0.51015625 0.2703125 0.0828125 0.09375
0 0.76484375 0.1890625 0.0828125 0.075
0 0.82734375 0.1140625 0.1140625 0.09375
0 0.7421875 0.5015625 0.09375 0.10625
0 0.65703125 0.571875 0.0859375 0.075
0 0.8296875 0.3984375 0.090625 0.078125
0 0.89296875 0.49296875 0.1140625 0.1171875
0 0.8171875 0.5625 0.09375 0.078125
0 0.74453125 0.6453125 0.0984375 0.078125
0 0.68125 0.72265625 0.10625 0.1171875
0 0.60234375 0.79375 0.0859375 0.109375
0 0.525 0.86015625 0.090625 0.0859375
0 0.4546875 0.953125 0.10625 0.09375
0 0.53515625 0.9859375 0.0859375 0.028125
0 0.59609375 0.93046875 0.0828125 0.0859375
0 0.67890625 0.97421875 0.1015625 0.0515625
0 0.68359375 0.86796875 0.0859375 0.1015625
0 0.76171875 0.790625 0.0859375 0.075
0 0.896875 0.63203125 0.075 0.0828125
0 0.96484375 0.5546875 0.0703125 0.078125
0 0.90859375 0.3484375 0.0671875 0.09375
0 0.95859375 0.25390625 0.0828125 0.1015625
0 0.884375 0.19921875 0.090625 0.1015625
0 0.9609375 0.121875 0.078125 0.09375
0 0.9625 0.72109375 0.075 0.0984375
0 0.890625 0.7890625 0.109375 0.09375
0 0.82734375 0.86171875 0.0671875 0.0828125
0 0.7671875 0.94140625 0.090625 0.1015625
0 0.88359375 0.94453125 0.1015625 0.0828125
0 0.95703125 0.98203125 0.0859375 0.0359375
0 0.96484375 0.85625 0.0703125 0.09375
0 0.953125 0.0296875 0.078125 0.059375