0 0.98515625 0.246875 0.0296875 0.12265625
0 0.9421875 0.18125 0.08359375 0.09609375
0 0.9296875 0.0203125 0.1015625 0.03984375
0 0.78125 0.02890625 0.08359375 0.0578125
0 0.865625 0.08046875 0.0703125 0.0703125
0 0.778125 0.16171875 0.1046875 0.11015625
0 0.69765625 0.08203125 0.08359375 0.08359375
0 0.61796875 0.01796875 0.1046875 0.0359375
0 0.45546875 0.01796875 0.1046875 0.0359375
0 0.528125 0.08828125 0.1015625 0.11328125
0 0.61640625 0.1640625 0.09609375 0.1015625
0 0.7 0.24921875 0.07890625 0.09296875
0 0.28515625 0.01796875 0.1140625 0.0359375
0 0.36171875 0.0828125 0.11875 0.10859375
0 0.4546875 0.16796875 0.0875 0.1046875
0 0.53125 0.23671875 0.08359375 0.09609375
0 0.621875 0.30703125 0.09609375 0.09609375
0 0.3703125 0.2265625 0.1015625 0.11015625
0 0.940625 0.32890625 0.0875 0.0875
0 0.86796875 0.265625 0.09296875 0.1015625
0 0.9921875 0.42734375 0.015625 0.09296875
0 0.7890625 0.3484375 0.11015625 0.12734375
0 0.86640625 0.43203125 0.09609375 0.1015625
0 0.946875 0.50546875 0.09296875 0.1015625
0 0.690625 0.42578125 0.1046875 0.11328125
0 0.78203125 0.50859375 0.09609375 0.0875
0 0.86171875 0.59375 0.0875 0.09296875
0 0.93515625 0.68359375 0.1046875 0.1046875
0 0.9875 0.76796875 0.02421875 0.11015625
0 0.1203125 0.015625 0.08359375 0.03125
0 0.190625 0.046875 0.08359375 0.08359375
0 0.28203125 0.15625 0.0578125 0.0578125
0 0.046875 0.05078125 0.09375 0.1015625
0 0.12734375 0.14296875 0.1046875 0.1015625
0 0.44609375 0.31796875 0.0703125 0.06640625
0 0.51640625 0.39921875 0.11328125 0.11328125
0 0.61015625 0.503125 0.08359375 0.0875
0 0.7015625 0.578125 0.09296875 0.09609375
0 0.7734375 0.675 0.09609375 0.12265625
0 0.86015625 0.74765625 0.1015625 0.09296875
0 0.28203125 0.3046875 0.11015625 0.09296875
0 0.36484375 0.39140625 0.11015625 0.11875
0 0.44375 0.4828125 0.06640625 0.0703125
0 0.53828125 0.5828125 0.0875 0.11328125
0 0.61640625 0.65703125 0.07890625 0.0875
0 0.6859375 0.7578125 0.0609375 0.07890625
0 0.77421875 0.8203125 0.0875 0.08359375
0 0.8546875 0.90703125 0.1015625 0.1015625
0 0.9421875 0.8296875 0.1015625 0.11015625
0 0.98515625 0.92578125 0.0296875 0.11015625
0 0.9296875 0.97421875 0.128125 0.0515625
0 0.046875 0.409375 0.09375 0.11875
0 0.28828125 0.4953125 0.1046875 0.09609375
0 0.37265625 0.57578125 0.0703125 0.075
0 0.44140625 0.66328125 0.07890625 0.09296875
0 0.52734375 0.73984375 0.09296875 0.1046875
0 0.61171875 0.83203125 0.1046875 0.1046875
0 0.690625 0.90546875 0.1046875 0.1046875
0 0.76796875 0.971875 0.11015625 0.05625
0 0.2046875 0.571875 0.1015625 0.1015625
0 0.284375 0.65703125 0.09609375 0.0875
0 0.35703125 0.74140625 0.1015625 0.1015625
0 0.45546875 0.8171875 0.09609375 0.11015625
0 0.534375 0.9140625 0.07890625 0.0703125
0 0.615625 0.9703125 0.06640625 0.059375
0 0.43515625 0.96171875 0.1015625 0.0765625
0 0.36328125 0.8921875 0.0875 0.09609375
0 0.278125 0.809375 0.06640625 0.0703125
0 0.18359375 0.9015625 0.1046875 0.13125
0 0.275 0.9703125 0.07890625 0.059375
0 0.20546875 0.3921875 0.1484375 0.12734375
0 0.13515625 0.4796875 0.11328125 0.11015625
0 0.190625 0.740625 0.08359375 0.11328125
0 0.103125 0.6390625 0.06640625 0.0609375
0 0.03359375 0.56484375 0.06640625 0.1046875
0 0.03984375 0.734375 0.0796875 0.13125
0 0.1 0.81640625 0.06640625 0.08359375
0 0.03359375 0.89765625 0.06640625 0.11328125