0 0.02578125 0.03359375 0.0515625 0.0671875
0 0.16015625 0.03515625 0.0953125 0.0703125
0 0.0859375 0.1125 0.09140625 0.11796875
0 0.02421875 0.18203125 0.0484375 0.11796875
0 0.0828125 0.271875 0.13828125 0.13515625
0 0.08515625 0.421875 0.11796875 0.12109375
0 0.02421875 0.5234375 0.0484375 0.09140625
0 0.02421875 0.671875 0.0484375 0.1125
0 0.03046875 0.83203125 0.0609375 0.12109375
0 0.0953125 0.759375 0.10390625 0.10390625
0 0.17421875 0.17734375 0.0953125 0.09140625
0 0.246875 0.0984375 0.078125 0.065625
0 0.315625 0.03828125 0.1125 0.07578125
0 0.24765625 0.27109375 0.10390625 0.1125
0 0.32734375 0.17109375 0.1 0.10390625
0 0.40078125 0.08359375 0.109375 0.0953125
0 0.48671875 0.03125 0.09140625 0.0625
0 0.65625 0.0296875 0.09140625 0.05859375
0 0.5734375 0.0921875 0.109375 0.1125
0 0.4890625 0.17890625 0.078125 0.0953125
0 0.403125 0.253125 0.12109375 0.078125
0 0.33671875 0.35 0.09140625 0.109375
0 0.24375 0.4328125 0.1 0.11796875
0 0.15625 0.52109375 0.0953125 0.12109375
0 0.24921875 0.6 0.11796875 0.13515625
0 0.171875 0.684375 0.05703125 0.07421875
0 0.328125 0.5171875 0.07421875 0.08671875
0 0.40625 0.4296875 0.10390625 0.1296875
0 0.5046875 0.33203125 0.1265625 0.13515625
0 0.57890625 0.23515625 0.09140625 0.08671875
0 0.65859375 0.1625 0.0953125 0.10390625
0 0.740625 0.07578125 0.10390625 0.10390625
0 0.8234375 0.01796875 0.090625 0.0359375
0 0.034375 0.96953125 0.06875 0.0578125
0 0.10625 0.91015625 0.09140625 0.08671875
0 0.17734375 0.83671875 0.0953125 0.0953125
0 0.26640625 0.75546875 0.11796875 0.1125
0 0.42265625 0.5796875 0.109375 0.11796875
0 0.578125 0.41953125 0.0828125 0.1265625
0 0.50078125 0.503125 0.09140625 0.10390625
0 0.65546875 0.33203125 0.1 0.11796875
0 0.7375 0.2421875 0.109375 0.1
0 0.80859375 0.15859375 0.0953125 0.0953125
0 0.88671875 0.078125 0.1125 0.1
0 0.95859375 0.02109375 0.0828125 0.04140625
0 0.1828125 0.9765625 0.0953125 0.046875
0 0.3421875 0.83359375 0.06953125 0.0828125
0 0.27109375 0.9140625 0.109375 0.1125
0 0.409375 0.73515625 0.109375 0.11796875
0 0.5734375 0.5890625 0.09140625 0.09140625
0 0.51015625 0.6703125 0.10390625 0.109375
0 0.64765625 0.5015625 0.09140625 0.1
0 0.73671875 0.41875 0.1 0.1
0 0.815625 0.3203125 0.109375 0.1
0 0.88984375 0.23515625 0.09140625 0.10390625
0 0.96875 0.15859375 0.0625 0.0953125
0 0.9625 0.32734375 0.07421875 0.10390625
0 0.8984375 0.4125 0.109375 0.1125
0 0.80625 0.503125 0.0828125 0.08671875
0 0.7421875 0.59140625 0.1 0.1
0 0.96953125 0.49921875 0.0609375 0.0953125
0 0.8984375 0.57265625 0.109375 0.10390625
0 0.8296875 0.659375 0.09140625 0.08671875
0 0.7515625 0.74765625 0.07421875 0.0828125
0 0.659375 0.6765625 0.11796875 0.12109375
0 0.5796875 0.7671875 0.08671875 0.078125
0 0.6625 0.8390625 0.10390625 0.0828125
0 0.49140625 0.83671875 0.13515625 0.1125
0 0.40546875 0.91171875 0.09140625 0.1
0 0.3390625 0.98046875 0.1 0.0390625
0 0.57578125 0.89765625 0.08671875 0.08671875
0 0.49765625 0.96796875 0.0953125 0.0640625
0 0.65078125 0.959375 0.11796875 0.08125
0 0.815625 0.96328125 0.09140625 0.07265625
0 0.74453125 0.896875 0.0953125 0.0953125
0 0.9 0.89453125 0.08671875 0.0828125
0 0.9046875 0.72890625 0.08671875 0.078125
0 0.9609375 0.66171875 0.078125 0.09140625
0 0.96484375 0.8078125 0.0703125 0.1
0 0.97578125 0.9703125 0.0484375 0.05859375