0 0.24609375 0.03046875 0.09609375 0.0609375
0 0.15625 0.084375 0.0609375 0.0796875
0 0.10859375 0.159375 0.0765625 0.0796875
0 0.0375 0.078125 0.075 0.09296875
0 0.03515625 0.23046875 0.0703125 0.10078125
0 0.3328125 0.0796875 0.10078125 0.11171875
0 0.2484375 0.15 0.10078125 0.09296875
0 0.17109375 0.23671875 0.0796875 0.09609375
0 0.09921875 0.30546875 0.0796875 0.09296875
0 0.39921875 0.015625 0.0609375 0.03125
0 0.1015625 0.45 0.10078125 0.10078125
0 0.03125 0.54140625 0.0625 0.09296875
0 0.096875 0.5984375 0.084375 0.10078125
0 0.0375 0.6796875 0.075 0.0875
0 0.03515625 0.84375 0.0703125 0.09609375
0 0.1125 0.7671875 0.06875 0.05625
0 0.18359375 0.68359375 0.0609375 0.04765625
0 0.2578125 0.6078125 0.05625 0.05625
0 0.328125 0.5234375 0.10078125 0.0875
0 0.4015625 0.5953125 0.10390625 0.0875
0 0.4125 0.4390625 0.09296875 0.0796875
0 0.484375 0.515625 0.09296875 0.0796875
0 0.32265625 0.359375 0.0640625 0.0640625
0 0.25234375 0.29921875 0.0765625 0.071875
0 0.321875 0.221875 0.0875 0.09296875
0 0.40703125 0.14765625 0.0765625 0.071875
0 0.46953125 0.07578125 0.0796875 0.0875
0 0.5546875 0.0203125 0.09609375 0.03984375
0 0.6234375 0.0546875 0.084375 0.09296875
0 0.54921875 0.1421875 0.0796875 0.0765625
0 0.4796875 0.221875 0.10078125 0.09296875
0 0.484375 0.3484375 0.10859375 0.11171875
0 0.56796875 0.28671875 0.084375 0.084375
0 0.634375 0.20703125 0.09609375 0.10078125
0 0.6875 0.121875 0.084375 0.10078125
0 0.77578125 0.05703125 0.10078125 0.0875
0 0.34296875 0.67890625 0.071875 0.0640625
0 0.26171875 0.746875 0.09609375 0.0875
0 0.190625 0.83984375 0.0875 0.0875
0 0.10859375 0.92265625 0.09296875 0.0875
0 0.42109375 0.74765625 0.10078125 0.09609375
0 0.33828125 0.81640625 0.09609375 0.10859375
0 0.27421875 0.90625 0.0875 0.071875
0 0.18359375 0.975 0.0609375 0.04921875
0 0.3296875 0.96328125 0.0875 0.0734375
0 0.421875 0.90390625 0.04765625 0.04453125
0 0.49375 0.8234375 0.0796875 0.0875
0 0.5703125 0.746875 0.0796875 0.071875
0 0.56015625 0.6015625 0.06875 0.084375
0 0.63828125 0.653125 0.071875 0.0609375
0 0.7078125 0.59140625 0.0765625 0.0796875
0 0.790625 0.52421875 0.0609375 0.0640625
0 0.71640625 0.446875 0.05234375 0.05234375
0 0.6515625 0.81171875 0.09296875 0.0796875
0 0.5640625 0.91171875 0.0765625 0.0875
0 0.6359375 0.9671875 0.0765625 0.065625
0 0.5703125 0.9953125 0.09609375 0.009375
0 0.7109375 0.2859375 0.0609375 0.0609375
0 0.8703125 0.43125 0.0765625 0.0796875
0 0.93359375 0.3640625 0.0875 0.0796875
0 0.93125 0.503125 0.0765625 0.0796875
0 0.9875 0.4328125 0.025 0.084375
0 0.9875 0.59921875 0.025 0.0796875
0 0.703125 0.015625 0.084375 0.03125
0 0.78125 0.21484375 0.0640625 0.06875
0 0.86484375 0.13203125 0.0875 0.0875
0 0.934375 0.04609375 0.1 0.0921875
0 0.78984375 0.3734375 0.03984375 0.04453125
0 0.87890625 0.28359375 0.0765625 0.0875
0 0.934375 0.20703125 0.09296875 0.10078125
0 0.98359375 0.11953125 0.0328125 0.0796875
0 0.98359375 0.74609375 0.0328125 0.1046875
0 0.9296875 0.79921875 0.09609375 0.0875
0 0.98359375 0.89453125 0.0328125 0.1015625