0 0.2265625 0.015625 0.0984375 0.03125
0 0.134375 0.05546875 0.0625 0.08203125
0 0.08515625 0.1328125 0.07890625 0.08203125
0 0.02578125 0.04921875 0.05078125 0.0953125
0 0.02265625 0.2046875 0.0453125 0.103125
0 0.315625 0.05390625 0.103125 0.1078125
0 0.22890625 0.12265625 0.103125 0.0953125
0 0.14921875 0.21171875 0.08203125 0.0984375
0 0.07578125 0.28203125 0.08203125 0.0953125
0 0.078125 0.43046875 0.103125 0.103125
0 0.01875 0.52421875 0.0375 0.0953125
0 0.07265625 0.5828125 0.08671875 0.103125
0 0.02578125 0.66640625 0.05078125 0.08984375
0 0.02265625 0.83359375 0.0453125 0.0984375
0 0.0890625 0.75625 0.0703125 0.05703125
0 0.1625 0.6703125 0.0625 0.04921875
0 0.23828125 0.59296875 0.05703125 0.05703125
0 0.3109375 0.50546875 0.103125 0.08984375
0 0.3859375 0.5796875 0.10625 0.08984375
0 0.396875 0.41953125 0.0953125 0.08203125
0 0.4703125 0.4984375 0.0953125 0.08203125
0 0.3046875 0.3375 0.065625 0.065625
0 0.2328125 0.2765625 0.07890625 0.0734375
0 0.30390625 0.196875 0.08984375 0.0953125
0 0.3921875 0.1203125 0.07890625 0.0734375
0 0.45546875 0.046875 0.08203125 0.08984375
0 0.54296875 0.0046875 0.0984375 0.009375
0 0.6140625 0.0359375 0.08671875 0.071875
0 0.5375 0.11484375 0.08203125 0.07890625
0 0.46640625 0.196875 0.103125 0.0953125
0 0.4703125 0.3265625 0.11171875 0.11484375
0 0.55625 0.26328125 0.08671875 0.08671875
0 0.62421875 0.18125 0.0984375 0.103125
0 0.6796875 0.09453125 0.08671875 0.103125
0 0.76953125 0.0359375 0.103125 0.071875
0 0.32578125 0.665625 0.0734375 0.065625
0 0.24296875 0.73515625 0.0984375 0.08984375
0 0.16953125 0.83046875 0.08984375 0.08984375
0 0.08515625 0.915625 0.0953125 0.08984375
0 0.40546875 0.7359375 0.103125 0.0984375
0 0.32109375 0.80625 0.0984375 0.11171875
0 0.2546875 0.89921875 0.08984375 0.0734375
0 0.1625 0.971875 0.0625 0.05546875
0 0.31171875 0.959375 0.0890625 0.08125
0 0.40625 0.896875 0.04921875 0.04609375
0 0.48046875 0.8140625 0.08203125 0.08984375
0 0.559375 0.73515625 0.08203125 0.0734375
0 0.5484375 0.5859375 0.0703125 0.08671875
0 0.62890625 0.6390625 0.0734375 0.0625
0 0.7 0.57578125 0.07890625 0.08203125
0 0.78515625 0.50625 0.0625 0.065625
0 0.709375 0.42734375 0.05390625 0.05390625
0 0.64296875 0.8015625 0.0953125 0.08203125
0 0.55234375 0.90390625 0.07890625 0.08984375
0 0.6265625 0.9640625 0.07890625 0.071875
0 0.55859375 0.9921875 0.0984375 0.015625
0 0.703125 0.2625 0.0625 0.0625
0 0.8671875 0.41171875 0.07890625 0.08203125
0 0.93203125 0.34296875 0.08984375 0.08203125
0 0.9296875 0.48515625 0.07890625 0.08203125
0 0.9875 0.4140625 0.02421875 0.08671875
0 0.9875 0.58359375 0.02421875 0.08203125
0 0.77578125 0.1890625 0.065625 0.0703125
0 0.86171875 0.10390625 0.08984375 0.08984375
0 0.93359375 0.03203125 0.103125 0.0640625
0 0.784375 0.35234375 0.040625 0.04609375
0 0.87578125 0.26015625 0.07890625 0.08984375
0 0.9328125 0.18125 0.0953125 0.103125
0 0.98359375 0.0921875 0.0328125 0.08203125
0 0.98359375 0.73515625 0.0328125 0.10625
0 0.928125 0.7890625 0.0984375 0.08984375
0 0.98359375 0.8875 0.0328125 0.103125