0 0.9921875 0.6265625 0.015625 0.08984375
0 0.9359375 0.5390625 0.08125 0.084375
0 0.98828125 0.4640625 0.0234375 0.0984375
0 0.98828125 0.31875 0.0234375 0.1015625
0 0.94140625 0.221875 0.0765625 0.06796875
0 0.9859375 0.15625 0.028125 0.08125
0 0.9921875 0.01796875 0.015625 0.0359375
0 0.94609375 0.07265625 0.1015625 0.1015625
0 0.8703125 0.01796875 0.09296875 0.0359375
0 0.78984375 0.06875 0.1015625 0.09296875
0 0.8703125 0.315625 0.11015625 0.11875
0 0.9359375 0.39140625 0.08125 0.084375
0 0.70703125 0.309375 0.08125 0.10703125
0 0.784375 0.38828125 0.1015625 0.115625
0 0.7 0.14609375 0.084375 0.084375
0 0.8671875 0.1484375 0.10546875 0.08984375
0 0.71171875 0.015625 0.0984375 0.03046875
0 0.63671875 0.07109375 0.09296875 0.0984375
0 0.55078125 0.01953125 0.0984375 0.0390625
0 0.55078125 0.1515625 0.08125 0.08984375
0 0.63671875 0.21953125 0.09296875 0.08984375
0 0.5484375 0.2875 0.09296875 0.08984375
0 0.465625 0.221875 0.07265625 0.06796875
0 0.38359375 0.15625 0.07265625 0.08125
0 0.3921875 0.3140625 0.08984375 0.0765625
0 0.45859375 0.390625 0.09296875 0.09296875
0 0.62734375 0.38046875 0.0984375 0.08984375
0 0.29765625 0.221875 0.0765625 0.084375
0 0.6984375 0.45859375 0.0984375 0.09296875
0 0.8703125 0.45859375 0.09296875 0.09296875
0 0.7765625 0.5390625 0.1015625 0.1015625
0 0.86796875 0.621875 0.0984375 0.0984375
0 0.62734375 0.5328125 0.0984375 0.10703125
0 0.70546875 0.62578125 0.1015625 0.115625
0 0.77890625 0.69609375 0.08984375 0.09296875
0 0.934375 0.70234375 0.10703125 0.10703125
0 0.990625 0.77734375 0.01875 0.08984375
0 0.93984375 0.87421875 0.10703125 0.11875
0 0.9796875 0.9390625 0.040625 0.08125
0 0.9359375 0.9828125 0.0984375 0.03359375
0 0.77421875 0.98515625 0.1078125 0.0296875
0 0.69609375 0.95078125 0.0765625 0.084375
0 0.78046875 0.8609375 0.09296875 0.084375
0 0.8609375 0.77890625 0.084375 0.07265625
0 0.70625 0.78359375 0.10703125 0.10703125
0 0.6078125 0.696875 0.09296875 0.084375
0 0.5359375 0.6375 0.084375 0.1015625
0 0.4625 0.70390625 0.084375 0.0765625
0 0.5515625 0.78359375 0.09296875 0.08984375
0 0.61875 0.865625 0.08125 0.0765625
0 0.534375 0.9359375 0.0765625 0.08125
0 0.46015625 0.86640625 0.08984375 0.084375
0 0.36796875 0.7875 0.0984375 0.08984375
0 0.30234375 0.70546875 0.09296875 0.084375
0 0.37421875 0.95 0.084375 0.09296875
0 0.29296875 0.871875 0.084375 0.08984375
0 0.38671875 0.46171875 0.084375 0.08984375
0 0.24375 0.29375 0.07265625 0.103125
0 0.23046875 0.6171875 0.05078125 0.0609375
0 0.228125 0.790625 0.04609375 0.0796875
0 0.23203125 0.9515625 0.04765625 0.0796875
0 0.23828125 0.0234375 0.0609375 0.046875