0 0.96796875 0.16328125 0.0640625 0.10703125
0 0.91640625 0.08359375 0.10703125 0.08828125
0 0.98125 0.33984375 0.0375 0.07265625
0 0.928125 0.25 0.11015625 0.11015625
0 0.83359375 0.1609375 0.084375 0.084375
0 0.97890625 0.4859375 0.0421875 0.07265625
0 0.92578125 0.40703125 0.115625 0.11875
0 0.84609375 0.33828125 0.0984375 0.10703125
0 0.76640625 0.24453125 0.1015625 0.10703125
0 0.6796875 0.16328125 0.0984375 0.10703125
0 0.75859375 0.0921875 0.09296875 0.10546875
0 0.6734375 0.0296875 0.11015625 0.059375
0 0.3625 0.02109375 0.115625 0.0421875
0 0.53359375 0.034375 0.1015625 0.06875
0 0.6015625 0.0890625 0.084375 0.09296875
0 0.43359375 0.09296875 0.0984375 0.1015625
0 0.52109375 0.16875 0.09296875 0.08984375
0 0.6015625 0.25234375 0.1015625 0.115625
0 0.7671875 0.4 0.09296875 0.08125
0 0.846875 0.4859375 0.11015625 0.10703125
0 0.9234375 0.56953125 0.1015625 0.0640625
0 0.97421875 0.65546875 0.05078125 0.08984375
0 0.97421875 0.80625 0.05078125 0.09296875
0 0.9109375 0.72890625 0.0765625 0.06796875
0 0.8421875 0.653125 0.1015625 0.09296875
0 0.76015625 0.56640625 0.10703125 0.0984375
0 0.684375 0.48359375 0.0984375 0.11015625
0 0.596875 0.40859375 0.1015625 0.13203125
0 0.51015625 0.32109375 0.0984375 0.10703125
0 0.68125 0.33125 0.06796875 0.09296875
0 0.44140625 0.22265625 0.10703125 0.08984375
0 0.3578125 0.15703125 0.0984375 0.09296875
0 0.27578125 0.0765625 0.11015625 0.1015625
0 0.1984375 0.15390625 0.1015625 0.0984375
0 0.27421875 0.23671875 0.084375 0.08984375
0 0.3640625 0.31875 0.1015625 0.1015625
0 0.44375 0.40703125 0.1015625 0.1015625
0 0.5234375 0.49375 0.0984375 0.1234375
0 0.60859375 0.57265625 0.08125 0.1015625
0 0.6796875 0.6609375 0.0984375 0.11875
0 0.84296875 0.80703125 0.09296875 0.0984375
0 0.91640625 0.896875 0.08984375 0.115625
0 0.9765625 0.95234375 0.046875 0.0921875
0 0.91875 0.99296875 0.1359375 0.01328125
0 0.8296875 0.9578125 0.09296875 0.084375
0 0.75859375 0.8828125 0.0765625 0.0640625
0 0.690625 0.80625 0.11015625 0.11015625
0 0.596875 0.72265625 0.1015625 0.10703125
0 0.52265625 0.634375 0.08984375 0.07265625
0 0.4484375 0.5515625 0.09296875 0.09296875
0 0.365625 0.4734375 0.10703125 0.10703125
0 0.2859375 0.38828125 0.10703125 0.0984375
0 0.2015625 0.30390625 0.0984375 0.08984375
0 0.1265625 0.2140625 0.11015625 0.08984375
0 0.6796875 0.9515625 0.0984375 0.096875
0 0.6078125 0.86875 0.10703125 0.09296875
0 0.52265625 0.80078125 0.08984375 0.09296875
0 0.4390625 0.71875 0.0984375 0.13203125
0 0.35078125 0.6234375 0.1015625 0.1015625
0 0.2796875 0.54140625 0.084375 0.08984375
0 0.1265625 0.37578125 0.09296875 0.10703125
0 0.1984375 0.459375 0.084375 0.0984375
0 0.034375 0.47265625 0.06875 0.0734375
0 0.11171875 0.54375 0.115625 0.115625
0 0.20078125 0.6296875 0.08984375 0.08984375
0 0.28125 0.7125 0.115625 0.11015625
0 0.35703125 0.79453125 0.08984375 0.0984375
0 0.43828125 0.87734375 0.10703125 0.11015625
0 0.52109375 0.9578125 0.0765625 0.084375
0 0.43359375 0.98671875 0.0890625 0.0265625
0 0.35546875 0.94609375 0.09296875 0.1015625
0 0.27421875 0.8609375 0.1015625 0.1015625
0 0.1921875 0.7796875 0.08984375 0.084375
0 0.278125 0.98671875 0.10625 0.0265625
0 0.2078125 0.94140625 0.09296875 0.09296875
0 0.13125 0.8625 0.11015625 0.0984375
0 0.05078125 0.7765625 0.1015625 0.1015625
0 0.03828125 0.6203125 0.0765625 0.08125
0 0.00703125 0.5421875 0.01328125 0.11875
0 0.128125 0.9828125 0.08984375 0.03359375
0 0.040625 0.94140625 0.08125 0.09296875
0 0.00859375 0.8640625 0.0171875 0.11875
0 0.0453125 0.14140625 0.090625 0.0984375
0 0.015625 0.05546875 0.03046875 0.11015625
0 0.046875 0.3015625 0.09296875 0.11875