0 0.02734375 0.11796875 0.0546875 0.0859375
0 0.078125 0.0484375 0.09375 0.090625
0 0.03125 0.2671875 0.0625 0.090625
0 0.0328125 0.41484375 0.065625 0.0828125
0 0.0328125 0.578125 0.065625 0.109375
0 0.1 0.49921875 0.10625 0.0828125
0 0.0390625 0.7421875 0.078125 0.09375
0 0.03515625 0.88359375 0.0703125 0.0703125
0 0.11640625 0.80859375 0.0984375 0.1015625
0 0.1015625 0.67109375 0.078125 0.0984375
0 0.16640625 0.5875 0.1140625 0.10625
0 0.24296875 0.66875 0.0859375 0.09375
0 0.16796875 0.73359375 0.0859375 0.0984375
0 0.2546875 0.82109375 0.0625 0.0703125
0 0.16328125 0.8890625 0.0828125 0.090625
0 0.09453125 0.95703125 0.0703125 0.0859375
0 0.03515625 0.98828125 0.0703125 0.0234375
0 0.25 0.9625 0.09375 0.075
0 0.31640625 0.890625 0.1015625 0.09375
0 0.4 0.82734375 0.090625 0.0828125
0 0.32109375 0.74140625 0.1015625 0.0984375
0 0.3890625 0.665625 0.075 0.075
0 0.459375 0.74921875 0.075 0.0828125
0 0.521875 0.67421875 0.090625 0.0828125
0 0.4609375 0.5921875 0.078125 0.075
0 0.38359375 0.96484375 0.0859375 0.0703125
0 0.46171875 0.8953125 0.0703125 0.078125
0 0.53359375 0.9625 0.0984375 0.075
0 0.2359375 0.50390625 0.090625 0.0859375
0 0.16015625 0.43828125 0.0859375 0.0859375
0 0.0984375 0.36171875 0.09375 0.0828125
0 0.24921875 0.36796875 0.0828125 0.0703125
0 0.165625 0.27421875 0.090625 0.0859375
0 0.0875 0.19921875 0.10625 0.0859375
0 0.16015625 0.134375 0.0703125 0.075
0 0.240625 0.21171875 0.090625 0.0859375
0 0.31328125 0.296875 0.1015625 0.09375
0 0.31953125 0.4359375 0.0671875 0.075
0 0.3875 0.37578125 0.078125 0.0859375
0 0.38203125 0.515625 0.0984375 0.09375
0 0.3125 0.0140625 0.078125 0.028125
0 0.2390625 0.06484375 0.09375 0.1140625
0 0.4 0.0453125 0.075 0.075
0 0.309375 0.1375 0.078125 0.078125
0 0.46953125 0.14296875 0.0703125 0.0671875
0 0.5515625 0.071875 0.078125 0.090625
0 0.6109375 0.01953125 0.090625 0.0390625
0 0.4046875 0.21328125 0.090625 0.0828125
0 0.465625 0.2875 0.078125 0.090625
0 0.54296875 0.21328125 0.0859375 0.0828125
0 0.61796875 0.1328125 0.0703125 0.078125
0 0.53359375 0.37109375 0.0984375 0.1015625
0 0.615625 0.2890625 0.090625 0.078125
0 0.53515625 0.53046875 0.0859375 0.0828125
0 0.45546875 0.43671875 0.0671875 0.0671875
0 0.6015625 0.45 0.078125 0.078125
0 0.68359375 0.36953125 0.0859375 0.0828125
0 0.60546875 0.6 0.0703125 0.075
0 0.68046875 0.51171875 0.0859375 0.0859375
0 0.61015625 0.74140625 0.0859375 0.0828125
0 0.6796875 0.665625 0.078125 0.10625
0 0.68828125 0.828125 0.0859375 0.078125
0 0.684375 0.9703125 0.078125 0.059375
0 0.728125 0.28984375 0.04375 0.0859375
0 0.7265625 0.44765625 0.046875 0.0828125
0 0.73046875 0.59609375 0.0390625 0.0671875
0 0.7265625 0.903125 0.046875 0.09375