0 0.04921875 0.02890625 0.0984375 0.05703125
0 0.2046875 0.02578125 0.1265625 0.0515625
0 0.12890625 0.09140625 0.0953125 0.08671875
0 0.0453125 0.184375 0.08984375 0.109375
0 0.2125 0.16015625 0.1 0.0953125
0 0.28125 0.08828125 0.078125 0.0828125
0 0.36875 0.021875 0.0828125 0.04296875
0 0.13203125 0.24453125 0.07421875 0.07421875
0 0.04765625 0.3421875 0.0953125 0.10390625
0 0.45234375 0.06796875 0.109375 0.09140625
0 0.51328125 0.01875 0.1046875 0.0375
0 0.6859375 0.01328125 0.09140625 0.02578125
0 0.78125 0.078125 0.09140625 0.08671875
0 0.86953125 0.0171875 0.0953125 0.034375
0 0.86171875 0.14765625 0.0828125 0.078125
0 0.93046875 0.071875 0.1 0.09140625
0 0.990625 0.01875 0.01875 0.0375
0 0.9921875 0.1546875 0.015625 0.09140625
0 0.5328125 0.33046875 0.1 0.1
0 0.2875 0.246875 0.1 0.0953125
0 0.365625 0.31640625 0.109375 0.12109375
0 0.696875 0.1546875 0.1 0.109375
0 0.78359375 0.234375 0.0828125 0.078125
0 0.61875 0.2328125 0.0953125 0.09140625
0 0.85625 0.3125 0.10390625 0.0953125
0 0.9453125 0.22578125 0.109375 0.1125
0 0.20234375 0.3203125 0.12109375 0.10390625
0 0.1125 0.4109375 0.10390625 0.0953125
0 0.2875 0.40546875 0.11796875 0.109375
0 0.46640625 0.4078125 0.1125 0.0953125
0 0.62734375 0.40625 0.0953125 0.08671875
0 0.71640625 0.4515625 0.07421875 0.02734375