0 0.978125 0.28125 0.04375 0.08359375
0 0.96953125 0.11640625 0.0609375 0.10078125
0 0.8328125 0.1171875 0.0921875 0.109375
0 0.909375 0.20625 0.10390625 0.11796875
0 0.909375 0.04609375 0.08671875 0.0921875
0 0.75703125 0.03984375 0.06953125 0.0796875
0 0.67734375 0.10859375 0.08359375 0.0921875
0 0.75078125 0.1984375 0.109375 0.109375
0 0.98125 0.45234375 0.0375 0.1046875
0 0.83046875 0.45078125 0.0953125 0.109375
0 0.7578125 0.3546875 0.0953125 0.0921875
0 0.92265625 0.5359375 0.078125 0.0953125
0 0.9765625 0.60703125 0.046875 0.0921875
0 0.6859375 0.4171875 0.08359375 0.0953125
0 0.75078125 0.509375 0.0921875 0.0953125
0 0.83515625 0.60390625 0.10390625 0.08671875
0 0.915625 0.68125 0.109375 0.0921875
0 0.971875 0.76796875 0.05546875 0.0921875
0 0.98515625 0.9390625 0.0296875 0.06953125
0 0.91953125 0.84921875 0.0921875 0.10078125
0 0.82265625 0.778125 0.10390625 0.1390625
0 0.75078125 0.68046875 0.0921875 0.08359375
0 0.6703125 0.59375 0.10390625 0.10078125
0 0.584375 0.5078125 0.0609375 0.075
0 0.51015625 0.41875 0.121875 0.121875
0 0.425 0.3375 0.065625 0.075
0 0.509375 0.24921875 0.1125 0.0953125
0 0.596875 0.165625 0.08671875 0.078125
0 0.525 0.08828125 0.0921875 0.08671875
0 0.425 0.1625 0.10078125 0.0953125
0 0.353125 0.07890625 0.078125 0.0953125
0 0.3453125 0.2359375 0.08671875 0.08671875
0 0.26796875 0.165625 0.075 0.078125
0 0.18515625 0.07265625 0.0953125 0.10078125
0 0.10703125 0.15703125 0.0609375 0.078125
0 0.27265625 0.0265625 0.0953125 0.053125
0 0.59609375 0.0328125 0.078125 0.065625
0 0.115625 0.02265625 0.078125 0.0453125
0 0.03125 0.065625 0.0625 0.08671875
0 0.18828125 0.24453125 0.0953125 0.08671875
0 0.2671875 0.32265625 0.10390625 0.10390625
0 0.346875 0.4171875 0.10078125 0.0953125
0 0.42109375 0.50234375 0.0921875 0.075
0 0.50625 0.59140625 0.0953125 0.0953125
0 0.5859375 0.678125 0.109375 0.1125
0 0.6765625 0.7703125 0.109375 0.078125
0 0.7609375 0.8453125 0.0953125 0.10078125
0 0.83828125 0.9453125 0.10078125 0.109375
0 0.9265625 0.9859375 0.0921875 0.028125
0 0.74375 0.98125 0.078125 0.0375
0 0.67109375 0.91328125 0.0953125 0.08671875
0 0.58671875 0.8390625 0.10078125 0.078125
0 0.50078125 0.7390625 0.0953125 0.0953125
0 0.43125 0.66328125 0.078125 0.08359375
0 0.33671875 0.75859375 0.08671875 0.10078125
0 0.34375 0.5875 0.08359375 0.078125
0 0.25859375 0.48359375 0.08671875 0.0953125
0 0.17265625 0.40546875 0.0921875 0.1125
0 0.08828125 0.3359375 0.06953125 0.078125
0 0.028125 0.23515625 0.05546875 0.0953125
0 0.03828125 0.42421875 0.0765625 0.0921875
0 0.103125 0.51015625 0.0921875 0.10078125
0 0.18671875 0.58046875 0.0921875 0.0921875
0 0.2546875 0.6609375 0.0953125 0.0953125
0 0.421875 0.828125 0.08359375 0.10078125
0 0.50546875 0.90859375 0.08671875 0.0953125
0 0.59296875 0.97265625 0.0953125 0.0546875
0 0.41640625 0.97578125 0.08359375 0.0484375
0 0.3375 0.90859375 0.0921875 0.078125
0 0.184375 0.73984375 0.08671875 0.08671875
0 0.10078125 0.671875 0.08359375 0.11796875
0 0.25703125 0.97109375 0.08359375 0.05703125
0 0.17890625 0.90859375 0.08359375 0.0953125
0 0.08671875 0.828125 0.10078125 0.11796875
0 0.0234375 0.74375 0.046875 0.0953125
0 0.034375 0.91796875 0.06875 0.1015625
0 0.09375 0.97578125 0.06953125 0.0484375
0 0.01640625 0.5859375 0.0328125 0.05703125