0 0.0296875 0.08984375 0.059375 0.0859375
0 0.0328125 0.24296875 0.065625 0.0984375
0 0.025 0.39765625 0.05 0.0859375
0 0.090625 0.3109375 0.0625 0.075
0 0.09609375 0.1625 0.0828125 0.090625
0 0.23359375 0.16328125 0.0828125 0.0984375
0 0.1640625 0.24375 0.09375 0.10625
0 0.1640625 0.0875 0.078125 0.10625
0 0.0953125 0.021875 0.059375 0.04375
0 0.23671875 0.02734375 0.0515625 0.0546875
0 0.3015625 0.0921875 0.0625 0.075
0 0.3734375 0.15546875 0.075 0.0828125
0 0.30703125 0.23671875 0.0984375 0.0984375
0 0.08203125 0.465625 0.0703125 0.09375
0 0.23515625 0.46328125 0.0859375 0.0984375
0 0.30078125 0.37734375 0.0859375 0.0828125
0 0.0234375 0.5328125 0.046875 0.075
0 0.15234375 0.53984375 0.0703125 0.0859375
0 0.078125 0.60390625 0.09375 0.0828125
0 0.025 0.690625 0.05 0.09375
0 0.365625 0.43359375 0.075 0.0859375
0 0.30703125 0.51640625 0.0828125 0.0859375
0 0.23125 0.6015625 0.09375 0.078125
0 0.15859375 0.67109375 0.0984375 0.0828125
0 0.0953125 0.74921875 0.075 0.0828125
0 0.02734375 0.82421875 0.0546875 0.1015625
0 0.025 0.96171875 0.05 0.0734375
0 0.0796875 0.903125 0.059375 0.0625
0 0.15546875 0.821875 0.0828125 0.090625
0 0.2421875 0.7578125 0.09375 0.125
0 0.30703125 0.6703125 0.0828125 0.075
0 0.3796875 0.5921875 0.09375 0.090625
0 0.45703125 0.51484375 0.0546875 0.0671875
0 0.5234375 0.434375 0.109375 0.109375
0 0.6 0.36171875 0.059375 0.0671875
0 0.52421875 0.28203125 0.1015625 0.0859375
0 0.4453125 0.20703125 0.078125 0.0703125
0 0.51015625 0.1375 0.0828125 0.078125
0 0.6 0.20390625 0.090625 0.0859375
0 0.66484375 0.12890625 0.0703125 0.0859375
0 0.671875 0.2703125 0.078125 0.078125
0 0.74140625 0.20703125 0.0671875 0.0703125
0 0.81640625 0.1234375 0.0859375 0.090625
0 0.88671875 0.19921875 0.0546875 0.0703125
0 0.73828125 0.059375 0.0859375 0.09375
0 0.44609375 0.078125 0.0703125 0.078125
0 0.37578125 0.025 0.0734375 0.05
0 0.53046875 0.025 0.0703125 0.05
0 0.66640625 0.021875 0.0671875 0.04375
0 0.87890625 0.05546875 0.0703125 0.0859375
0 0.9578125 0.1171875 0.0625 0.078125
0 0.81328125 0.278125 0.0859375 0.078125
0 0.7421875 0.3484375 0.09375 0.09375
0 0.6703125 0.43359375 0.090625 0.0859375
0 0.60390625 0.51015625 0.0828125 0.0671875
0 0.52734375 0.58984375 0.0859375 0.0859375
0 0.45546875 0.66796875 0.0984375 0.1015625
0 0.37421875 0.75078125 0.0984375 0.0703125
0 0.29765625 0.81875 0.0859375 0.090625
0 0.228125 0.90859375 0.090625 0.0984375
0 0.14921875 0.96640625 0.0828125 0.0671875
0 0.31328125 0.9625 0.0703125 0.075
0 0.37890625 0.8796875 0.0859375 0.078125
0 0.4546875 0.81328125 0.090625 0.0703125
0 0.53203125 0.72265625 0.0859375 0.0859375
0 0.59453125 0.6546875 0.0703125 0.075
0 0.6796875 0.740625 0.078125 0.090625
0 0.6734375 0.58671875 0.075 0.0703125
0 0.75 0.49296875 0.078125 0.0859375
0 0.82734375 0.42265625 0.0828125 0.1015625
0 0.903125 0.36015625 0.0625 0.0703125
0 0.96640625 0.26953125 0.0671875 0.0859375
0 0.95703125 0.43984375 0.0859375 0.0828125
0 0.88984375 0.5171875 0.0828125 0.090625
0 0.81484375 0.58046875 0.0828125 0.0828125
0 0.75390625 0.65234375 0.0859375 0.0859375
0 0.603125 0.803125 0.075 0.090625
0 0.528125 0.87578125 0.078125 0.0859375
0 0.44921875 0.9546875 0.0859375 0.090625
0 0.6078125 0.9515625 0.075 0.075
0 0.67890625 0.87578125 0.0828125 0.0703125
0 0.8171875 0.7234375 0.078125 0.078125
0 0.8921875 0.6625 0.075 0.10625
0 0.7515625 0.9453125 0.075 0.078125
0 0.821875 0.87578125 0.075 0.0859375
0 0.9046875 0.803125 0.090625 0.10625
0 0.9703125 0.72734375 0.059375 0.0859375
0 0.9609375 0.884375 0.078125 0.090625
0 0.8984375 0.95546875 0.0625 0.0828125
0 0.975 0.58515625 0.04375 0.0515625