0 0.02734375 0.040625 0.0546875 0.075
0 0.28828125 0.04375 0.0828125 0.078125
0 0.140625 0.04296875 0.109375 0.0859375
0 0.07734375 0.11171875 0.0671875 0.0828125
0 0.03125 0.19140625 0.0625 0.1015625
0 0.13359375 0.19453125 0.1015625 0.0828125
0 0.08828125 0.2640625 0.0515625 0.04375
0 0.0296875 0.340625 0.059375 0.09375
0 0.0296875 0.48359375 0.059375 0.0828125
0 0.08671875 0.40703125 0.0859375 0.0859375
0 0.14921875 0.3296875 0.0859375 0.090625
0 0.21875 0.25703125 0.109375 0.0828125
0 0.29296875 0.1625 0.1015625 0.090625
0 0.22109375 0.10625 0.0828125 0.09375
0 0.0921875 0.56171875 0.075 0.0828125
0 0.0375 0.625 0.075 0.109375
0 0.153125 0.4828125 0.078125 0.075
0 0.228125 0.39765625 0.090625 0.0984375
0 0.30625 0.3203125 0.090625 0.09375
0 0.3734375 0.21953125 0.090625 0.0859375
0 0.453125 0.1578125 0.078125 0.090625
0 0.37578125 0.09765625 0.0859375 0.1015625
0 0.528125 0.08828125 0.09375 0.0984375
0 0.45703125 0.0375 0.0859375 0.075
0 0.0296875 0.77421875 0.059375 0.1015625
0 0.10078125 0.709375 0.0828125 0.075
0 0.1625 0.6234375 0.075 0.075
0 0.2234375 0.54375 0.09375 0.09375
0 0.30078125 0.459375 0.0859375 0.090625
0 0.371875 0.38359375 0.078125 0.0859375
0 0.46953125 0.30390625 0.1015625 0.1296875
0 0.52578125 0.225 0.0671875 0.090625
0 0.58984375 0.1578125 0.0859375 0.090625
0 0.73671875 0.17265625 0.0671875 0.0703125
0 0.66875 0.23046875 0.078125 0.0859375
0 0.59375 0.3109375 0.078125 0.090625
0 0.45234375 0.45703125 0.0984375 0.1015625
0 0.3765625 0.5453125 0.090625 0.10625
0 0.3015625 0.61796875 0.09375 0.1015625
0 0.23125 0.69140625 0.09375 0.0859375
0 0.16015625 0.78046875 0.0859375 0.0828125
0 0.08515625 0.85390625 0.0828125 0.0828125
0 0.0296875 0.93046875 0.059375 0.0859375
0 0.0859375 0.9765625 0.078125 0.046875
0 0.1625 0.921875 0.10625 0.109375
0 0.2390625 0.84609375 0.09375 0.0984375
0 0.3046875 0.7625 0.0625 0.0625
0 0.37578125 0.69140625 0.0703125 0.1015625
0 0.45703125 0.62109375 0.0546875 0.0546875
0 0.52421875 0.53984375 0.1015625 0.1015625
0 0.6015625 0.4515625 0.109375 0.090625
0 0.67265625 0.38671875 0.0703125 0.0859375
0 0.7484375 0.29375 0.090625 0.109375
0 0.81875 0.23515625 0.075 0.0859375
0 0.7328125 0.0234375 0.075 0.046875
0 0.8296875 0.0640625 0.090625 0.090625
0 0.90078125 0.021875 0.0984375 0.04375
0 0.9625 0.0796875 0.075 0.090625
0 0.8875 0.1453125 0.0625 0.0625
0 0.95859375 0.21640625 0.0828125 0.0984375
0 0.8203125 0.3671875 0.078125 0.078125
0 0.88515625 0.3109375 0.0828125 0.090625
0 0.7421875 0.45546875 0.078125 0.0828125
0 0.671875 0.53203125 0.09375 0.1015625
0 0.6 0.6171875 0.090625 0.109375
0 0.67421875 0.6765625 0.0828125 0.078125
0 0.53515625 0.69375 0.0859375 0.10625
0 0.446875 0.765625 0.10625 0.09375
0 0.3953125 0.8453125 0.09375 0.121875
0 0.31484375 0.9140625 0.0828125 0.078125
0 0.23671875 0.97265625 0.0984375 0.0546875
0 0.953125 0.38515625 0.09375 0.1140625
0 0.88671875 0.459375 0.0859375 0.090625
0 0.81484375 0.525 0.0828125 0.090625
0 0.95859375 0.5265625 0.0828125 0.078125
0 0.890625 0.60390625 0.078125 0.0828125
0 0.825 0.684375 0.09375 0.09375
0 0.7421875 0.76015625 0.09375 0.0984375
0 0.68203125 0.83671875 0.0671875 0.0703125
0 0.53125 0.82890625 0.078125 0.1015625
0 0.603125 0.9078125 0.10625 0.10625
0 0.53828125 0.97265625 0.0671875 0.0546875
0 0.38203125 0.96640625 0.0859375 0.0671875
0 0.9625 0.6765625 0.075 0.109375
0 0.8921875 0.74140625 0.090625 0.0828125
0 0.96484375 0.80625 0.0703125 0.075
0 0.896875 0.884375 0.090625 0.090625
0 0.81875 0.81484375 0.090625 0.0984375
0 0.7484375 0.90078125 0.090625 0.0984375
0 0.83046875 0.9609375 0.1140625 0.078125
0 0.67578125 0.96640625 0.0703125 0.0671875
0 0.96171875 0.95859375 0.0734375 0.0828125