0 0.86015625 0.02109375 0.0796875 0.04140625
0 0.9875 0.15546875 0.025 0.08828125
0 0.9328125 0.24453125 0.10859375 0.1046875
0 0.85859375 0.17265625 0.1 0.08828125
0 0.68359375 0.1546875 0.13359375 0.1296875
0 0.78359375 0.2515625 0.1 0.11328125
0 0.85703125 0.315625 0.0796875 0.09140625
0 0.69921875 0.321875 0.09140625 0.096875
0 0.775 0.39140625 0.11640625 0.1
0 0.69609375 0.471875 0.10859375 0.11328125
0 0.759375 0.54921875 0.071875 0.05859375
0 0.61171875 0.56796875 0.1 0.096875
0 0.52578125 0.49453125 0.1046875 0.13828125
0 0.7046875 0.03046875 0.090625 0.0609375
0 0.38828125 0.02890625 0.0921875 0.0578125
0 0.540625 0.03515625 0.075 0.0703125
0 0.62265625 0.078125 0.1046875 0.08359375
0 0.46015625 0.090625 0.096875 0.09140625
0 0.540625 0.18046875 0.10859375 0.121875
0 0.6078125 0.25 0.075 0.06640625
0 0.29921875 0.0890625 0.09140625 0.1046875
0 0.3828125 0.17421875 0.09140625 0.09140625
0 0.45078125 0.2640625 0.08828125 0.1046875
0 0.53671875 0.32734375 0.08359375 0.1046875
0 0.3765625 0.3375 0.0796875 0.10859375
0 0.44921875 0.403125 0.075 0.08359375
0 0.60390625 0.71015625 0.10859375 0.096875
0 0.509375 0.628125 0.08828125 0.1
0 0.4515625 0.56171875 0.06328125 0.08359375
0 0.359375 0.4796875 0.08828125 0.11328125
0 0.284375 0.40859375 0.08828125 0.11640625
0 0.44140625 0.70546875 0.1 0.08828125
0 0.5203125 0.7953125 0.08359375 0.08359375
0 0.43671875 0.86328125 0.1 0.11328125
0 0.35546875 0.771875 0.1046875 0.096875
0 0.27890625 0.71015625 0.075 0.096875
0 0.21796875 0.6109375 0.096875 0.1046875
0 0.20703125 0.4796875 0.096875 0.11328125
0 0.2875 0.546875 0.09140625 0.0796875
0 0.21171875 0.31328125 0.1 0.11328125
0 0.12890625 0.2375 0.09140625 0.10859375
0 0.059375 0.16796875 0.08828125 0.096875
0 0.0171875 0.0984375 0.034375 0.090625
0 0.06328125 0.02890625 0.0921875 0.0578125
0 0.13984375 0.39765625 0.06328125 0.071875
0 0.0171875 0.39609375 0.034375 0.1140625
0 0.0625 0.315625 0.09140625 0.09140625
0 0.0125 0.2359375 0.025 0.08828125
0 0.4390625 0.9890625 0.1046875 0.021875
0 0.3671875 0.953125 0.071875 0.09296875
0 0.29765625 0.8578125 0.08828125 0.125
0 0.2171875 0.803125 0.071875 0.11640625
0 0.0453125 0.63828125 0.08359375 0.096875
0 0.13671875 0.7078125 0.1 0.10859375
0 0.01953125 0.55390625 0.03828125 0.14140625
0 0.0125 0.7265625 0.025 0.096875
0 0.0484375 0.79140625 0.0796875 0.08359375
0 0.13203125 0.87734375 0.0796875 0.1046875
0 0.20703125 0.9515625 0.0796875 0.096875
0 0.2828125 0.98671875 0.0953125 0.0265625
0 0.1171875 0.98671875 0.09140625 0.0265625
0 0.04765625 0.94453125 0.08828125 0.08828125