0 0.01953125 0.1953125 0.0390625 0.078125
0 0.071875 0.12578125 0.075 0.0859375
0 0.1546875 0.053125 0.090625 0.10625
0 0.2984375 0.059375 0.075 0.078125
0 0.21484375 0.134375 0.0859375 0.090625
0 0.1484375 0.20546875 0.0625 0.0828125
0 0.08671875 0.2859375 0.0546875 0.0625
0 0.025 0.36015625 0.05 0.0890625
0 0.025 0.4953125 0.05 0.109375
0 0.0765625 0.43046875 0.059375 0.0703125
0 0.0234375 0.6546875 0.046875 0.090625
0 0.075 0.5765625 0.09375 0.090625
0 0.0234375 0.796875 0.046875 0.078125
0 0.01953125 0.94453125 0.0390625 0.0671875
0 0.075 0.984375 0.09375 0.03125
0 0.084375 0.86875 0.075 0.075
0 0.15859375 0.64921875 0.0828125 0.0859375
0 0.225 0.57890625 0.075 0.0859375
0 0.15546875 0.79765625 0.0828125 0.0859375
0 0.215625 0.7265625 0.078125 0.078125
0 0.228125 0.42578125 0.090625 0.0859375
0 0.16796875 0.3515625 0.0859375 0.078125
0 0.30625 0.5015625 0.059375 0.075
0 0.29921875 0.3484375 0.0515625 0.0625
0 0.37421875 0.4296875 0.0828125 0.078125
0 0.3671875 0.2859375 0.046875 0.046875
0 0.3015625 0.2109375 0.03125 0.046875
0 0.3609375 0.1390625 0.075 0.090625
0 0.4453125 0.059375 0.0625 0.0625
0 0.51796875 0.0140625 0.0671875 0.028125
0 0.4359375 0.21796875 0.075 0.0828125
0 0.51953125 0.134375 0.0703125 0.075
0 0.60234375 0.22734375 0.0546875 0.0703125
0 0.52265625 0.2875 0.0828125 0.075
0 0.5875 0.35625 0.10625 0.078125
0 0.66328125 0.43125 0.0984375 0.10625
0 0.51640625 0.4375 0.1015625 0.09375
0 0.59375 0.50703125 0.078125 0.0828125
0 0.44140625 0.51640625 0.0859375 0.1015625
0 0.371875 0.58046875 0.09375 0.0984375
0 0.4375 0.65703125 0.078125 0.0859375
0 0.15625 0.93984375 0.078125 0.0828125
0 0.228125 0.85859375 0.090625 0.0828125
0 0.29921875 0.78203125 0.0671875 0.0703125
0 0.36875 0.72578125 0.059375 0.0671875
0 0.67578125 0.1546875 0.0703125 0.075
0 0.72890625 0.0671875 0.0828125 0.0625
0 0.98828125 0.07421875 0.0234375 0.1171875
0 0.8875 0.0828125 0.046875 0.046875
0 0.8046875 0.13984375 0.0625 0.0671875
0 0.87578125 0.21796875 0.1015625 0.0984375
0 0.81328125 0.303125 0.0703125 0.075
0 0.72109375 0.22578125 0.0671875 0.0671875
0 0.29609375 0.9578125 0.0828125 0.078125
0 0.38515625 0.86640625 0.0671875 0.0671875
0 0.44765625 0.790625 0.0984375 0.090625
0 0.528125 0.72265625 0.09375 0.0859375
0 0.60078125 0.66796875 0.0671875 0.0703125
0 0.68125 0.58515625 0.090625 0.0984375
0 0.75078125 0.51484375 0.0703125 0.0828125
0 0.8015625 0.43828125 0.0625 0.0703125
0 0.6625 0.734375 0.090625 0.09375
0 0.59453125 0.8125 0.1015625 0.09375
0 0.44453125 0.94375 0.0828125 0.090625
0 0.3796875 0.984375 0.09375 0.03125
0 0.671875 0.98203125 0.125 0.0359375
0 0.6 0.94609375 0.075 0.0703125
0 0.51015625 0.9859375 0.0828125 0.028125
0 0.76484375 0.9390625 0.0828125 0.075
0 0.82734375 0.8640625 0.1140625 0.09375
0 0.95859375 0.9765625 0.0828125 0.046875
0 0.884375 0.94921875 0.090625 0.1015625
0 0.9609375 0.871875 0.078125 0.09375
0 0.94921875 0.71796875 0.1015625 0.0984375
0 0.8796875 0.64296875 0.09375 0.0984375
0 0.9859375 0.36640625 0.028125 0.1140625
0 0.94609375 0.4453125 0.0859375 0.09375
0 0.86796875 0.5078125 0.0703125 0.09375