0 0.096875 0.0453125 0.09921875 0.090625
0 0.0328125 0.11171875 0.06484375 0.12265625
0 0.03671875 0.26015625 0.0734375 0.0953125
0 0.08828125 0.18125 0.10859375 0.09921875
0 0.78671875 0.02109375 0.090625 0.04140625
0 0.70390625 0.07109375 0.1046875 0.0953125
0 0.61484375 0.0234375 0.0953125 0.046875
0 0.2671875 0.0359375 0.10859375 0.071875
0 0.278125 0.20546875 0.090625 0.12265625
0 0.35625 0.109375 0.1140625 0.1171875
0 0.44765625 0.025 0.0984375 0.05
0 0.52734375 0.0984375 0.12265625 0.1140625
0 0.440625 0.19375 0.090625 0.0953125
0 0.11796875 0.36484375 0.13203125 0.12265625
0 0.03515625 0.4546875 0.0703125 0.1046875
0 0.19296875 0.27890625 0.1046875 0.1140625
0 0.615625 0.17578125 0.10859375 0.1140625
0 0.7015625 0.24765625 0.08125 0.1046875
0 0.79765625 0.17578125 0.08671875 0.07734375
0 0.8734375 0.0828125 0.090625 0.090625
0 0.9578125 0.025 0.071875 0.05
0 0.95625 0.165625 0.0875 0.0875
0 0.8875 0.25078125 0.09921875 0.1046875
0 0.7984375 0.35390625 0.1140625 0.10859375
0 0.6109375 0.35078125 0.1171875 0.1140625
0 0.46171875 0.36796875 0.10859375 0.12265625
0 0.35625 0.44375 0.1140625 0.10859375
0 0.9640625 0.34921875 0.071875 0.08125
0 0.8796875 0.4234375 0.0953125 0.0953125
0 0.70703125 0.43828125 0.09921875 0.10859375
0 0.3703125 0.28828125 0.08671875 0.07734375
0 0.1875 0.103125 0.10859375 0.1046875
0 0.27734375 0.36640625 0.1171875 0.10859375
0 0.53671875 0.26953125 0.0953125 0.0953125
0 0.5359375 0.446875 0.1046875 0.0953125
0 0.78359375 0.49453125 0.1265625 0.08671875
0 0.95625 0.496875 0.0875 0.0625
0 0.446875 0.51171875 0.0953125 0.0453125
0 0.28984375 0.5 0.1140625 0.06875
0 0.2 0.440625 0.071875 0.05078125
0 0.1125 0.515625 0.1140625 0.0453125