0 0.9671875 0.75 0.06484375 0.1171875
0 0.96015625 0.92265625 0.0796875 0.0796875
0 0.88359375 0.97578125 0.10234375 0.0484375
0 0.9578125 0.57265625 0.08359375 0.1265625
0 0.88046875 0.65859375 0.08359375 0.08359375
0 0.9671875 0.4078125 0.06484375 0.10234375
0 0.903125 0.30078125 0.11171875 0.09296875
0 0.89765625 0.48359375 0.09296875 0.07421875
0 0.809375 0.38671875 0.12109375 0.0890625
0 0.809375 0.565625 0.10234375 0.08359375
0 0.71875 0.4734375 0.1171875 0.10234375
0 0.73515625 0.65 0.12109375 0.12109375
0 0.903125 0.14375 0.11171875 0.12109375
0 0.96328125 0.06015625 0.0734375 0.1203125
0 0.734375 0.01875 0.1078125 0.0375
0 0.740625 0.13046875 0.12109375 0.13046875
0 0.81796875 0.03984375 0.0890625 0.0796875
0 0.72109375 0.3125 0.11171875 0.1078125
0 0.640625 0.20703125 0.1171875 0.1171875
0 0.634375 0.06015625 0.1125 0.1203125
0 0.36328125 0.0140625 0.10234375 0.028125
0 0.47421875 0.05546875 0.1171875 0.1109375
0 0.2734375 0.0421875 0.0890625 0.08359375
0 0.35859375 0.1328125 0.09296875 0.1171875
0 0.45625 0.20625 0.10234375 0.1078125
0 0.55078125 0.31171875 0.0984375 0.10234375
0 0.5421875 0.48671875 0.0984375 0.11171875
0 0.62578125 0.565625 0.0984375 0.10234375
0 0.62578125 0.740625 0.0984375 0.0984375
0 0.540625 0.64765625 0.11171875 0.1171875
0 0.36171875 0.64765625 0.0984375 0.0984375
0 0.44765625 0.73046875 0.11171875 0.1078125
0 0.5390625 0.82421875 0.0890625 0.0796875
0 0.19765625 0.46640625 0.1359375 0.1265625
0 0.28046875 0.3578125 0.11171875 0.10234375
0 0.178125 0.29921875 0.11171875 0.1078125
0 0.378125 0.290625 0.12109375 0.0984375
0 0.2796875 0.21015625 0.10234375 0.1078125
0 0.19609375 0.12265625 0.10234375 0.1265625
0 0.55 0.96640625 0.09296875 0.0671875
0 0.35703125 0.96015625 0.1265625 0.0796875
0 0.18984375 0.82421875 0.1078125 0.1171875
0 0.04609375 0.8265625 0.0921875 0.13125
0 0.1125 0.90625 0.06484375 0.08359375
0 0.18515625 0.97578125 0.1171875 0.0484375
0 0.03359375 0.97578125 0.0671875 0.0484375
0 0.03828125 0.4640625 0.0765625 0.10234375
0 0.03359375 0.28046875 0.0671875 0.1078125
0 0.02890625 0.12109375 0.0578125 0.07421875