0 0.41328125 0.4078125 0.1046875 0.096875
0 0.49140625 0.52265625 0.0640625 0.07109375
0 0.415625 0.575 0.08828125 0.084375
0 0.340625 0.65859375 0.084375 0.0859375
0 0.503125 0.66328125 0.1078125 0.10625
0 0.42734375 0.7515625 0.0640625 0.07890625
0 0.5140625 0.82265625 0.1046875 0.12109375
0 0.76640625 0.92890625 0.10078125 0.10078125
0 0.846875 0.97890625 0.115625 0.0421875
0 0.69609375 0.98359375 0.08828125 0.0328125
0 0.3453125 0.97265625 0.10078125 0.0546875
0 0.171875 0.9765625 0.1 0.046875
0 0.07109375 0.92421875 0.0625 0.075
0 0.0265625 0.83125 0.053125 0.09140625
0 0.0328125 0.48828125 0.065625 0.11875
0 0.01015625 0.33125 0.0203125 0.0734375
0 0.153125 0.33359375 0.05703125 0.065625
0 0.06953125 0.23203125 0.10078125 0.1046875
0 0.01796875 0.14375 0.0359375 0.109375
0 0.0796875 0.0578125 0.11171875 0.10078125
0 0.159375 0.153125 0.08828125 0.08203125
0 0.234375 0.2328125 0.0953125 0.10625
0 0.0265625 0.9796875 0.053125 0.040625