0 0.965625 0.04765625 0.06640625 0.07265625
0 0.890625 0.00390625 0.08046875 0.0078125
0 0.80859375 0.040625 0.0921875 0.08046875
0 0.8828125 0.11953125 0.07109375 0.08671875
0 0.9578125 0.2 0.0578125 0.0609375
0 0.99453125 0.121875 0.0109375 0.08203125
0 0.88515625 0.2609375 0.096875 0.11328125
0 0.90234375 0.42265625 0.0890625 0.08671875
0 0.96484375 0.50546875 0.06796875 0.07578125
0 0.965625 0.35859375 0.04375 0.0484375
0 0.746875 0.1265625 0.07734375 0.08515625
0 0.7375 0.01171875 0.08125 0.0234375
0 0.646875 0.04296875 0.08359375 0.06328125
0 0.51015625 0.05 0.0921875 0.1
0 0.58125 0.12734375 0.053125 0.0546875
0 0.67421875 0.21328125 0.0546875 0.08046875
0 0.58359375 0.2671875 0.103125 0.0984375
0 0.66796875 0.3515625 0.10625 0.09375
0 0.74765625 0.42578125 0.0984375 0.103125
0 0.81484375 0.34609375 0.0546875 0.05625
0 0.6734375 0.51015625 0.07890625 0.0953125
0 0.74453125 0.5859375 0.0890625 0.0953125
0 0.82109375 0.6515625 0.096875 0.103125
0 0.8859375 0.5734375 0.05625 0.04375
0 0.9640625 0.65546875 0.071875 0.0796875
0 0.89765625 0.73125 0.05625 0.059375
0 0.8265625 0.8140625 0.08515625 0.07890625
0 0.971875 0.81015625 0.05625 0.06640625
0 0.9734375 0.9609375 0.053125 0.07734375
0 0.8203125 0.95078125 0.11796875 0.0984375
0 0.7359375 0.8890625 0.0890625 0.08359375
0 0.675 0.8078125 0.1078125 0.1
0 0.66328125 0.665625 0.0890625 0.0921875
0 0.6046875 0.734375 0.08671875 0.0984375
0 0.5359375 0.65390625 0.0953125 0.08203125
0 0.52265625 0.50546875 0.0515625 0.06953125
0 0.58203125 0.43046875 0.0515625 0.0484375
0 0.51015625 0.3578125 0.05625 0.07265625
0 0.49921875 0.20390625 0.06328125 0.06953125
0 0.43671875 0.28125 0.0515625 0.06328125
0 0.36875 0.18984375 0.0921875 0.07578125
0 0.20390625 0.21328125 0.06640625 0.08046875
0 0.290625 0.4265625 0.06953125 0.06328125
0 0.21328125 0.5046875 0.096875 0.1
0 0.0671875 0.50859375 0.0921875 0.0984375
0 0.44453125 0.43046875 0.059375 0.06484375
0 0.36953125 0.50546875 0.08046875 0.07578125
0 0.43984375 0.56640625 0.07890625 0.08359375
0 0.2859375 0.7359375 0.06953125 0.06328125
0 0.21875 0.81953125 0.08515625 0.0890625
0 0.14453125 0.890625 0.06328125 0.07109375
0 0.06953125 0.95703125 0.09375 0.08515625
0 0.44140625 0.7421875 0.04375 0.0578125
0 0.36640625 0.659375 0.0546875 0.053125
0 0.36953125 0.81796875 0.07421875 0.08515625
0 0.52734375 0.8265625 0.08046875 0.0890625
0 0.44140625 0.8953125 0.07578125 0.06484375
0 0.365625 0.9609375 0.08203125 0.07734375
0 0.5140625 0.96171875 0.0921875 0.07265625
0 0.671875 0.96640625 0.07421875 0.0609375
0 0.3046875 0.98125 0.06484375 0.03671875
0 0.01640625 0.10078125 0.03203125 0.07578125
0 0.140625 0.00859375 0.13125 0.0171875