0 0.53671875 0.38515625 0.0890625 0.0828125
0 0.46953125 0.48359375 0.0546875 0.0609375
0 0.534375 0.528125 0.075 0.071875
0 0.5984375 0.59921875 0.071875 0.0734375
0 0.46015625 0.603125 0.0921875 0.090625
0 0.52421875 0.67890625 0.0546875 0.0671875
0 0.45078125 0.7390625 0.0890625 0.103125
0 0.23515625 0.8296875 0.0859375 0.0859375
0 0.16640625 0.9 0.0984375 0.090625
0 0.2953125 0.9078125 0.075 0.090625
0 0.37109375 0.97265625 0.0703125 0.0546875
0 0.5953125 0.8890625 0.0859375 0.090625
0 0.66953125 0.96796875 0.0578125 0.0609375
0 0.74296875 0.89375 0.0859375 0.084375
0 0.828125 0.82578125 0.053125 0.0640625
0 0.88203125 0.746875 0.0765625 0.078125
0 0.95703125 0.665625 0.0859375 0.1125
0 0.990625 0.590625 0.01875 0.05625
0 0.8859375 0.45390625 0.10625 0.1015625
0 0.97578125 0.3828125 0.0453125 0.0625
0 0.89921875 0.3203125 0.0546875 0.0625
0 0.75859375 0.321875 0.0484375 0.05625
0 0.8296875 0.23515625 0.0859375 0.0890625
0 0.903125 0.1609375 0.0875 0.09375
0 0.96953125 0.075 0.0578125 0.078125
0 0.82109375 0.08671875 0.0953125 0.0859375
0 0.753125 0.16796875 0.075 0.0703125
0 0.6890625 0.2359375 0.08125 0.090625
0 0.953125 0.81171875 0.078125 0.0921875
0 0.884375 0.903125 0.08125 0.09375
0 0.815625 0.96953125 0.059375 0.0546875