0 0.19296875 0.05 0.0578125 0.053125
0 0.11484375 0.11953125 0.0953125 0.0921875
0 0.18984375 0.21015625 0.0671875 0.0671875
0 0.25859375 0.1234375 0.071875 0.075
0 0.33359375 0.05234375 0.0890625 0.1046875
0 0.41484375 0.15 0.1015625 0.0875
0 0.48515625 0.2109375 0.0640625 0.078125
0 0.40625 0.28984375 0.06875 0.0640625
0 0.32890625 0.34765625 0.0875 0.0859375
0 0.25 0.42109375 0.0625 0.0703125
0 0.184375 0.50390625 0.0875 0.0921875
0 0.125 0.43203125 0.09375 0.0921875
0 0.05078125 0.35859375 0.0546875 0.0609375
0 0.0546875 0.2125 0.0625 0.08125
0 0.47734375 0.51640625 0.0859375 0.0859375
0 0.41015625 0.5859375 0.0546875 0.053125
0 0.33828125 0.65234375 0.0734375 0.0765625
0 0.27109375 0.58125 0.0890625 0.075
0 0.25390625 0.73984375 0.0703125 0.0734375
0 0.18828125 0.8140625 0.0890625 0.08125
0 0.12265625 0.73984375 0.0734375 0.0734375
0 0.0390625 0.81953125 0.0625 0.0609375
0 0.034375 0.95 0.06875 0.096875
0 0.32578125 0.9625 0.0734375 0.065625
0 0.33515625 0.81640625 0.0671875 0.0703125
0 0.403125 0.7296875 0.05 0.053125
0 0.47890625 0.803125 0.0578125 0.053125
0 0.40390625 0.88671875 0.0578125 0.0765625
0 0.47578125 0.96484375 0.0703125 0.0703125
0 0.55234375 0.8875 0.0515625 0.05
0 0.6375 0.82421875 0.078125 0.0765625
0 0.690625 0.89140625 0.053125 0.0640625
0 0.76328125 0.96875 0.0734375 0.0625
0 0.859375 0.89765625 0.084375 0.0828125
0 0.77578125 0.6734375 0.1140625 0.096875
0 0.85 0.73671875 0.090625 0.0828125
0 0.9 0.8203125 0.08125 0.0828125
0 0.97421875 0.890625 0.0515625 0.09375
0 0.90859375 0.95703125 0.0984375 0.0859375
0 0.84453125 0.58203125 0.0734375 0.0765625
0 0.9171875 0.50859375 0.10625 0.0796875
0 0.97890625 0.4390625 0.0421875 0.065625
0 0.90859375 0.3734375 0.0984375 0.096875
0 0.8453125 0.303125 0.08125 0.08125
0 0.7734375 0.36640625 0.0671875 0.0671875
0 0.628125 0.375 0.053125 0.053125
0 0.490625 0.36328125 0.090625 0.0765625
0 0.6890625 0.13359375 0.08125 0.0796875
0 0.775 0.06484375 0.090625 0.0921875
0 0.846875 0.153125 0.06875 0.0890625
0 0.91171875 0.07109375 0.0640625 0.0640625
0 0.91796875 0.2296875 0.0703125 0.084375
0 0.97890625 0.27890625 0.0421875 0.0734375
0 0.03359375 0.50546875 0.0671875 0.0953125
0 0.98203125 0.01796875 0.0359375 0.0359375
0 0.55546875 0.734375 0.1328125 0.1453125