0 0.11875 0.28203125 0.0859375 0.0875
0 0.115625 0.42734375 0.090625 0.0953125
0 0.0375 0.365625 0.075 0.075
0 0.19609375 0.20078125 0.0890625 0.0734375
0 0.3421875 0.06015625 0.096875 0.0953125
0 0.1203125 0.02421875 0.1 0.0484375
0 0.47890625 0.06015625 0.0984375 0.0953125
0 0.46875 0.19609375 0.078125 0.0640625
0 0.40625 0.29375 0.06875 0.05625
0 0.4734375 0.359375 0.0625 0.06875
0 0.54609375 0.278125 0.0921875 0.103125
0 0.70078125 0.26953125 0.0953125 0.0875
0 0.77578125 0.21171875 0.0828125 0.0859375
0 0.70859375 0.13515625 0.0796875 0.0734375
0 0.7765625 0.05390625 0.109375 0.0984375
0 0.628125 0.0671875 0.053125 0.05625
0 0.696875 0.4265625 0.065625 0.071875
0 0.84609375 0.42890625 0.0828125 0.0921875
0 0.625 0.51953125 0.053125 0.0546875
0 0.76875 0.6640625 0.084375 0.078125
0 0.6953125 0.73125 0.115625 0.125
0 0.0375 0.6671875 0.053125 0.053125
0 0.103125 0.734375 0.128125 0.125
0 0.0296875 0.96953125 0.059375 0.0578125
0 0.25078125 0.8859375 0.0875 0.084375
0 0.3265625 0.959375 0.075 0.08125
0 0.61328125 0.9515625 0.0921875 0.090625