0 0.034375 0.009375 0.06875 0.01875
0 0.03359375 0.153125 0.0671875 0.10234375
0 0.03125 0.3328125 0.0625 0.078125
0 0.1140625 0.25 0.1 0.0796875
0 0.1 0.06328125 0.0484375 0.0703125
0 0.19453125 0.1453125 0.09453125 0.09296875
0 0.284375 0.05703125 0.0890625 0.0765625
0 0.37421875 0.16640625 0.11328125 0.1171875
0 0.28984375 0.25859375 0.11875 0.115625
0 0.35703125 0.35625 0.096875 0.109375
0 0.45 0.23828125 0.1078125 0.10390625
0 0.52421875 0.32265625 0.1078125 0.10625
0 0.44921875 0.428125 0.10625 0.10625
0 0.62421875 0.23515625 0.0984375 0.109375
0 0.7140625 0.1671875 0.09296875 0.09296875
0 0.55078125 0.015625 0.11328125 0.03125
0 0.63359375 0.0578125 0.0984375 0.10390625
0 0.72578125 0.02109375 0.1171875 0.0421875
0 0.38828125 0.01796875 0.13359375 0.03515625
0 0.18515625 0.50625 0.0875 0.09140625
0 0.2640625 0.6 0.115625 0.09296875
0 0.36953125 0.5140625 0.11171875 0.1171875
0 0.196875 0.69453125 0.11171875 0.09453125
0 0.1015625 0.7828125 0.11328125 0.10234375
0 0.1859375 0.88203125 0.096875 0.109375
0 0.284375 0.96015625 0.10390625 0.0796875
0 0.10703125 0.953125 0.1359375 0.09375
0 0.6140625 0.95078125 0.1171875 0.0984375
0 0.4359375 0.78359375 0.09453125 0.0984375
0 0.5359375 0.696875 0.07265625 0.06328125
0 0.5328125 0.5015625 0.12109375 0.11171875
0 0.6171875 0.4203125 0.096875 0.10390625
0 0.709375 0.334375 0.11328125 0.09296875
0 0.87421875 0.15859375 0.109375 0.10234375
0 0.8 0.2515625 0.05234375 0.0578125
0 0.88046875 0.334375 0.10234375 0.11171875
0 0.9578125 0.24921875 0.08359375 0.1078125
0 0.94453125 0.78828125 0.06328125 0.078125
0 0.96796875 0.6171875 0.0640625 0.103125
0 0.95625 0.4296875 0.0875 0.10390625
0 0.8859375 0.51796875 0.0875 0.09453125
0 0.78828125 0.60703125 0.11171875 0.12421875
0 0.7125 0.525 0.05234375 0.07265625
0 0.62734375 0.615625 0.1171875 0.12265625
0 0.7046875 0.68203125 0.11171875 0.0984375
0 0.778125 0.7734375 0.109375 0.1078125
0 0.88359375 0.0375 0.17265625 0.07421875
0 0.61796875 0.77109375 0.0984375 0.09296875
0 0.70546875 0.8671875 0.0875 0.0875
0 0.86796875 0.8640625 0.1078125 0.08515625
0 0.775 0.94921875 0.096875 0.0765625
0 0.946875 0.94609375 0.10625 0.1078125