0 0.1359375 0.1171875 0.10625 0.1
0 0.078125 0.20390625 0.1 0.0953125
0 0.146875 0.27734375 0.08125 0.0875
0 0.0640625 0.34453125 0.065625 0.071875
0 0.13203125 0.42265625 0.1078125 0.1015625
0 0.21328125 0.3359375 0.0984375 0.09375
0 0.2875 0.41953125 0.075 0.0796875
0 0.3515625 0.19609375 0.09375 0.0953125
0 0.42578125 0.10859375 0.0859375 0.0828125
0 0.50859375 0.05078125 0.0890625 0.0703125
0 0.57109375 0.12578125 0.0796875 0.084375
0 0.65 0.0734375 0.1125 0.10625
0 0.7234375 0.13125 0.071875 0.065625
0 0.63984375 0.2015625 0.0984375 0.090625
0 0.49375 0.3453125 0.096875 0.0859375
0 0.42109375 0.41875 0.0828125 0.09375
0 0.64296875 0.49296875 0.1046875 0.0796875
0 0.728125 0.43828125 0.05625 0.0640625
0 0.78515625 0.49765625 0.0703125 0.0640625
0 0.79609375 0.36328125 0.0453125 0.0546875
0 0.73359375 0.28046875 0.090625 0.0765625
0 0.7890625 0.19375 0.0625 0.059375
0 0.87109375 0.1234375 0.1171875 0.090625
0 0.9484375 0.21484375 0.059375 0.0546875
0 0.940625 0.06484375 0.053125 0.0578125
0 0.98828125 0.11796875 0.0234375 0.0546875
0 0.71015625 0.571875 0.0765625 0.08125
0 0.87578125 0.43359375 0.0890625 0.0859375
0 0.934375 0.50390625 0.078125 0.0765625
0 0.98671875 0.42734375 0.0265625 0.0640625
0 0.128125 0.57734375 0.1078125 0.090625
0 0.21171875 0.5203125 0.0734375 0.0875
0 0.20625 0.6515625 0.06875 0.075
0 0.121875 0.7171875 0.125 0.121875
0 0.05859375 0.8 0.0453125 0.053125
0 0.421875 0.57265625 0.084375 0.0828125
0 0.3609375 0.6546875 0.065625 0.059375
0 0.425 0.7171875 0.075 0.096875
0 0.5 0.8 0.0625 0.06875
0 0.56484375 0.72734375 0.0671875 0.0796875
0 0.35390625 0.80859375 0.0734375 0.0703125
0 0.4078125 0.8765625 0.08125 0.090625
0 0.28125 0.88046875 0.071875 0.0796875
0 0.34609375 0.95546875 0.0828125 0.0734375
0 0.1328125 0.87578125 0.0828125 0.0890625
0 0.203125 0.959375 0.084375 0.075
0 0.78046875 0.94765625 0.0828125 0.0921875
0 0.63671875 0.93515625 0.0765625 0.0734375
0 0.7953125 0.81875 0.065625 0.065625
0 0.86640625 0.73984375 0.0671875 0.0734375
0 0.9359375 0.81328125 0.075 0.0859375
0 0.9875 0.73125 0.021875 0.05625
0 0.98828125 0.5875 0.0234375 0.075
0 0.796875 0.0515625 0.0375 0.046875
0 0.01640625 0.44296875 0.0328125 0.1046875
0 0.01875 0.57890625 0.03125 0.0890625
0 0.01484375 0.73828125 0.0296875 0.0921875