0 0.3359375 0.24765625 0.06875 0.0734375
0 0.39765625 0.32265625 0.0828125 0.0734375
0 0.4765625 0.24140625 0.0625 0.0671875
0 0.53671875 0.3125 0.0796875 0.078125
0 0.61484375 0.24453125 0.0734375 0.0671875
0 0.55234375 0.15625 0.0734375 0.078125
0 0.48203125 0.0890625 0.0796875 0.06875
0 0.63125 0.1 0.065625 0.065625
0 0.6953125 0.03203125 0.0828125 0.0640625
0 0.70078125 0.32265625 0.0578125 0.0578125
0 0.62421875 0.39453125 0.0671875 0.0703125
0 0.5453125 0.4796875 0.08125 0.075
0 0.5375 0.6171875 0.0921875 0.1
0 0.540625 0.78046875 0.065625 0.0703125
0 0.46640625 0.846875 0.0890625 0.084375
0 0.10625 0.0265625 0.0875 0.053125
0 0.1734375 0.08515625 0.08125 0.0828125
0 0.2484375 0.03125 0.075 0.0625
0 0.3984375 0.03203125 0.115625 0.0640625
0 0.03046875 0.23359375 0.0609375 0.0828125
0 0.09921875 0.453125 0.0890625 0.09375
0 0.24375 0.46171875 0.090625 0.0953125
0 0.2546875 0.31875 0.0625 0.059375
0 0.84453125 0.33515625 0.0796875 0.0765625
0 0.77109375 0.40625 0.0640625 0.06875
0 0.6984375 0.47890625 0.075 0.0828125
0 0.75859375 0.5453125 0.0640625 0.059375
0 0.6921875 0.6375 0.071875 0.071875
0 0.96875 0.18671875 0.0625 0.0921875
0 0.89609375 0.39296875 0.0578125 0.0671875
0 0.96953125 0.4875 0.0578125 0.084375
0 0.8375 0.61875 0.0859375 0.090625
0 0.75859375 0.70703125 0.0796875 0.0859375
0 0.6921875 0.77734375 0.071875 0.0765625
0 0.76640625 0.846875 0.0953125 0.1
0 0.8296875 0.77265625 0.090625 0.0828125
0 0.1734375 0.6890625 0.103125 0.096875
0 0.109375 0.76953125 0.078125 0.0765625
0 0.23828125 0.7671875 0.1078125 0.103125
0 0.10625 0.91640625 0.078125 0.0828125
0 0.034375 0.9609375 0.06875 0.071875
0 0.17265625 0.96484375 0.1171875 0.0703125
0 0.45390625 0.96484375 0.1171875 0.0703125
0 0.55 0.92265625 0.0828125 0.0953125
0 0.60078125 0.9703125 0.0984375 0.059375
0 0.746875 0.978125 0.078125 0.04375
0 0.83515625 0.934375 0.0671875 0.071875
0 0.90234375 0.85390625 0.0765625 0.0734375
0 0.91484375 0.69609375 0.0640625 0.0796875
0 0.97421875 0.78203125 0.0515625 0.0828125