0 0.315625 0.1 0.084375 0.08125
0 0.2375 0.18125 0.1 0.0875
0 0.3140625 0.2515625 0.103125 0.103125
0 0.3796875 0.328125 0.09375 0.1
0 0.30859375 0.40234375 0.0765625 0.0765625
0 0.2296875 0.47421875 0.06875 0.0796875
0 0.15390625 0.41484375 0.0640625 0.0859375
0 0.09453125 0.31953125 0.0859375 0.0703125
0 0.01953125 0.4046875 0.0328125 0.059375
0 0.0265625 0.553125 0.053125 0.090625
0 0.0796875 0.62421875 0.096875 0.0984375
0 0.153125 0.69296875 0.078125 0.0734375
0 0.234375 0.7859375 0.071875 0.0625
0 0.30703125 0.83828125 0.0734375 0.0828125
0 0.309375 0.7109375 0.078125 0.1
0 0.38828125 0.6375 0.0734375 0.071875
0 0.3015625 0.5484375 0.0859375 0.096875
0 0.38359375 0.47734375 0.1015625 0.1015625
0 0.459375 0.4046875 0.096875 0.090625
0 0.4578125 0.56640625 0.05625 0.0703125
0 0.53203125 0.63046875 0.0796875 0.0796875
0 0.45859375 0.70703125 0.0640625 0.0609375
0 0.52421875 0.7890625 0.0546875 0.0671875
0 0.53671875 0.18515625 0.0890625 0.0890625
0 0.5234375 0.3359375 0.053125 0.0703125
0 0.61015625 0.259375 0.1328125 0.103125
0 0.5328125 0.0453125 0.10625 0.090625
0 0.59921875 0.0921875 0.0953125 0.090625
0 0.6734375 0.1859375 0.0859375 0.08125
0 0.384375 0.0359375 0.10625 0.071875
0 0.7515625 0.10390625 0.08125 0.0921875
0 0.83046875 0.03984375 0.0984375 0.0796875
0 0.959375 0.0484375 0.075 0.090625
0 0.96796875 0.18671875 0.0609375 0.0921875
0 0.88671875 0.26015625 0.0921875 0.1046875
0 0.82109375 0.334375 0.1015625 0.10625
0 0.67734375 0.3390625 0.0578125 0.06875
0 0.60078125 0.40078125 0.090625 0.0921875
0 0.80859375 0.48359375 0.10625 0.1140625
0 0.74921875 0.5609375 0.090625 0.090625
0 0.66796875 0.63046875 0.1015625 0.1046875
0 0.60625 0.5765625 0.046875 0.059375
0 0.61171875 0.7234375 0.0671875 0.0625
0 0.671875 0.79765625 0.071875 0.0890625
0 0.73984375 0.8609375 0.0796875 0.08125
0 0.66015625 0.92890625 0.0765625 0.0671875
0 0.58515625 0.86171875 0.0765625 0.0734375
0 0.51953125 0.9375 0.0703125 0.084375
0 0.4453125 0.9765625 0.109375 0.046875
0 0.29296875 0.9703125 0.0859375 0.059375
0 0.16171875 0.85234375 0.0578125 0.0640625
0 0.08671875 0.78046875 0.0734375 0.0921875
0 0.028125 0.71328125 0.05625 0.0921875
0 0.03515625 0.84765625 0.0703125 0.1171875
0 0.08671875 0.93125 0.0625 0.0875
0 0.01953125 0.9765625 0.0390625 0.046875
0 0.96015625 0.50234375 0.0765625 0.0671875
0 0.97421875 0.34375 0.0515625 0.0625
0 0.96875 0.63203125 0.0625 0.0828125
0 0.88828125 0.709375 0.0734375 0.08125
0 0.95703125 0.778125 0.0703125 0.078125
0 0.87734375 0.85390625 0.0921875 0.0984375
0 0.81328125 0.93203125 0.0859375 0.1046875
0 0.0359375 0.246875 0.071875 0.159375
0 0.959375 0.93984375 0.08125 0.0921875
0 0.88671875 0.98125 0.0546875 0.034375