0 0.21796875 0.19375 0.08515625 0.08828125
0 0.31875 0.28125 0.0953125 0.10078125
0 0.3953125 0.353125 0.075 0.078125
0 0.46171875 0.434375 0.06953125 0.07265625
0 0.24140625 0.3640625 0.11484375 0.09921875
0 0.15625 0.27890625 0.07265625 0.075
0 0.05703125 0.365625 0.0484375 0.075
0 0.13984375 0.43984375 0.0921875 0.078125
0 0.05625 0.52421875 0.1125 0.1078125
0 0.0625 0.68984375 0.125 0.14375
0 0.23671875 0.040625 0.0953125 0.08125
0 0.371875 0.02890625 0.06953125 0.05703125
0 0.46796875 0.10078125 0.10625 0.1109375
0 0.54140625 0.02890625 0.07265625 0.05703125
0 0.62265625 0.08828125 0.1125 0.1109375
0 0.6265625 0.2625 0.0796875 0.08671875
0 0.7015625 0.35 0.10390625 0.10625
0 0.6203125 0.4296875 0.109375 0.10234375
0 0.5296875 0.51796875 0.07265625 0.08515625
0 0.38125 0.51328125 0.08125 0.08515625
0 0.30546875 0.43125 0.09375 0.0953125
0 0.2265625 0.52109375 0.0921875 0.090625
0 0.0515625 0.8453125 0.10234375 0.13203125
0 0.13125 0.77109375 0.08515625 0.0796875
0 0.2015625 0.67265625 0.0796875 0.075
0 0.2984375 0.7578125 0.090625 0.08125
0 0.22734375 0.86796875 0.1234375 0.10078125
0 0.2828125 0.91875 0.0765625 0.0796875
0 0.359375 0.9890625 0.08125 0.021875
0 0.4421875 0.91640625 0.07109375 0.0765625
0 0.3765625 0.68203125 0.07265625 0.075
0 0.29921875 0.603125 0.08125 0.08125
0 0.46171875 0.7640625 0.10390625 0.10078125
0 0.528125 0.84296875 0.10390625 0.1265625
0 0.7109375 0.18515625 0.07109375 0.07109375
0 0.78125 0.275 0.07265625 0.08515625
0 0.7234375 0.03828125 0.0953125 0.0765625
0 0.8 0.10234375 0.0796875 0.08671875
0 0.86953125 0.178125 0.09375 0.08125
0 0.9578125 0.09765625 0.084375 0.0984375
0 0.959375 0.27265625 0.08125 0.090625
0 0.9890625 0.1890625 0.021875 0.08125
0 0.78046875 0.41484375 0.08125 0.096875
0 0.60625 0.5875 0.10390625 0.1125
0 0.70546875 0.68125 0.08828125 0.0921875
0 0.7875 0.5890625 0.078125 0.07109375
0 0.85625 0.65625 0.08359375 0.08359375
0 0.765625 0.7546875 0.075 0.08125
0 0.6265625 0.7609375 0.04140625 0.0484375
0 0.6125 0.9390625 0.11796875 0.121875
0 0.69609375 0.83046875 0.0796875 0.078125
0 0.8546875 0.83828125 0.11640625 0.13515625
0 0.93046875 0.765625 0.059375 0.059375
0 0.94453125 0.9015625 0.05546875 0.08828125
0 0.8625 0.9890625 0.0625 0.021875
0 0.69765625 0.98671875 0.07265625 0.02578125
0 0.7921875 0.94453125 0.05390625 0.05234375
0 0.984375 0.515625 0.03125 0.07265625