0 0.25859375 0.09609375 0.08515625 0.08828125
0 0.359375 0.18359375 0.0953125 0.1
0 0.43515625 0.25546875 0.07421875 0.078125
0 0.5015625 0.3359375 0.06953125 0.07265625
0 0.28203125 0.265625 0.1140625 0.0984375
0 0.196875 0.18046875 0.07265625 0.07421875
0 0.0984375 0.2671875 0.0484375 0.07421875
0 0.18046875 0.34140625 0.09140625 0.078125
0 0.096875 0.42578125 0.1140625 0.10703125
0 0.0265625 0.49140625 0.053125 0.0921875
0 0.1 0.590625 0.13125 0.14375
0 0.5078125 0.0296875 0.10546875 0.05859375
0 0.66171875 0.0234375 0.1125 0.046875
0 0.66640625 0.1640625 0.0796875 0.08671875
0 0.740625 0.2515625 0.10390625 0.10546875
0 0.66015625 0.33125 0.109375 0.10234375
0 0.56953125 0.41953125 0.07265625 0.08515625
0 0.42109375 0.4140625 0.08125 0.08515625
0 0.34609375 0.3328125 0.09375 0.0953125
0 0.2671875 0.421875 0.09140625 0.08984375
0 0.0234375 0.16875 0.046875 0.12265625
0 0.02265625 0.81640625 0.0453125 0.11796875
0 0.03203125 0.96015625 0.0640625 0.0796875
0 0.08203125 0.7453125 0.12265625 0.13125
0 0.171875 0.67109375 0.08515625 0.0796875
0 0.2421875 0.5734375 0.0796875 0.07421875
0 0.3390625 0.65859375 0.08984375 0.08125
0 0.26796875 0.76796875 0.12265625 0.1
0 0.3234375 0.81796875 0.07578125 0.0796875
0 0.40078125 0.9125 0.08125 0.0671875
0 0.484375 0.9640625 0.08125 0.071875
0 0.48203125 0.81640625 0.07109375 0.07578125
0 0.4171875 0.5828125 0.07265625 0.07421875
0 0.33984375 0.5046875 0.08125 0.08125
0 0.5015625 0.6640625 0.10390625 0.1
0 0.5671875 0.74296875 0.10390625 0.1265625
0 0.75 0.0875 0.07109375 0.07109375
0 0.8203125 0.17734375 0.07265625 0.08515625
0 0.8390625 0.02421875 0.0796875 0.0484375
0 0.90859375 0.08046875 0.09375 0.08125
0 0.97734375 0.025 0.0453125 0.05
0 0.978125 0.175 0.04296875 0.08984375
0 0.81953125 0.31640625 0.08125 0.096875
0 0.6453125 0.4890625 0.10390625 0.1125
0 0.74453125 0.58203125 0.08828125 0.09140625
0 0.82578125 0.490625 0.078125 0.07109375
0 0.89453125 0.55703125 0.0828125 0.0828125
0 0.8046875 0.6546875 0.07421875 0.08125
0 0.66640625 0.66171875 0.04140625 0.0484375
0 0.65234375 0.8390625 0.11796875 0.12109375
0 0.73515625 0.73125 0.0796875 0.078125
0 0.89375 0.7390625 0.115625 0.13515625
0 0.96875 0.66640625 0.05859375 0.05859375
0 0.97734375 0.8015625 0.0453125 0.08828125
0 0.9015625 0.9109375 0.0625 0.0640625
0 0.96484375 0.96875 0.0609375 0.0625
0 0.73671875 0.9140625 0.07265625 0.08125
0 0.82421875 0.97265625 0.0859375 0.0546875
0 0.6515625 0.9671875 0.10234375 0.065625
0 0.83125 0.84453125 0.05390625 0.0515625