0 0.6203125 0.02109375 0.128125 0.0421875
0 0.51484375 0.06015625 0.0953125 0.10078125
0 0.5234375 0.25 0.13984375 0.13046875
0 0.425 0.35 0.16171875 0.13984375
0 0.34453125 0.44765625 0.078125 0.09765625
0 0.26328125 0.5390625 0.11484375 0.103125
0 0.178125 0.61484375 0.11875 0.1203125
0 0.0796875 0.71484375 0.10703125 0.10703125
0 0.0265625 0.80703125 0.05234375 0.128125
0 0.3296875 0.0640625 0.11484375 0.1125
0 0.23046875 0.02421875 0.09921875 0.0484375
0 0.07109375 0.159375 0.1265625 0.12421875
0 0.23828125 0.15859375 0.0953125 0.0953125
0 0.16640625 0.2421875 0.09140625 0.0953125
0 0.01640625 0.4296875 0.0328125 0.09375
0 0.01171875 0.63125 0.0234375 0.1265625
0 0.0640625 0.0125 0.1203125 0.025