0 0.28828125 0.18046875 0.0765625 0.0796875
0 0.37890625 0.259375 0.0859375 0.090625
0 0.44765625 0.32421875 0.0671875 0.0703125
0 0.5078125 0.396875 0.0625 0.065625
0 0.309375 0.33359375 0.103125 0.0890625
0 0.2328125 0.25703125 0.065625 0.0671875
0 0.14375 0.33515625 0.04375 0.0671875
0 0.21796875 0.40234375 0.0828125 0.0703125
0 0.1421875 0.478125 0.103125 0.096875
0 0.0671875 0.53828125 0.071875 0.0828125
0 0.1453125 0.62734375 0.11875 0.1296875
0 0.30625 0.03984375 0.0859375 0.0796875
0 0.4265625 0.02890625 0.0625 0.0578125
0 0.51328125 0.096875 0.0953125 0.1
0 0.5796875 0.02890625 0.065625 0.0578125
0 0.65234375 0.0859375 0.1015625 0.1
0 0.65625 0.2421875 0.071875 0.078125
0 0.7234375 0.32109375 0.09375 0.0953125
0 0.65078125 0.39296875 0.0984375 0.0921875
0 0.56875 0.47265625 0.065625 0.0765625
0 0.43515625 0.46796875 0.0734375 0.0765625
0 0.3671875 0.39453125 0.084375 0.0859375
0 0.29609375 0.475 0.0828125 0.08125
0 0.05859375 0.24609375 0.0765625 0.1109375
0 0.03125 0.3296875 0.0625 0.103125
0 0.02734375 0.03203125 0.0546875 0.0640625
0 0.04921875 0.83203125 0.0921875 0.10625
0 0.02578125 0.9171875 0.0515625 0.109375
0 0.06796875 0.96171875 0.0890625 0.0734375
0 0.12890625 0.7671875 0.1109375 0.11875
0 0.21015625 0.7 0.0765625 0.071875
0 0.2734375 0.61171875 0.071875 0.0671875
0 0.3609375 0.68828125 0.08125 0.0734375
0 0.296875 0.7875 0.1109375 0.090625
0 0.346875 0.8328125 0.06875 0.071875
0 0.41640625 0.91796875 0.0734375 0.0609375
0 0.49296875 0.96640625 0.0734375 0.0671875
0 0.48984375 0.83125 0.0640625 0.06875
0 0.43125 0.6203125 0.065625 0.0671875
0 0.36171875 0.54921875 0.0734375 0.0734375
0 0.5078125 0.69375 0.09375 0.090625
0 0.5671875 0.76484375 0.09375 0.1140625
0 0.73203125 0.17265625 0.0640625 0.0640625
0 0.7953125 0.25390625 0.065625 0.0765625
0 0.74375 0.0375 0.0859375 0.075
0 0.8125 0.0984375 0.071875 0.078125
0 0.875 0.16640625 0.084375 0.0734375
0 0.95859375 0.09453125 0.0828125 0.0890625
0 0.959375 0.2515625 0.08125 0.08125
0 0.98671875 0.17734375 0.0265625 0.0734375
0 0.79453125 0.3796875 0.0734375 0.0875
0 0.6375 0.53515625 0.09375 0.1015625
0 0.72734375 0.61953125 0.0796875 0.0828125
0 0.80078125 0.53671875 0.0703125 0.0640625
0 0.8625 0.596875 0.075 0.075
0 0.78125 0.68515625 0.0671875 0.0734375
0 0.65625 0.69140625 0.0375 0.04375
0 0.64375 0.8515625 0.10625 0.109375
0 0.71875 0.75390625 0.071875 0.0703125
0 0.86171875 0.7609375 0.1046875 0.121875
0 0.9296875 0.6953125 0.053125 0.053125
0 0.9421875 0.81796875 0.05 0.0796875
0 0.86875 0.91640625 0.05625 0.0578125
0 0.92578125 0.9703125 0.0546875 0.059375
0 0.7203125 0.91953125 0.065625 0.0734375
0 0.8 0.97421875 0.078125 0.0515625
0 0.64296875 0.96796875 0.0921875 0.0609375
0 0.80546875 0.85625 0.0484375 0.046875
0 0.98125 0.4703125 0.034375 0.065625