0 0.14296875 0.55390625 0.0828125 0.0765625
0 0.22421875 0.47421875 0.1046875 0.1046875
0 0.29453125 0.40703125 0.0890625 0.0890625
0 0.37109375 0.33515625 0.0921875 0.0921875
0 0.29296875 0.2578125 0.0875 0.1
0 0.23359375 0.184375 0.0546875 0.0625
0 0.1609375 0.26171875 0.078125 0.0765625
0 0.1453125 0.10625 0.0890625 0.09375
0 0.3765625 0.04375 0.0875 0.078125
0 0.5046875 0.1625 0.103125 0.096875
0 0.59921875 0.11484375 0.1046875 0.1046875
0 0.721875 0.25234375 0.0828125 0.0921875
0 0.65078125 0.321875 0.1140625 0.103125
0 0.73203125 0.409375 0.1296875 0.121875
0 0.80390625 0.171875 0.0984375 0.1
0 0.5828125 0.546875 0.103125 0.1
0 0.50234375 0.634375 0.1046875 0.1125
0 0.43984375 0.55859375 0.0734375 0.0703125
0 0.6578125 0.628125 0.1125 0.109375
0 0.72578125 0.7203125 0.0984375 0.1125
0 0.79921875 0.63984375 0.1140625 0.1140625
0 0.884375 0.7078125 0.096875 0.09375
0 0.81328125 0.7921875 0.1015625 0.1
0 0.721875 0.85625 0.109375 0.1125
0 0.94609375 0.0328125 0.1046875 0.065625
0 0.98046875 0.10390625 0.0390625 0.0828125
0 0.94765625 0.7875 0.1046875 0.10625
0 0.87890625 0.86328125 0.1078125 0.1078125
0 0.80703125 0.9390625 0.0828125 0.08125
0 0.43203125 0.98046875 0.0828125 0.0390625
0 0.29140625 0.97265625 0.0828125 0.0546875
0 0.134375 0.975 0.08125 0.05
0 0.06796875 0.9328125 0.1046875 0.10625
0 0.0234375 0.87109375 0.046875 0.0921875