0 0.72109375 0.2 0.07578125 0.08125
0 0.653125 0.2828125 0.09140625 0.08125
0 0.565625 0.19296875 0.06953125 0.07421875
0 0.49921875 0.271875 0.08828125 0.08671875
0 0.4125 0.19609375 0.08125 0.07421875
0 0.48203125 0.0984375 0.08125 0.08671875
0 0.559375 0.03125 0.08828125 0.0625
0 0.39453125 0.03671875 0.07265625 0.07265625
0 0.3171875 0.2828125 0.0640625 0.0640625
0 0.40234375 0.3625 0.07421875 0.078125
0 0.48984375 0.45703125 0.08984375 0.0828125
0 0.4984375 0.609375 0.10234375 0.1109375
0 0.49453125 0.78984375 0.07265625 0.078125
0 0.57734375 0.86328125 0.0984375 0.09375
0 0.9015625 0.0328125 0.08984375 0.065625
0 0.9671875 0.42734375 0.065625 0.10390625
0 0.8234375 0.43671875 0.1 0.10546875
0 0.81171875 0.27890625 0.06953125 0.065625
0 0.15859375 0.296875 0.08828125 0.08515625
0 0.23984375 0.37578125 0.07109375 0.07578125
0 0.3203125 0.45625 0.0828125 0.09140625
0 0.253125 0.5296875 0.07109375 0.065625
0 0.32734375 0.63125 0.0796875 0.0796875
0 0.028125 0.13125 0.05625 0.103125
0 0.1015625 0.3609375 0.0640625 0.07421875
0 0.02578125 0.465625 0.0515625 0.09375
0 0.16640625 0.6109375 0.0953125 0.1
0 0.253125 0.70859375 0.08828125 0.0953125
0 0.32734375 0.78671875 0.0796875 0.08515625
0 0.24453125 0.86328125 0.10546875 0.1109375
0 0.175 0.78125 0.1 0.09140625
0 0.9015625 0.68828125 0.1140625 0.10703125
0 0.96484375 0.7765625 0.0703125 0.084375
0 0.8296875 0.775 0.11953125 0.1140625
0 0.96640625 0.940625 0.0671875 0.09140625
0 0.90234375 0.97734375 0.1296875 0.0453125
0 0.590625 0.97734375 0.1296875 0.0453125
0 0.484375 0.946875 0.09140625 0.10546875
0 0.428125 0.98359375 0.109375 0.0328125
0 0.26640625 0.9921875 0.08671875 0.015625
0 0.16875 0.96015625 0.07421875 0.0796875
0 0.09453125 0.87109375 0.08515625 0.08125
0 0.08046875 0.69609375 0.07109375 0.08828125
0 0.021875 0.79140625 0.04296875 0.09140625