0 0.34765625 0.16640625 0.0796875 0.08515625
0 0.41875 0.25390625 0.09609375 0.08515625
0 0.5109375 0.159375 0.07265625 0.078125
0 0.58125 0.2421875 0.09296875 0.090625
0 0.671875 0.1625 0.08515625 0.078125
0 0.59921875 0.06015625 0.08515625 0.090625
0 0.5171875 0.0109375 0.09296875 0.021875
0 0.690625 0.01640625 0.0765625 0.0328125
0 0.771875 0.25390625 0.0671875 0.0671875
0 0.6828125 0.3375 0.078125 0.08203125
0 0.590625 0.43671875 0.09453125 0.0875
0 0.58203125 0.59609375 0.10703125 0.11640625
0 0.58515625 0.78671875 0.0765625 0.08203125
0 0.49921875 0.86328125 0.10390625 0.0984375
0 0.15703125 0.0125 0.0953125 0.025
0 0.01328125 0.14921875 0.0265625 0.0953125
0 0.071875 0.40546875 0.10390625 0.109375
0 0.23984375 0.415625 0.10546875 0.1109375
0 0.25234375 0.24921875 0.07265625 0.06875
0 0.9390625 0.26796875 0.09296875 0.0890625
0 0.85390625 0.35078125 0.07421875 0.0796875
0 0.76875 0.43515625 0.0875 0.09609375
0 0.8390625 0.5125 0.07421875 0.06875
0 0.76171875 0.6203125 0.08359375 0.08359375
0 0.9828125 0.33515625 0.034375 0.078125
0 0.93125 0.5984375 0.1 0.10546875
0 0.8390625 0.70078125 0.09296875 0.1
0 0.76171875 0.7828125 0.08359375 0.0890625
0 0.8484375 0.86328125 0.1109375 0.11640625
0 0.921875 0.77734375 0.10546875 0.09609375
0 0.1578125 0.6796875 0.1203125 0.1125
0 0.08359375 0.7734375 0.090625 0.0890625
0 0.23359375 0.77109375 0.12578125 0.1203125
0 0.0796875 0.94453125 0.090625 0.09609375
0 0.01796875 0.97734375 0.0359375 0.0453125
0 0.15703125 0.9796875 0.13671875 0.03984375
0 0.484375 0.9796875 0.13671875 0.03984375
0 0.59453125 0.94765625 0.0953125 0.1046875
0 0.6546875 0.9859375 0.115625 0.028125
0 0.928125 0.96171875 0.078125 0.0765625
0 0.98046875 0.87109375 0.0390625 0.0859375
0 0.99140625 0.6875 0.0171875 0.09375