0 0.0171875 0.20078125 0.034375 0.0828125
0 0.14140625 0.21015625 0.0703125 0.0828125
0 0.071875 0.13671875 0.090625 0.1015625
0 0.29375 0.0625 0.09375 0.109375
0 0.01953125 0.06875 0.0390625 0.10625
0 0.28046875 0.3578125 0.0828125 0.090625
0 0.21015625 0.42890625 0.0828125 0.0828125
0 0.14140625 0.50625 0.1015625 0.090625
0 0.06875 0.5828125 0.075 0.078125
0 0.0171875 0.953125 0.034375 0.078125
0 0.2796875 0.803125 0.075 0.090625
0 0.2125 0.73359375 0.10625 0.0984375
0 0.715625 0.5203125 0.09375 0.109375
0 0.43359375 0.3671875 0.0859375 0.09375