0 0.59609375 0.6734375 0.06171875 0.065625
0 0.67265625 0.584375 0.10859375 0.09375
0 0.7609375 0.66640625 0.06171875 0.07109375
0 0.7609375 0.49375 0.09921875 0.09921875
0 0.66953125 0.396875 0.046875 0.05625
0 0.409375 0.309375 0.08046875 0.075
0 0.74921875 0.3125 0.09375 0.09375
0 0.85234375 0.40703125 0.09375 0.084375
0 0.9328125 0.48046875 0.09375 0.09921875
0 0.66953125 0.76015625 0.065625 0.07109375
0 0.58984375 0.84453125 0.05625 0.07109375
0 0.5859375 0.13359375 0.09375 0.09921875
0 0.41015625 0.13359375 0.08984375 0.11796875
0 0.4875 0.22734375 0.084375 0.09921875
0 0.68203125 0.22734375 0.05234375 0.06171875
0 0.7609375 0.1453125 0.08046875 0.084375
0 0.84921875 0.0578125 0.08046875 0.07109375
0 0.496875 0.0359375 0.103125 0.07109375
0 0.0078125 0.21796875 0.01484375 0.08046875
0 0.06171875 0.1234375 0.0375 0.03359375
0 0.15234375 0.2046875 0.06171875 0.065625
0 0.15546875 0.92578125 0.075 0.084375
0 0.1546875 0.0453125 0.0578125 0.05234375
0 0.59765625 0.9953125 0.07109375 0.009375