0 0.4953125 0.0265625 0.04921875 0.04921875
0 0.34375 0.03828125 0.040625 0.040625
0 0.2671875 0.1078125 0.04609375 0.04921875
0 0.57890625 0.109375 0.04609375 0.040625
0 0.71484375 0.1109375 0.0625 0.0703125
0 0.64921875 0.17578125 0.04609375 0.04609375
0 0.421875 0.1125 0.040625 0.040625
0 0.34375 0.19453125 0.05703125 0.05703125
0 0.56953125 0.2625 0.040625 0.04609375
0 0.42890625 0.26640625 0.05390625 0.05390625
0 0.49453125 0.18671875 0.0375 0.0328125
0 0.5 0.3421875 0.04921875 0.05703125
0 0.659375 0.35078125 0.065625 0.065625
0 0.34453125 0.359375 0.04921875 0.065625
0 0.72734375 0.2703125 0.0375 0.0625
0 0.659375 0.50078125 0.08203125 0.0703125
0 0.50390625 0.509375 0.05703125 0.05390625
0 0.4171875 0.43203125 0.040625 0.040625
0 0.57578125 0.5734375 0.07890625 0.07890625
0 0.653125 0.64921875 0.0703125 0.065625
0 0.50234375 0.653125 0.0703125 0.05703125
0 0.4234375 0.58203125 0.0703125 0.07890625
0 0.33828125 0.50078125 0.0375 0.0375
0 0.26953125 0.4296875 0.0734375 0.07890625
0 0.5796875 0.72734375 0.0703125 0.0734375
0 0.5015625 0.81171875 0.0625 0.0625
0 0.4203125 0.7359375 0.0703125 0.065625
0 0.34765625 0.80625 0.065625 0.0625
0 0.340625 0.66640625 0.07890625 0.0734375
0 0.2703125 0.73828125 0.065625 0.08671875
0 0.26484375 0.5828125 0.0703125 0.08671875
0 0.196875 0.51171875 0.04921875 0.04609375
0 0.11875 0.590625 0.040625 0.0375
0 0.19296875 0.66484375 0.05703125 0.05390625
0 0.034375 0.66953125 0.04609375 0.05703125
0 0.11171875 0.74921875 0.0625 0.07890625
0 0.184375 0.8234375 0.05703125 0.05390625
0 0.03828125 0.8234375 0.0703125 0.0703125
0 0.1875 0.03046875 0.05703125 0.05703125
0 0.11015625 0.11796875 0.04921875 0.04609375
0 0.0453125 0.0515625 0.02421875 0.02421875
0 0.1828125 0.1984375 0.0375 0.04921875
0 0.19375 0.35078125 0.04609375 0.04921875
0 0.04375 0.971875 0.05390625 0.05546875
0 0.1875 0.9640625 0.05703125 0.071875
0 0.1203125 0.8890625 0.08671875 0.08671875
0 0.63671875 0.96953125 0.0703125 0.0609375
0 0.5671875 0.88671875 0.0625 0.065625
0 0.4921875 0.965625 0.065625 0.065625
0 0.3484375 0.971875 0.05703125 0.05546875
0 0.428125 0.8890625 0.0625 0.05390625
0 0.26171875 0.8921875 0.05703125 0.065625
0 0.72578125 0.57265625 0.05703125 0.07734375
0 0.7203125 0.728125 0.05703125 0.08203125