0 0.984375 0.48125 0.03125 0.0734375
0 0.93046875 0.40390625 0.0703125 0.0734375
0 0.771875 0.0875 0.065625 0.0734375
0 0.70078125 0.16015625 0.0703125 0.08671875
0 0.62265625 0.08046875 0.04609375 0.04921875
0 0.3921875 0.01328125 0.08203125 0.0265625
0 0.31171875 0.08046875 0.04609375 0.04921875
0 0.38515625 0.153125 0.0625 0.0734375
0 0.2359375 0.153125 0.04921875 0.05703125
0 0.1578125 0.0765625 0.040625 0.05703125
0 0.23671875 0.01328125 0.05390625 0.0265625
0 0.01796875 0.06015625 0.0359375 0.05390625
0 0.31328125 0.23515625 0.04921875 0.05703125
0 0.53515625 0.32578125 0.05703125 0.040625
0 0.62421875 0.23515625 0.08203125 0.0734375
0 0.70234375 0.3203125 0.05703125 0.05390625
0 0.46875 0.39765625 0.04921875 0.05390625
0 0.92890625 0.25390625 0.0734375 0.0953125
0 0.85 0.33203125 0.0734375 0.08671875
0 0.7703125 0.5671875 0.0625 0.065625
0 0.6984375 0.4875 0.04921875 0.05390625
0 0.790625 0.42421875 0.05390625 0.065625
0 0.02421875 0.53984375 0.0484375 0.0796875
0 0.0890625 0.62578125 0.0703125 0.0734375
0 0.0265625 0.69609375 0.05234375 0.0703125
0 0.0796875 0.78125 0.0734375 0.05703125
0 0.1625 0.70234375 0.065625 0.0734375
0 0.234375 0.63203125 0.0625 0.05390625
0 0.2515625 0.78671875 0.05703125 0.0625
0 0.3890625 0.78828125 0.0703125 0.08203125
0 0.39765625 0.63359375 0.0375 0.040625
0 0.69375 0.7953125 0.0625 0.07890625
0 0.02421875 0.84140625 0.0484375 0.0578125
0 0.096875 0.9296875 0.04921875 0.04609375
0 0.16171875 0.86328125 0.02421875 0.02421875
0 0.0234375 0.9921875 0.0375 0.015625
0 0.24296875 0.93203125 0.0625 0.05703125
0 0.3984375 0.9296875 0.04609375 0.04609375
0 0.4703125 0.9921875 0.05625 0.015625