0 0.97421875 0.38203125 0.0515625 0.0546875
0 0.96484375 0.52265625 0.0703125 0.0828125
0 0.8296875 0.2359375 0.090625 0.090625
0 0.90703125 0.31875 0.0703125 0.059375
0 0.8328125 0.38125 0.0625 0.059375
0 0.9046875 0.446875 0.075 0.059375
0 0.81875 0.5328125 0.04375 0.04375
0 0.765625 0.30859375 0.0625 0.0703125
0 0.5453125 0.2390625 0.075 0.078125
0 0.44765625 0.46171875 0.0828125 0.1015625
0 0.38671875 0.5390625 0.0859375 0.078125
0 0.3328125 0.03515625 0.0625 0.0703125
0 0.246875 0.84765625 0.0625 0.0703125
0 0.31484375 0.91640625 0.0671875 0.0828125
0 0.2421875 0.7 0.078125 0.078125
0 0.3890625 0.840625 0.04375 0.046875
0 0.609375 0.7578125 0.078125 0.0625
0 0.6859375 0.840625 0.04375 0.046875
0 0.615625 0.91015625 0.059375 0.0703125
0 0.7578125 0.91015625 0.046875 0.0546875
0 0.83203125 0.83671875 0.0390625 0.0546875
0 0.75703125 0.75390625 0.0515625 0.0703125
0 0.97421875 0.82109375 0.0515625 0.0515625
0 0.890625 0.60234375 0.0625 0.0703125
0 0.684375 0.98046875 0.046875 0.0390625
0 0.3875 0.9765625 0.078125 0.046875
0 0.09765625 0.98046875 0.0703125 0.0390625