0 0.7078125 0.5546875 0.078125 0.078125
0 0.7796875 0.47265625 0.059375 0.0703125
0 0.63125 0.48125 0.075 0.078125
0 0.56328125 0.54765625 0.0703125 0.0703125
0 0.709375 0.69921875 0.059375 0.0703125
0 0.559375 0.70703125 0.078125 0.0859375
0 0.4921875 0.6328125 0.078125 0.078125
0 0.55703125 0.41328125 0.0671875 0.0828125
0 0.84609375 0.39921875 0.0671875 0.0703125
0 0.4859375 0.47890625 0.075 0.0828125
0 0.48828125 0.33828125 0.0546875 0.0671875
0 0.42109375 0.2625 0.0828125 0.078125
0 0.98203125 0.09765625 0.0359375 0.0703125
0 0.4140625 0.98203125 0.078125 0.0359375
0 0.5609375 0.978125 0.075 0.04375
0 0.19453125 0.94375 0.0671875 0.059375
0 0.48828125 0.92109375 0.0859375 0.0671875
0 0.55625 0.853125 0.059375 0.059375
0 0.42109375 0.85078125 0.0828125 0.0828125
0 0.35 0.7859375 0.090625 0.09375
0 0.84765625 0.25625 0.0703125 0.090625
0 0.92265625 0.33046875 0.0703125 0.0828125
0 0.984375 0.5546875 0.03125 0.0625
0 0.9765625 0.41875 0.046875 0.0625