0 0.98046875 0.0953125 0.0390625 0.059375
0 0.9125 0.0234375 0.059375 0.046875
0 0.834375 0.09609375 0.04375 0.0515625
0 0.76640625 0.17578125 0.0546875 0.0703125
0 0.765625 0.025 0.046875 0.04375
0 0.4703125 0.03125 0.04375 0.0625
0 0.4046875 0.10390625 0.04375 0.0515625
0 0.2625 0.11328125 0.078125 0.0859375
0 0.3375 0.18984375 0.059375 0.0515625
0 0.41015625 0.26015625 0.0546875 0.0515625
0 0.55390625 0.25859375 0.0671875 0.0546875
0 0.1859375 0.0375 0.075 0.075
0 0.62109375 0.17578125 0.0546875 0.0546875
0 0.475 0.33046875 0.059375 0.0671875
0 0.6234375 0.328125 0.059375 0.046875
0 0.69609375 0.3984375 0.0703125 0.078125
0 0.6234375 0.45390625 0.075 0.0234375
0 0.103125 0.42109375 0.059375 0.0671875
0 0.03828125 0.35078125 0.0671875 0.0671875
0 0.91796875 0.31640625 0.0390625 0.0546875
0 0.759375 0.446875 0.075 0.04375
0 0.45703125 0.453125 0.0546875 0.03125