0 0.0640625 0.01875 0.06875 0.0375
0 0.153125 0.09453125 0.05078125 0.059375
0 0.23203125 0.18671875 0.06328125 0.08125
0 0.23359375 0.01875 0.0546875 0.0375
0 0.57421875 0.028125 0.05078125 0.05625
0 0.65 0.10390625 0.05078125 0.059375
0 0.8140625 0.11484375 0.090625 0.09921875
0 0.72734375 0.203125 0.06875 0.059375
0 0.64375 0.284375 0.06328125 0.059375
0 0.47734375 0.2828125 0.07734375 0.06328125
0 0.90234375 0.03515625 0.08671875 0.0703125
0 0.4 0.18671875 0.06328125 0.06328125
0 0.56875 0.365625 0.06875 0.07734375
0 0.396875 0.3625 0.06875 0.05390625
0 0.31328125 0.44375 0.08125 0.090625
0 0.396875 0.5078125 0.08671875 0.02734375
0 0.98203125 0.4703125 0.0359375 0.07734375
0 0.05703125 0.34921875 0.0453125 0.06328125
0 0.23984375 0.5 0.08671875 0.05078125
0 0.5890625 0.50703125 0.06328125 0.0359375