0 0.121875 0.9921875 0.08125 0.01484375
0 0.2703125 0.9796875 0.11796875 0.040625
0 0.1953125 0.9375 0.11015625 0.09765625
0 0.04296875 0.95234375 0.0859375 0.09453125
0 0.57890625 0.884375 0.1234375 0.14375
0 0.50859375 0.7828125 0.1015625 0.11015625
0 0.42890625 0.70546875 0.08125 0.08984375
0 0.35625 0.78359375 0.11796875 0.11796875
0 0.19609375 0.7921875 0.11796875 0.1015625
0 0.125 0.87109375 0.11484375 0.08984375
0 0.05546875 0.8046875 0.1109375 0.115625
0 0.346875 0.6359375 0.11015625 0.1265625
0 0.04765625 0.63984375 0.09453125 0.1015625
0 0.0109375 0.7125 0.021875 0.13203125
0 0.27734375 0.40625 0.11484375 0.1234375
0 0.1875 0.4875 0.11796875 0.1265625
0 0.25703125 0.575 0.09765625 0.08984375
0 0.4359375 0.55 0.084375 0.08984375
0 0.5140625 0.31953125 0.1234375 0.11796875
0 0.4296875 0.23046875 0.08984375 0.09296875
0 0.05 0.16640625 0.1 0.09296875
0 0.28359375 0.0796875 0.11796875 0.11484375
0 0.590625 0.2453125 0.08984375 0.09765625
0 0.90546875 0.22265625 0.13515625 0.11484375
0 0.97265625 0.3046875 0.05390625 0.08984375
0 0.834375 0.1390625 0.08125 0.08984375
0 0.6703125 0.15390625 0.11484375 0.1015625
0 0.75078125 0.08515625 0.08984375 0.0875
0 0.89921875 0.0609375 0.10625 0.11796875
0 0.97109375 0.14921875 0.0578125 0.09296875
0 0.70625 0.0109375 0.13515625 0.021875
0 0.82265625 0.02421875 0.0890625 0.0484375
0 0.97109375 0.0203125 0.0578125 0.040625
0 0.6625 0.47734375 0.11484375 0.1234375
0 0.73046875 0.72890625 0.1234375 0.1265625
0 0.6546875 0.625 0.10625 0.11484375
0 0.5125 0.47578125 0.1265625 0.14375