0 0.52578125 0.04375 0.0609375 0.0609375
0 0.37421875 0.0390625 0.06484375 0.0609375
0 0.29765625 0.00625 0.0640625 0.0125
0 0.14140625 0.01015625 0.0609375 0.0203125
0 0.2140625 0.05546875 0.05625 0.053125
0 0.0703125 0.05546875 0.06953125 0.06953125
0 0.009375 0.125 0.01875 0.065625
0 0.075 0.20625 0.053125 0.06484375
0 0.009375 0.89140625 0.01875 0.0640625
0 0.0671875 0.66015625 0.06953125 0.06953125
0 0.05625 0.96875 0.03203125 0.040625
0 0.20625 0.9640625 0.0453125 0.053125
0 0.28203125 0.8890625 0.06484375 0.06484375
0 0.5109375 0.9703125 0.06484375 0.059375
0 0.59140625 0.8984375 0.06953125 0.0609375
0 0.73359375 0.91640625 0.06484375 0.06484375
0 0.140625 0.74140625 0.06484375 0.06953125
0 0.21328125 0.8203125 0.06484375 0.07265625
0 0.43515625 0.73125 0.0484375 0.05625
0 0.36015625 0.6546875 0.06953125 0.06484375
0 0.2953125 0.58828125 0.07734375 0.06953125
0 0.2171875 0.65703125 0.07265625 0.06953125
0 0.28671875 0.73515625 0.0609375 0.06484375
0 0.06796875 0.5109375 0.06484375 0.07734375
0 0.01171875 0.43359375 0.0234375 0.0703125
0 0.134375 0.27890625 0.053125 0.06484375
0 0.2171875 0.19453125 0.05625 0.07265625
0 0.15078125 0.1203125 0.08515625 0.08515625
0 0.73515625 0.26953125 0.0609375 0.07734375
0 0.66640625 0.3453125 0.07734375 0.07734375
0 0.65859375 0.2 0.06953125 0.0609375
0 0.590625 0.11796875 0.0609375 0.06484375
0 0.51640625 0.1953125 0.06484375 0.06484375
0 0.59609375 0.265625 0.07265625 0.053125
0 0.434375 0.2734375 0.05625 0.06953125
0 0.3703125 0.3484375 0.05625 0.06484375
0 0.375 0.20234375 0.05625 0.05625
0 0.453125 0.1203125 0.0609375 0.053125
0 0.28984375 0.12265625 0.05625 0.06484375