0 0.24375 0.01484375 0.10390625 0.0296875
0 0.16484375 0.04296875 0.0953125 0.0859375
0 0.0890625 0.1265625 0.09140625 0.1
0 0.259375 0.12421875 0.13515625 0.13828125
0 0.33828125 0.0515625 0.1171875 0.103125
0 0.41640625 0.01328125 0.1125 0.02578125
0 0.41875 0.12578125 0.11796875 0.1125
0 0.2546875 0.28125 0.0828125 0.0953125
0 0.09453125 0.29609375 0.09140625 0.11796875
0 0.34375 0.203125 0.1125 0.1125
0 0.509375 0.35 0.109375 0.0953125
0 0.42109375 0.46640625 0.1125 0.0953125
0 0.175 0.3734375 0.08671875 0.11796875
0 0.10625 0.43671875 0.09140625 0.1125
0 0.18359375 0.53359375 0.12109375 0.1265625
0 0.34375 0.53359375 0.078125 0.09140625
0 0.3453125 0.6953125 0.109375 0.13828125
0 0.4296875 0.61953125 0.0953125 0.0828125
0 0.7453125 0.63046875 0.08671875 0.0953125
0 0.96953125 0.7203125 0.0609375 0.109375
0 0.9171875 0.12734375 0.0828125 0.07421875
0 0.9765625 0.21796875 0.046875 0.0828125
0 0.9046875 0.95 0.12109375 0.1