0 0.0296875 0.47265625 0.059375 0.0703125
0 0.09609375 0.39921875 0.0671875 0.0703125
0 0.246875 0.09765625 0.0625 0.0703125
0 0.31484375 0.16640625 0.0671875 0.0828125
0 0.3890625 0.090625 0.04375 0.046875
0 0.609375 0.01953125 0.078125 0.0390625
0 0.6859375 0.090625 0.04375 0.046875
0 0.615625 0.16015625 0.059375 0.0703125
0 0.7578125 0.16015625 0.046875 0.0546875
0 0.83203125 0.08671875 0.0390625 0.0546875
0 0.75703125 0.01953125 0.0515625 0.0390625
0 0.97421875 0.07109375 0.0515625 0.0515625
0 0.684375 0.23828125 0.046875 0.0546875
0 0.47265625 0.32421875 0.0546875 0.0390625
0 0.3875 0.23828125 0.078125 0.0703125
0 0.31328125 0.31953125 0.0546875 0.0515625
0 0.5359375 0.39296875 0.046875 0.0515625
0 0.09765625 0.25625 0.0703125 0.090625
0 0.17265625 0.33046875 0.0703125 0.0828125
0 0.2484375 0.5546875 0.059375 0.0625
0 0.3171875 0.47890625 0.046875 0.0515625
0 0.22890625 0.41875 0.0515625 0.0625
0 0.96875 0.5296875 0.0625 0.075
0 0.89765625 0.61015625 0.0671875 0.0703125
0 0.96640625 0.67734375 0.0671875 0.0671875
0 0.90703125 0.75859375 0.0703125 0.0546875
0 0.828125 0.68359375 0.0625 0.0703125
0 0.759375 0.61640625 0.059375 0.0515625
0 0.74296875 0.7640625 0.0546875 0.059375
0 0.61171875 0.765625 0.0671875 0.078125
0 0.60390625 0.61796875 0.0359375 0.0390625
0 0.321875 0.771875 0.059375 0.075
0 0.96484375 0.81640625 0.0546875 0.0546875
0 0.890625 0.9 0.046875 0.04375
0 0.82890625 0.83671875 0.0234375 0.0234375
0 0.96015625 0.9765625 0.0359375 0.046875
0 0.7515625 0.90234375 0.059375 0.0546875
0 0.675 0.98203125 0.046875 0.0359375
0 0.603125 0.9 0.04375 0.04375
0 0.53515625 0.9765625 0.0546875 0.046875