0 0.078125 0.08984375 0.09375 0.0859375
0 0.1578125 0.16875 0.075 0.078125
0 0.88359375 0.0328125 0.0828125 0.065625
0 0.73828125 0.02734375 0.0546875 0.0546875
0 0.665625 0.09453125 0.075 0.0703125
0 0.58984375 0.0296875 0.0703125 0.059375
0 0.15546875 0.02734375 0.0828125 0.0546875
0 0.4421875 0.0296875 0.078125 0.059375
0 0.371875 0.09609375 0.078125 0.0671875
0 0.0171875 0.025 0.034375 0.05
0 0.215625 0.075 0.078125 0.078125
0 0.14765625 0.31875 0.0671875 0.075
0 0.22265625 0.3890625 0.0859375 0.090625
0 0.22734375 0.23515625 0.0859375 0.0859375
0 0.28359375 0.31171875 0.0671875 0.0671875
0 0.371875 0.234375 0.078125 0.078125
0 0.43984375 0.31640625 0.0671875 0.0703125
0 0.43671875 0.46875 0.0828125 0.078125
0 0.5203125 0.3953125 0.046875 0.046875
0 0.584375 0.328125 0.059375 0.0625
0 0.72265625 0.3171875 0.0859375 0.09375
0 0.66640625 0.240625 0.0828125 0.075
0 0.51796875 0.2421875 0.0984375 0.078125
0 0.5875 0.16875 0.090625 0.078125
0 0.52578125 0.090625 0.0671875 0.0625
0 0.4359375 0.17109375 0.090625 0.0828125
0 0.58828125 0.46796875 0.0671875 0.0671875
0 0.5171875 0.55078125 0.075 0.0859375
0 0.74140625 0.475 0.0828125 0.075
0 0.80859375 0.40078125 0.0859375 0.0828125
0 0.64296875 0.546875 0.1140625 0.109375
0 0.7953125 0.54296875 0.10625 0.0703125
0 0.8796875 0.46171875 0.078125 0.0703125
0 0.94375 0.39296875 0.090625 0.0828125
0 0.8828125 0.3140625 0.078125 0.090625
0 0.97421875 0.17109375 0.0515625 0.1171875
0 0.9609375 0.85625 0.078125 0.0625
0 0.74140625 0.934375 0.0984375 0.09375
0 0.80703125 0.8578125 0.0828125 0.090625
0 0.8875 0.7796875 0.09375 0.090625
0 0.95 0.70546875 0.09375 0.0984375
0 0.7390625 0.77734375 0.078125 0.0546875
0 0.665625 0.85078125 0.075 0.0671875
0 0.59375 0.9390625 0.078125 0.10625
0 0.8171875 0.98046875 0.09375 0.0390625
0 0.87890625 0.9125 0.0859375 0.059375
0 0.9546875 0.978125 0.090625 0.04375
0 0.5859375 0.76953125 0.109375 0.0859375
0 0.50703125 0.69609375 0.0984375 0.0859375
0 0.6734375 0.709375 0.121875 0.090625
0 0.8109375 0.696875 0.075 0.0703125
0 0.74921875 0.62421875 0.0828125 0.0671875
0 0.58984375 0.62734375 0.0859375 0.0828125
0 0.3765625 0.69921875 0.075 0.0703125
0 0.50234375 0.8484375 0.0984375 0.09375
0 0.88515625 0.61875 0.0828125 0.090625