0 0.2328125 0.16640625 0.11640625 0.14296875
0 0.3140625 0.0765625 0.06796875 0.07109375
0 0.38984375 0.01953125 0.09453125 0.0390625
0 0.23125 0.025 0.1484375 0.05
0 0.5625 0.15 0.10703125 0.10390625
0 0.65 0.08046875 0.12109375 0.14296875
0 0.8859375 0.15 0.10390625 0.10390625
0 0.80625 0.07890625 0.13046875 0.12109375
0 0.71953125 0.17109375 0.0890625 0.10390625
0 0.64296875 0.23359375 0.10703125 0.0859375
0 0.80859375 0.2328125 0.10703125 0.0984375
0 0.6359375 0.40859375 0.10390625 0.10390625
0 0.56953125 0.3171875 0.0859375 0.08046875
0 0.4328125 0.41171875 0.1875 0.0984375
0 0.725 0.3265625 0.10390625 0.10703125
0 0.89296875 0.31484375 0.0890625 0.0765625
0 0.92578125 0.4046875 0.1484375 0.1125