0 0.70078125 0.03671875 0.0953125 0.0734375
0 0.5546875 0.04453125 0.0875 0.0890625
0 0.92578125 0.10390625 0.07578125 0.07578125
0 0.9796875 0.034375 0.040625 0.06328125
0 0.978125 0.17734375 0.04375 0.07578125
0 0.6984375 0.17265625 0.10703125 0.11015625
0 0.61796875 0.09921875 0.09453125 0.07578125
0 0.5515625 0.16796875 0.09453125 0.09453125
0 0.4828125 0.259375 0.09140625 0.11015625
0 0.61953125 0.2546875 0.09140625 0.09453125
0 0.765625 0.24765625 0.09140625 0.08671875
0 0.83671875 0.18359375 0.09140625 0.09453125
0 0.1125 0.03046875 0.07421875 0.0609375
0 0.03828125 0.0921875 0.06796875 0.0515625
0 0.18515625 0.9828125 0.09453125 0.034375
0 0.3359375 0.86015625 0.07109375 0.07890625
0 0.115625 0.93203125 0.08515625 0.09140625
0 0.2625 0.93515625 0.09140625 0.07890625
0 0.2875 0.98671875 0.17265625 0.0265625
0 0.4859375 0.98671875 0.07578125 0.0265625
0 0.68671875 0.93984375 0.07578125 0.08671875
0 0.54375 0.93671875 0.06328125 0.07578125
0 0.9703125 0.93828125 0.059375 0.09921875
0 0.971875 0.78203125 0.05625 0.08671875
0 0.92578125 0.85625 0.059375 0.0546875
0 0.92265625 0.71015625 0.07578125 0.06796875
0 0.775 0.8625 0.07890625 0.06796875
0 0.83984375 0.91875 0.059375 0.07109375
0 0.8421875 0.78359375 0.08671875 0.08359375
0 0.69921875 0.77734375 0.0515625 0.07109375
0 0.76953125 0.7078125 0.08359375 0.07890625
0 0.83828125 0.6359375 0.07890625 0.08671875
0 0.978125 0.62890625 0.04375 0.06328125
0 0.62265625 0.70390625 0.07890625 0.07109375
0 0.8484375 0.47890625 0.08359375 0.10234375
0 0.77421875 0.553125 0.09921875 0.09453125
0 0.465625 0.56015625 0.07890625 0.08359375
0 0.5453125 0.47890625 0.09140625 0.08671875
0 0.6203125 0.54375 0.06796875 0.059375
0 0.69921875 0.47578125 0.06796875 0.07109375
0 0.63046875 0.40078125 0.09453125 0.09453125
0 0.475 0.3953125 0.09140625 0.07734375
0 0.38359375 0.47734375 0.10703125 0.08359375
0 0.33515625 0.3984375 0.09453125 0.08359375
0 0.40625 0.32734375 0.07109375 0.059375
0 0.2625 0.32265625 0.07578125 0.06328125
0 0.10078125 0.475 0.09140625 0.07890625
0 0.178125 0.39296875 0.07109375 0.07890625
0 0.1109375 0.32578125 0.07109375 0.07890625
0 0.103125 0.16796875 0.07109375 0.06328125
0 0.17734375 0.25078125 0.09453125 0.10234375
0 0.2609375 0.1671875 0.09453125 0.08359375
0 0.334375 0.2515625 0.08359375 0.07890625
0 0.33125 0.10625 0.08671875 0.10234375
0 0.18828125 0.10625 0.06796875 0.06484375
0 0.11171875 0.775 0.07890625 0.059375
0 0.25703125 0.79140625 0.07109375 0.06796875
0 0.31953125 0.7125 0.09453125 0.09140625
0 0.0453125 0.703125 0.090625 0.0875
0 0.18515625 0.86171875 0.10078125 0.09140625
0 0.259375 0.03984375 0.11875 0.0796875
0 0.55 0.32890625 0.08359375 0.10078125