0 0.04921875 0.1078125 0.0515625 0.04375
0 0.04765625 0.41015625 0.0859375 0.0859375
0 0.121875 0.328125 0.09375 0.078125
0 0.203125 0.4140625 0.109375 0.125
0 0.19765625 0.10546875 0.0984375 0.1015625
0 0.325 0.10859375 0.078125 0.0984375
0 0.2703125 0.17578125 0.078125 0.0703125
0 0.265625 0.0484375 0.078125 0.096875
0 0.19375 0.25703125 0.04375 0.0359375
0 0.4203125 0.03515625 0.075 0.0703125
0 0.55859375 0.18828125 0.0703125 0.0703125
0 0.71015625 0.1890625 0.0671875 0.059375
0 0.6265625 0.2515625 0.090625 0.075
0 0.78359375 0.26640625 0.0984375 0.0859375
0 0.85234375 0.340625 0.0703125 0.078125
0 0.55546875 0.3421875 0.0703125 0.075
0 0.48828125 0.41484375 0.1015625 0.0859375
0 0.63515625 0.41796875 0.0515625 0.0390625
0 0.85546875 0.04375 0.0703125 0.078125
0 0.7515625 0.02734375 0.121875 0.0546875
0 0.91796875 0.41484375 0.0859375 0.0859375
0 0.85078125 0.48359375 0.0671875 0.0671875
0 0.98203125 0.4875 0.0359375 0.078125
0 0.7078125 0.49296875 0.0625 0.0703125
0 0.56171875 0.48515625 0.0984375 0.1015625
0 0.7796875 0.5609375 0.059375 0.059375
0 0.26796875 0.49453125 0.0515625 0.0671875
0 0.34296875 0.5484375 0.0359375 0.04375
0 0.18984375 0.54921875 0.0828125 0.0828125
0 0.12109375 0.621875 0.0703125 0.078125
0 0.19375 0.70390625 0.075 0.0703125
0 0.1078125 0.7703125 0.059375 0.0625
0 0.0453125 0.85546875 0.090625 0.1015625
0 0.11796875 0.91796875 0.0703125 0.0703125
0 0.25 0.9296875 0.09375 0.09375
0 0.040625 0.98203125 0.08125 0.0359375
0 0.25234375 0.77421875 0.0984375 0.1015625
0 0.3453125 0.8640625 0.075 0.09375
0 0.40859375 0.9296875 0.0671875 0.078125
0 0.55390625 0.94609375 0.0984375 0.1015625
0 0.48828125 0.978125 0.0859375 0.04375
0 0.7 0.7890625 0.078125 0.09375
0 0.71015625 0.63515625 0.0671875 0.0671875
0 0.8453125 0.63984375 0.090625 0.0984375
0 0.7828125 0.7125 0.090625 0.075
0 0.85546875 0.79765625 0.0703125 0.0703125
0 0.98203125 0.64921875 0.0359375 0.0828125
0 0.978125 0.79765625 0.04375 0.0703125