0 0.7 0.0390625 0.09375 0.078125
0 0.55546875 0.046875 0.0859375 0.09375
0 0.9234375 0.1078125 0.075 0.075
0 0.978125 0.0390625 0.04375 0.0625
0 0.9765625 0.18125 0.046875 0.075
0 0.696875 0.1765625 0.10625 0.109375
0 0.6171875 0.103125 0.09375 0.075
0 0.5515625 0.171875 0.09375 0.09375
0 0.4828125 0.2625 0.090625 0.109375
0 0.61875 0.2578125 0.090625 0.09375
0 0.7640625 0.25078125 0.090625 0.0859375
0 0.834375 0.1875 0.090625 0.09375
0 0.11484375 0.0328125 0.0734375 0.065625
0 0.04140625 0.09609375 0.0671875 0.0515625
0 0.1875 0.98203125 0.09375 0.0359375
0 0.33671875 0.859375 0.0703125 0.078125
0 0.11796875 0.93125 0.084375 0.090625
0 0.2640625 0.934375 0.090625 0.078125
0 0.2890625 0.9859375 0.171875 0.028125
0 0.4859375 0.9859375 0.075 0.028125
0 0.6859375 0.93828125 0.075 0.0859375
0 0.54375 0.9359375 0.0625 0.075
0 0.96875 0.93671875 0.0625 0.0984375
0 0.9703125 0.78203125 0.059375 0.0859375
0 0.9234375 0.85546875 0.059375 0.0546875
0 0.9203125 0.71015625 0.075 0.0671875
0 0.7734375 0.86171875 0.078125 0.0671875
0 0.8375 0.91796875 0.059375 0.0703125
0 0.83984375 0.78359375 0.0859375 0.0828125
0 0.69765625 0.77734375 0.0515625 0.0703125
0 0.76796875 0.7078125 0.0828125 0.078125
0 0.8359375 0.63671875 0.078125 0.0859375
0 0.9765625 0.6296875 0.046875 0.0625
0 0.621875 0.70390625 0.078125 0.0703125
0 0.84609375 0.48046875 0.0828125 0.1015625
0 0.77265625 0.5546875 0.0984375 0.09375
0 0.465625 0.56171875 0.078125 0.0828125
0 0.5453125 0.48046875 0.090625 0.0859375
0 0.61953125 0.5453125 0.0671875 0.059375
0 0.69765625 0.47734375 0.0671875 0.0703125
0 0.6296875 0.403125 0.09375 0.09375
0 0.475 0.39765625 0.090625 0.0765625
0 0.384375 0.47890625 0.10625 0.0828125
0 0.3359375 0.40078125 0.09375 0.0828125
0 0.40703125 0.3296875 0.0703125 0.059375
0 0.2640625 0.325 0.075 0.0625
0 0.103125 0.4765625 0.090625 0.078125
0 0.18046875 0.3953125 0.0703125 0.078125
0 0.11328125 0.328125 0.0703125 0.078125
0 0.10546875 0.171875 0.0703125 0.0625
0 0.1796875 0.25390625 0.09375 0.1015625
0 0.2625 0.17109375 0.09375 0.0828125
0 0.33515625 0.2546875 0.0828125 0.078125
0 0.33203125 0.11015625 0.0859375 0.1015625
0 0.18984375 0.11015625 0.0671875 0.0640625
0 0.1140625 0.775 0.078125 0.059375
0 0.25859375 0.79140625 0.0703125 0.0671875
0 0.3203125 0.7125 0.09375 0.090625
0 0.046875 0.70390625 0.09375 0.0859375
0 0.1875 0.8609375 0.1 0.090625
0 0.26171875 0.04453125 0.1171875 0.0796875
0 0.55 0.33125 0.0828125 0.1