0 0.9359375 0.0421875 0.08515625 0.08359375
0 0.95234375 0.19140625 0.08515625 0.08515625
0 0.94140625 0.33828125 0.06953125 0.07265625
0 0.6296875 0.03828125 0.06953125 0.07578125
0 0.5703125 0.1171875 0.03671875 0.05625
0 0.87109375 0.26640625 0.06484375 0.06484375
0 0.64140625 0.1890625 0.05625 0.06484375
0 0.71015625 0.26015625 0.08515625 0.08515625
0 0.56640625 0.27734375 0.07734375 0.096875
0 0.6296875 0.340625 0.06953125 0.09375
0 0.49140625 0.034375 0.0609375 0.06875
0 0.3421875 0.0421875 0.11328125 0.08359375
0 0.41953125 0.10625 0.096875 0.09375
0 0.12109375 0.015625 0.096875 0.03046875
0 0.0390625 0.04296875 0.07734375 0.08515625
0 0.11171875 0.109375 0.07265625 0.09375
0 0.34765625 0.19375 0.06953125 0.08046875
0 0.27421875 0.11328125 0.0484375 0.0484375
0 0.0578125 0.18984375 0.09375 0.0890625
0 0.121875 0.27109375 0.08515625 0.109375
0 0.275 0.26796875 0.08515625 0.07734375
0 0.05234375 0.33359375 0.1046875 0.096875
0 0.13046875 0.40546875 0.0609375 0.06953125
0 0.2109375 0.3359375 0.0609375 0.053125
0 0.2703125 0.5671875 0.05625 0.06953125
0 0.353125 0.5 0.0609375 0.06484375
0 0.2703125 0.41484375 0.07265625 0.096875
0 0.340625 0.3390625 0.0609375 0.0484375
0 0.42734375 0.4171875 0.096875 0.08515625
0 0.49921875 0.34296875 0.0890625 0.0890625
0 0.56875 0.41875 0.1046875 0.0890625
0 0.4984375 0.49609375 0.07734375 0.07265625
0 0.6453125 0.49375 0.06484375 0.09375
0 0.715625 0.42265625 0.06953125 0.06484375
0 0.86328125 0.41484375 0.06484375 0.06484375
0 0.95703125 0.48828125 0.06953125 0.05625
0 0.79765625 0.49765625 0.0890625 0.08515625
0 0.7296875 0.56484375 0.0890625 0.08046875
0 0.81015625 0.65 0.07265625 0.07734375
0 0.94921875 0.653125 0.06953125 0.06484375
0 0.98984375 0.87265625 0.0203125 0.1015625
0 0.87890625 0.72109375 0.08046875 0.096875
0 0.79921875 0.790625 0.08515625 0.08046875
0 0.87734375 0.88046875 0.09375 0.09375
0 0.9515625 0.94375 0.08046875 0.06484375
0 0.72578125 0.86796875 0.0484375 0.0609375
0 0.65703125 0.95859375 0.07265625 0.07265625
0 0.64140625 0.653125 0.07265625 0.096875
0 0.4953125 0.646875 0.096875 0.07734375
0 0.56015625 0.72578125 0.07265625 0.06484375
0 0.43125 0.73359375 0.0890625 0.096875
0 0.4984375 0.78671875 0.09375 0.07734375
0 0.56875 0.878125 0.07265625 0.07265625
0 0.36484375 0.80859375 0.09375 0.1015625
0 0.49921875 0.95703125 0.0890625 0.08515625
0 0.4265625 0.88671875 0.1046875 0.096875
0 0.35234375 0.95390625 0.06953125 0.08515625
0 0.2046875 0.65859375 0.06484375 0.06953125
0 0.12421875 0.87578125 0.08046875 0.07734375
0 0.06328125 0.94921875 0.07734375 0.06953125
0 0.21015625 0.9671875 0.0640625 0.065625
0 0.79140625 0.17734375 0.06953125 0.06484375
0 0.715625 0.115625 0.08515625 0.08359375
0 0.7984375 0.040625 0.096875 0.08046875
0 0.8703125 0.09609375 0.07265625 0.07265625