0 0.24296875 0.015625 0.1015625 0.03125
0 0.30859375 0.06171875 0.0703125 0.0671875
0 0.17265625 0.06328125 0.0859375 0.0859375
0 0.0328125 0.20703125 0.065625 0.0703125
0 0.16796875 0.21953125 0.0859375 0.0859375
0 0.23828125 0.13359375 0.0859375 0.0703125
0 0.3140625 0.2125 0.075 0.059375
0 0.16796875 0.37578125 0.1015625 0.1015625
0 0.24296875 0.3015625 0.0859375 0.09375
0 0.1015625 0.28125 0.078125 0.078125
0 0.0453125 0.51796875 0.090625 0.0984375
0 0.10390625 0.44609375 0.0984375 0.0859375
0 0.1640625 0.509375 0.09375 0.090625
0 0.25078125 0.43828125 0.0859375 0.0859375
0 0.31171875 0.3671875 0.0984375 0.09375
0 0.384375 0.13125 0.059375 0.059375
0 0.5203125 0.134375 0.09375 0.10625
0 0.60625 0.0625 0.09375 0.09375
0 0.68046875 0.01953125 0.1015625 0.0390625
0 0.6109375 0.20703125 0.075 0.0859375
0 0.53046875 0.28828125 0.0984375 0.1140625
0 0.46484375 0.2171875 0.0703125 0.075
0 0.59375 0.365625 0.0625 0.059375
0 0.671875 0.28984375 0.09375 0.1015625
0 0.53046875 0.43671875 0.0671875 0.0671875
0 0.384375 0.43671875 0.075 0.0828125
0 0.671875 0.13515625 0.0625 0.0671875
0 0.4765625 0.671875 0.09375 0.078125
0 0.61640625 0.53515625 0.0828125 0.0859375
0 0.68984375 0.603125 0.0828125 0.090625
0 0.609375 0.6765625 0.078125 0.09375
0 0.5359375 0.609375 0.09375 0.09375
0 0.45703125 0.5203125 0.0859375 0.09375
0 0.40625 0.58203125 0.109375 0.0703125
0 0.3203125 0.515625 0.09375 0.09375
0 0.1703125 0.6625 0.075 0.075
0 0.31484375 0.66875 0.0984375 0.09375
0 0.08984375 0.740625 0.1015625 0.090625
0 0.08828125 0.59453125 0.0828125 0.0859375
0 0.03515625 0.66015625 0.0703125 0.1015625
0 0.16875 0.825 0.078125 0.078125
0 0.38359375 0.8984375 0.0859375 0.078125
0 0.4046875 0.7546875 0.10625 0.109375
0 0.5515625 0.746875 0.046875 0.046875
0 0.67890625 0.76796875 0.0828125 0.0828125
0 0.46328125 0.8609375 0.0984375 0.1375
0 0.025 0.96484375 0.05 0.0703125
0 0.2359375 0.92265625 0.10625 0.1015625
0 0.18671875 0.96640625 0.1015625 0.0671875
0 0.31875 0.9703125 0.090625 0.059375
0 0.51171875 0.921875 0.1171875 0.109375
0 0.6875 0.90234375 0.09375 0.1015625
0 0.61015625 0.96640625 0.1046875 0.0671875