0 0.575 0.0359375 0.09765625 0.071875
0 0.4203125 0.046875 0.09765625 0.09296875
0 0.33203125 0.10234375 0.09453125 0.08984375
0 0.41875 0.18828125 0.103125 0.09765625
0 0.56640625 0.33671875 0.11953125 0.09453125
0 0.3421875 0.271875 0.10625 0.103125
0 0.80234375 0.41796875 0.1109375 0.1109375
0 0.72421875 0.50234375 0.1109375 0.12265625
0 0.95078125 0.2578125 0.09765625 0.09453125
0 0.871875 0.171875 0.08671875 0.09140625
0 0.98359375 0.35078125 0.0328125 0.12265625
0 0.87421875 0.021875 0.08203125 0.04375
0 0.94296875 0.734375 0.1140625 0.12265625
0 0.98515625 0.6484375 0.0296875 0.09765625
0 0.8765625 0.96875 0.103125 0.06171875
0 0.9890625 0.97109375 0.02109375 0.05703125
0 0.99296875 0.82734375 0.0140625 0.0828125
0 0.953125 0.0921875 0.09296875 0.103125
0 0.9890625 0.2015625 0.02109375 0.103125
0 0.18828125 0.01328125 0.1078125 0.02578125