0 0.03359375 0.059375 0.0671875 0.103125
0 0.10703125 0.15390625 0.08984375 0.09375
0 0.96328125 0.01484375 0.07265625 0.0296875
0 0.80234375 0.00859375 0.065625 0.0171875
0 0.715625 0.06484375 0.08984375 0.084375
0 0.6234375 0.0109375 0.084375 0.021875
0 0.10390625 0.00859375 0.09921875 0.0171875
0 0.446875 0.0109375 0.09375 0.021875
0 0.36328125 0.06640625 0.09375 0.08046875
0 0.175 0.04375 0.09375 0.0875
0 0.09453125 0.33359375 0.08046875 0.08984375
0 0.184375 0.41796875 0.103125 0.10859375
0 0.18984375 0.2328125 0.103125 0.103125
0 0.2578125 0.325 0.08046875 0.08046875
0 0.36328125 0.23203125 0.09375 0.09375
0 0.44453125 0.33046875 0.08046875 0.084375
0 0.440625 0.51328125 0.09921875 0.09375
0 0.54140625 0.425 0.05625 0.05625
0 0.61796875 0.34453125 0.07109375 0.075
0 0.78359375 0.33125 0.103125 0.1125
0 0.71640625 0.23984375 0.09921875 0.08984375
0 0.53828125 0.24140625 0.11796875 0.09375
0 0.621875 0.15390625 0.10859375 0.09375
0 0.54765625 0.06015625 0.08046875 0.075
0 0.43984375 0.15625 0.10859375 0.09921875
0 0.62265625 0.5125 0.08046875 0.08046875
0 0.5375 0.61171875 0.08984375 0.103125
0 0.80625 0.5203125 0.09921875 0.08984375
0 0.88671875 0.43203125 0.103125 0.09921875
0 0.68828125 0.60703125 0.13671875 0.13125
0 0.87109375 0.60234375 0.12734375 0.084375
0 0.9625 0.5046875 0.075 0.084375
0 0.9640625 0.32734375 0.07109375 0.10859375
0 0.88515625 0.9625 0.09921875 0.075
0 0.9625 0.8859375 0.075 0.10859375
0 0.803125 0.8828125 0.09375 0.065625
0 0.71484375 0.96484375 0.0890625 0.0703125
0 0.61953125 0.8734375 0.13125 0.103125
0 0.525 0.7859375 0.11796875 0.103125
0 0.725 0.8015625 0.14609375 0.10859375
0 0.88984375 0.78671875 0.08984375 0.084375
0 0.815625 0.69921875 0.09921875 0.08046875
0 0.62421875 0.703125 0.103125 0.09921875
0 0.36875 0.7890625 0.08984375 0.084375
0 0.51875 0.95546875 0.11875 0.0890625
0 0.9640625 0.69296875 0.07109375 0.10859375