0 0.06015625 0.0390625 0.07890625 0.07109375
0 0.21171875 0.0453125 0.07578125 0.06796875
0 0.86640625 0.01640625 0.0640625 0.0328125
0 0.9328125 0.0640625 0.08359375 0.08359375
0 0.86875 0.13515625 0.07578125 0.08359375
0 0.71796875 0.1234375 0.09140625 0.09140625
0 0.80078125 0.0703125 0.06328125 0.07109375
0 0.6546875 0.05546875 0.07578125 0.07578125
0 0.5734375 0.12734375 0.08359375 0.06796875
0 0.43046875 0.11796875 0.09140625 0.07109375
0 0.278125 0.12421875 0.07890625 0.08359375
0 0.50234375 0.196875 0.1 0.08671875
0 0.940625 0.215625 0.1 0.103125
0 0.05390625 0.19453125 0.09140625 0.09140625
0 0.01953125 0.1296875 0.0390625 0.10625
0 0.2015625 0.2 0.06796875 0.05546875
0 0.01640625 0.2671875 0.0328125 0.0875
0 0.06015625 0.340625 0.07890625 0.06796875
0 0.265625 0.27734375 0.1265625 0.115625
0 0.19609375 0.3640625 0.09140625 0.1234375
0 0.1015625 0.4203125 0.1546875 0.1
0 0.25078125 0.42421875 0.134375 0.09140625
0 0.34921875 0.34921875 0.08671875 0.08359375
0 0.434375 0.2796875 0.08359375 0.06328125
0 0.56328125 0.284375 0.07890625 0.08671875
0 0.50234375 0.35078125 0.08359375 0.08671875
0 0.6453125 0.3484375 0.04765625 0.04453125
0 0.71328125 0.428125 0.07890625 0.08359375
0 0.865625 0.28359375 0.1078125 0.1109375
0 0.94921875 0.3640625 0.1015625 0.1078125
0 0.96875 0.2953125 0.0625 0.11875
0 0.5609375 0.41015625 0.06796875 0.06328125
0 0.390625 0.42265625 0.1546875 0.0953125