0 0.053125 0.303125 0.10625 0.1125
0 0.059375 0.11171875 0.10703125 0.10703125
0 0.1296875 0.20703125 0.08359375 0.08359375
0 0.2390625 0.1109375 0.09765625 0.09765625
0 0.32421875 0.21328125 0.08359375 0.0875
0 0.3203125 0.40234375 0.103125 0.09765625
0 0.42421875 0.3109375 0.05859375 0.05859375
0 0.50390625 0.22734375 0.07421875 0.078125
0 0.67578125 0.2140625 0.10703125 0.11640625
0 0.60625 0.11875 0.103125 0.09375
0 0.42109375 0.1203125 0.12265625 0.09765625
0 0.5078125 0.0390625 0.1125 0.078125
0 0.31875 0.0421875 0.1125 0.08359375
0 0.50859375 0.4015625 0.08359375 0.08359375
0 0.4203125 0.5046875 0.09375 0.10703125
0 0.69921875 0.41015625 0.103125 0.09375
0 0.7828125 0.31796875 0.10703125 0.103125
0 0.5765625 0.5 0.1421875 0.1359375
0 0.76640625 0.4953125 0.13203125 0.0875
0 0.871875 0.39375 0.09765625 0.0875
0 0.94765625 0.30859375 0.1046875 0.103125
0 0.87578125 0.21015625 0.09765625 0.1125
0 0.978125 0.05234375 0.04375 0.1046875
0 0.96171875 0.88515625 0.07578125 0.078125
0 0.69921875 0.96171875 0.12265625 0.07578125
0 0.78125 0.8875 0.103125 0.1125
0 0.88125 0.78984375 0.11640625 0.1125
0 0.95 0.69765625 0.09921875 0.12265625
0 0.696875 0.78671875 0.09765625 0.06796875
0 0.6046875 0.878125 0.09375 0.08359375
0 0.515625 0.9609375 0.09765625 0.078125
0 0.8703125 0.95546875 0.10703125 0.07421875
0 0.50546875 0.77734375 0.1359375 0.10703125
0 0.4078125 0.6859375 0.12265625 0.10703125
0 0.61484375 0.70234375 0.1515625 0.1125
0 0.7859375 0.68671875 0.09375 0.0875
0 0.709375 0.59609375 0.103125 0.08359375
0 0.5109375 0.6 0.10703125 0.103125
0 0.2453125 0.68984375 0.09375 0.0875
0 0.4015625 0.87578125 0.12265625 0.11640625
0 0.878125 0.58984375 0.103125 0.1125