0 0.03359375 0.9828125 0.0671875 0.034375
0 0.03203125 0.840625 0.0640625 0.06953125
0 0.10390625 0.57578125 0.11796875 0.0953125
0 0.0296875 0.6625 0.059375 0.0609375
0 0.1046875 0.75078125 0.0921875 0.0921875
0 0.1828125 0.8421875 0.075 0.08359375
0 0.19453125 0.665625 0.06953125 0.078125
0 0.26015625 0.75 0.08359375 0.08359375
0 0.0359375 0.51328125 0.05703125 0.05703125
0 0.1921875 0.496875 0.075 0.06953125
0 0.0359375 0.33515625 0.07109375 0.08671875
0 0.18203125 0.334375 0.08359375 0.0921875
0 0.11640625 0.08125 0.08671875 0.08359375
0 0.18203125 0.1609375 0.08359375 0.075
0 0.0296875 0.18515625 0.059375 0.078125
0 0.33515625 0.171875 0.11796875 0.10390625
0 0.2703125 0.25234375 0.0921875 0.075
0 0.27890625 0.9296875 0.03984375 0.03984375
0 0.50703125 0.978125 0.121875 0.04375
0 0.4234375 0.76484375 0.08671875 0.0921875
0 0.509375 0.84453125 0.109375 0.1125
0 0.59609375 0.9328125 0.0921875 0.075
0 0.665625 0.8390625 0.1265625 0.13046875
0 0.66640625 0.98671875 0.06953125 0.02578125
0 0.60234375 0.75546875 0.10390625 0.08359375
0 0.6796875 0.6828125 0.0953125 0.1125
0 0.52109375 0.66875 0.065625 0.065625
0 0.509375 0.50078125 0.0921875 0.078125
0 0.59375 0.42890625 0.10390625 0.11796875
0 0.75546875 0.44375 0.10078125 0.109375
0 0.7515625 0.584375 0.065625 0.078125
0 0.590625 0.60234375 0.08359375 0.11796875
0 0.5203125 0.18203125 0.0953125 0.08359375
0 0.6015625 0.10703125 0.1125 0.1125
0 0.68203125 0.0265625 0.0921875 0.053125
0 0.74921875 0.09921875 0.13046875 0.11796875
0 0.5875 0.2625 0.109375 0.10390625
0 0.4390625 0.26484375 0.065625 0.075
0 0.50859375 0.340625 0.08359375 0.06953125