0 0.9796875 0.32265625 0.040625 0.09140625
0 0.91953125 0.4234375 0.128125 0.146875
0 0.92578125 0.06171875 0.115625 0.11875
0 0.7765625 0.06484375 0.09140625 0.115625
0 0.840625 0.14375 0.09140625 0.08203125
0 0.84609375 0.02578125 0.09140625 0.0515625
0 0.93046875 0.2390625 0.0515625 0.0421875
0 0.66484375 0.01015625 0.08828125 0.0203125
0 0.503125 0.15859375 0.08203125 0.08203125
0 0.325 0.159375 0.07890625 0.06953125
0 0.4234375 0.2328125 0.10625 0.08828125
0 0.2390625 0.25 0.115625 0.10078125
0 0.15859375 0.33671875 0.08203125 0.09140625
0 0.50625 0.3390625 0.08203125 0.08828125
0 0.58515625 0.42421875 0.11875 0.10078125
0 0.41328125 0.42734375 0.06015625 0.04609375
0 0.15546875 0.0171875 0.0828125 0.034375
0 0.08125 0.42421875 0.10078125 0.10078125
0 0.16015625 0.5046875 0.07890625 0.07890625
0 0.0140625 0.509375 0.02734375 0.09140625
0 0.328125 0.515625 0.0734375 0.08203125
0 0.49921875 0.50625 0.115625 0.11875
0 0.24375 0.5953125 0.06953125 0.06953125
0 0.84375 0.5171875 0.06015625 0.07890625
0 0.75546875 0.58046875 0.0421875 0.0515625
0 0.93515625 0.58125 0.096875 0.096875
0 0.9875 0.665625 0.025 0.090625
0 0.93046875 0.7625 0.08828125 0.08203125
0 0.86484375 0.9859375 0.11015625 0.02734375
0 0.86171875 0.8453125 0.115625 0.11875
0 0.753125 0.94765625 0.08828125 0.1046875
0 0.67890625 0.990625 0.07890625 0.01796875
0 0.33671875 0.8625 0.09140625 0.11015625
0 0.325 0.68203125 0.07890625 0.07890625
0 0.16640625 0.6875 0.10625 0.115625
0 0.23984375 0.77265625 0.10625 0.08828125
0 0.1546875 0.87265625 0.08203125 0.08203125
0 0.0140625 0.6984375 0.02734375 0.096875
0 0.01875 0.871875 0.0375 0.08125