0 0.72578125 0.0140625 0.10859375 0.028125
0 0.5671875 0.02265625 0.125 0.0453125
0 0.4078125 0.0125 0.08828125 0.025
0 0.4796875 0.0546875 0.08359375 0.0796875
0 0.79765625 0.0703125 0.10859375 0.1
0 0.18203125 0.06015625 0.0796875 0.0796875
0 0.26484375 0.01015625 0.096875 0.0203125
0 0.33046875 0.0625 0.075 0.09140625
0 0.25078125 0.13828125 0.075 0.0796875
0 0.0296875 0.21171875 0.059375 0.0921875
0 0.08671875 0.1453125 0.096875 0.1
0 0.4015625 0.15234375 0.1 0.1046875
0 0.86796875 0.14609375 0.1 0.075
0 0.94609375 0.22890625 0.071875 0.05859375
0 0.79609375 0.21328125 0.071875 0.06328125
0 0.6390625 0.225 0.05859375 0.05
0 0.859375 0.296875 0.075 0.06328125
0 0.253125 0.94453125 0.11328125 0.1046875
0 0.24609375 0.77890625 0.08828125 0.09140625
0 0.18203125 0.8578125 0.06328125 0.05859375
0 0.178125 0.70234375 0.0796875 0.071875
0 0.03203125 0.8640625 0.06328125 0.071875
0 0.08984375 0.92421875 0.06328125 0.075
0 0.0921875 0.78046875 0.09140625 0.08828125
0 0.0296875 0.69921875 0.059375 0.0828125
0 0.08828125 0.62421875 0.08359375 0.09140625
0 0.246875 0.61640625 0.06640625 0.06640625
0 0.3265625 0.69296875 0.08359375 0.0796875
0 0.40859375 0.77734375 0.0734375 0.075
0 0.328125 0.5359375 0.06328125 0.071875
0 0.396875 0.453125 0.1 0.06640625
0 0.325 0.3796875 0.10703125 0.08671875
0 0.09921875 0.4578125 0.08828125 0.10859375
0 0.0359375 0.53671875 0.071875 0.1
0 0.86484375 0.94765625 0.096875 0.08828125
0 0.79921875 0.86640625 0.071875 0.06640625
0 0.87578125 0.78515625 0.075 0.096875
0 0.9453125 0.86796875 0.096875 0.0796875
0 0.7171875 0.9515625 0.09140625 0.096875
0 0.98984375 0.4546875 0.0203125 0.06328125
0 0.9875 0.6328125 0.025 0.075
0 0.790625 0.54296875 0.08828125 0.06328125
0 0.803125 0.378125 0.06328125 0.06640625
0 0.7171875 0.29765625 0.09140625 0.08828125
0 0.64765625 0.37734375 0.09140625 0.08828125
0 0.5625 0.4578125 0.08828125 0.09140625
0 0.63828125 0.553125 0.08359375 0.1
0 0.71171875 0.47421875 0.0796875 0.10859375
0 0.72109375 0.61796875 0.08828125 0.0796875
0 0.8734375 0.621875 0.0796875 0.0796875
0 0.63046875 0.8578125 0.09140625 0.09140625
0 0.71484375 0.77890625 0.0796875 0.075
0 0.80390625 0.69453125 0.08828125 0.071875
0 0.6421875 0.68828125 0.075 0.096875
0 0.54296875 0.7625 0.1 0.14140625
0 0.4046875 0.6203125 0.08359375 0.08359375
0 0.48046875 0.5375 0.10859375 0.09140625
0 0.41171875 0.30390625 0.08671875 0.09140625
0 0.47265625 0.6953125 0.08515625 0.08359375