0 0.05078125 0.64296875 0.0546875 0.0671875
0 0.1296875 0.86640625 0.0625 0.0671875
0 0.1953125 0.790625 0.0625 0.075
0 0.3375 0.78203125 0.059375 0.0703125
0 0.340625 0.634375 0.046875 0.059375
0 0.40859375 0.70546875 0.0515625 0.0515625
0 0.053125 0.19453125 0.04375 0.0515625
0 0.203125 0.1859375 0.046875 0.059375
0 0.1296875 0.41015625 0.09375 0.0859375
0 0.27734375 0.40703125 0.0859375 0.0703125
0 0.19921875 0.4828125 0.0703125 0.075
0 0.05390625 0.4984375 0.0671875 0.075
0 0.334375 0.4703125 0.059375 0.059375
0 0.48671875 0.6328125 0.0671875 0.0625
0 0.5625 0.70703125 0.0625 0.0703125
0 0.56171875 0.540625 0.0671875 0.059375
0 0.3359375 0.0328125 0.078125 0.065625
0 0.78046875 0.46015625 0.0671875 0.0671875
0 0.625 0.4609375 0.0625 0.0625
0 0.55625 0.39765625 0.04375 0.0515625
0 0.6328125 0.31640625 0.078125 0.0859375
0 0.63515625 0.1609375 0.0828125 0.078125
0 0.7796875 0.15703125 0.059375 0.0546875
0 0.70546875 0.24296875 0.0515625 0.0546875
0 0.85546875 0.22890625 0.0546875 0.0671875
0 0.771875 0.3171875 0.059375 0.078125
0 0.84765625 0.390625 0.0703125 0.078125
0 0.928125 0.3046875 0.075 0.09375
0 0.92109375 0.4671875 0.0671875 0.059375
0 0.85078125 0.528125 0.0828125 0.09375
0 0.98203125 0.53515625 0.0359375 0.0546875
0 0.63515625 0.61640625 0.0828125 0.0671875
0 0.709375 0.69140625 0.075 0.0703125
0 0.778125 0.75234375 0.078125 0.0828125
0 0.8453125 0.6890625 0.059375 0.075
0 0.93203125 0.60625 0.0671875 0.078125
0 0.978125 0.68125 0.04375 0.090625
0 0.92578125 0.75234375 0.0859375 0.0828125
0 0.9765625 0.82109375 0.046875 0.0703125
0 0.9234375 0.9046875 0.059375 0.075
0 0.6265625 0.9203125 0.075 0.075
0 0.48046875 0.93203125 0.0546875 0.0671875
0 0.196875 0.94375 0.059375 0.075
0 0.934375 0.16015625 0.078125 0.0859375
0 0.859375 0.090625 0.078125 0.078125
0 0.928125 0.02734375 0.090625 0.0546875
0 0.7890625 0.0296875 0.09375 0.059375
0 0.05390625 0.94453125 0.0671875 0.0828125
0 0.265625 0.98203125 0.078125 0.0359375