0 0.34296875 0.69609375 0.0625 0.05703125
0 0.2 0.86015625 0.04609375 0.05703125
0 0.66484375 0.8421875 0.05703125 0.05390625
0 0.0109375 0.14296875 0.02109375 0.08203125
0 0.43046875 0.00546875 0.0828125 0.0109375
0 0.209375 0.38046875 0.05390625 0.04921875
0 0.36015625 0.20390625 0.0703125 0.0734375
0 0.42421875 0.1359375 0.04609375 0.04609375
0 0.51171875 0.0625 0.04609375 0.04609375
0 0.5125 0.36328125 0.05390625 0.0703125
0 0.7203125 0.12421875 0.0703125 0.07890625
0 0.203125 0.99765625 0.0359375 0.0046875