0 0.3234375 0.0046875 0.10390625 0.00859375
0 0.38671875 0.05078125 0.09140625 0.09140625
0 0.15859375 0.00859375 0.0953125 0.0171875
0 0.0921875 0.05 0.08984375 0.1
0 0.24296875 0.059375 0.09140625 0.09140625
0 0.2359375 0.2234375 0.078125 0.0828125
0 0.15390625 0.3078125 0.08671875 0.06953125
0 0.79921875 0.1265625 0.06953125 0.08671875
0 0.87578125 0.04296875 0.0953125 0.0859375
0 0.5703125 0.2234375 0.1125 0.11796875
0 0.640625 0.12578125 0.07421875 0.078125
0 0.70625 0.3796875 0.1 0.109375
0 0.63515625 0.2984375 0.0515625 0.0609375
0 0.7984375 0.290625 0.0953125 0.08671875
0 0.87890625 0.196875 0.1 0.1
0 0.95546875 0.134375 0.0890625 0.103125
0 0.99375 0.20859375 0.0125 0.109375
0 0.95546875 0.2984375 0.0890625 0.078125
0 0.87734375 0.3875 0.10390625 0.1
0 0.80078125 0.475 0.0828125 0.09140625
0 0.309375 0.30703125 0.08671875 0.0953125
0 0.23984375 0.3890625 0.09140625 0.12109375
0 0.31796875 0.475 0.06953125 0.09140625
0 0.39765625 0.39375 0.0828125 0.0953125
0 0.47578125 0.3078125 0.1 0.10390625
0 0.56328125 0.3875 0.09140625 0.1
0 0.55859375 0.54921875 0.1 0.1125
0 0.465625 0.640625 0.08671875 0.0953125
0 0.38671875 0.7234375 0.07421875 0.08671875
0 0.3984375 0.546875 0.07421875 0.0828125
0 0.54140625 0.725 0.0828125 0.1
0 0.628125 0.6421875 0.1 0.1
0 0.71640625 0.728125 0.08671875 0.1
0 0.7921875 0.63828125 0.0828125 0.0828125
0 0.95703125 0.63046875 0.0828125 0.09140625
0 0.95234375 0.47734375 0.07421875 0.0828125
0 0.871875 0.71953125 0.08671875 0.1
0 0.95078125 0.80625 0.0953125 0.1
0 0.790625 0.79609375 0.10390625 0.08671875
0 0.86796875 0.88671875 0.1125 0.1125
0 0.93515625 0.9625 0.09140625 0.07421875
0 0.78671875 0.9609375 0.0953125 0.078125
0 0.69921875 0.88984375 0.08671875 0.09140625
0 0.61953125 0.9640625 0.0734375 0.071875
0 0.453125 0.9609375 0.12109375 0.078125
0 0.3859375 0.9015625 0.1 0.1
0 0.078125 0.571875 0.1 0.0953125
0 0.15625 0.6453125 0.09140625 0.08671875
0 0.22421875 0.72890625 0.0953125 0.07421875
0 0.06953125 0.7265625 0.1 0.10390625
0 0.140625 0.815625 0.0953125 0.109375
0 0.01015625 0.8171875 0.0203125 0.06875
0 0.06953125 0.90234375 0.0828125 0.07421875
0 0.15 0.9671875 0.078125 0.065625
0 0.0171875 0.9671875 0.034375 0.065625
0 0.30078125 0.9671875 0.08671875 0.065625
0 0.6484375 0.00703125 0.08984375 0.0140625