0 0.87890625 0.0515625 0.06796875 0.08359375
0 0.49375 0.0125 0.06328125 0.025
0 0.58203125 0.06171875 0.07578125 0.07890625
0 0.721875 0.05390625 0.07578125 0.07890625
0 0.80546875 0.13046875 0.06328125 0.06796875
0 0.87890625 0.20703125 0.08359375 0.07890625
0 0.95078125 0.2796875 0.07578125 0.09140625
0 0.9921875 0.35 0.015625 0.07890625
0 0.8078125 0.29453125 0.06796875 0.07890625
0 0.8890625 0.3671875 0.07890625 0.07578125
0 0.6578125 0.29375 0.08359375 0.08359375
0 0.57421875 0.215625 0.09140625 0.08671875
0 0.50859375 0.14765625 0.08671875 0.08671875
0 0.41640625 0.0734375 0.09140625 0.103125
0 0.34609375 0.01640625 0.0765625 0.0328125
0 0.98828125 0.67890625 0.0234375 0.07890625
0 0.94453125 0.76328125 0.07890625 0.08359375
0 0.8796875 0.6859375 0.07578125 0.08671875
0 0.87109375 0.846875 0.06796875 0.07578125
0 0.80078125 0.7625 0.07578125 0.09140625
0 0.94765625 0.93125 0.07890625 0.08671875
0 0.2078125 0.0203125 0.090625 0.040625
0 0.28203125 0.0796875 0.06015625 0.08359375
0 0.14375 0.0953125 0.09140625 0.09140625
0 0.01796875 0.08515625 0.0359375 0.0953125
0 0.05859375 0.1671875 0.07890625 0.1
0 0.01171875 0.24921875 0.0234375 0.1
0 0.01328125 0.396875 0.0265625 0.07890625
0 0.0625 0.3140625 0.08671875 0.08671875
0 0.2078125 0.16796875 0.07109375 0.07890625
0 0.14375 0.24140625 0.07578125 0.08359375
0 0.1375 0.38984375 0.07890625 0.08671875
0 0.05703125 0.46640625 0.06015625 0.07578125
0 0.13671875 0.54453125 0.07109375 0.07890625
0 0.20625 0.4734375 0.08359375 0.0953125
0 0.28203125 0.39609375 0.07578125 0.08359375
0 0.34765625 0.32421875 0.07109375 0.09140625
0 0.42578125 0.23359375 0.07890625 0.08359375
0 0.50234375 0.30078125 0.08359375 0.09140625
0 0.4203125 0.3890625 0.08359375 0.07890625
0 0.35546875 0.47109375 0.07109375 0.08359375
0 0.2734375 0.546875 0.07578125 0.08359375
0 0.20703125 0.6328125 0.07578125 0.07578125
0 0.8671875 0.52421875 0.07578125 0.08671875
0 0.8 0.44609375 0.06796875 0.09140625
0 0.7234375 0.371875 0.0953125 0.1078125
0 0.5796875 0.390625 0.07109375 0.07578125
0 0.64453125 0.453125 0.08359375 0.07109375
0 0.73203125 0.528125 0.08359375 0.07890625
0 0.79765625 0.59765625 0.07890625 0.06796875
0 0.87578125 0.98046875 0.0671875 0.0390625
0 0.5734375 0.9828125 0.078125 0.034375
0 0.66640625 0.934375 0.09140625 0.08359375
0 0.73046875 0.9890625 0.05546875 0.021875
0 0.7328125 0.85078125 0.07578125 0.08359375
0 0.71015625 0.6859375 0.06328125 0.08671875
0 0.65546875 0.6171875 0.07109375 0.06015625
0 0.5734375 0.5515625 0.06796875 0.07109375
0 0.496875 0.4828125 0.07890625 0.07578125
0 0.43125 0.5421875 0.06796875 0.06796875
0 0.35546875 0.634375 0.08671875 0.07890625
0 0.43046875 0.6984375 0.07890625 0.08671875
0 0.5046875 0.61875 0.04765625 0.04765625
0 0.58671875 0.696875 0.07578125 0.08359375
0 0.64375 0.7625 0.07890625 0.07578125
0 0.503125 0.78515625 0.07578125 0.0953125
0 0.4359375 0.86328125 0.08359375 0.08359375
0 0.5015625 0.921875 0.07890625 0.08359375
0 0.353125 0.946875 0.06015625 0.07109375
0 0.1375 0.7078125 0.04765625 0.05234375
0 0.01171875 0.86015625 0.0234375 0.07109375