0 0.13046875 0.959375 0.0859375 0.08125
0 0.20625 0.8734375 0.08515625 0.09921875
0 0.121875 0.8078125 0.09375 0.09375
0 0.05 0.89765625 0.090625 0.10234375
0 0.58515625 0.95390625 0.08203125 0.08515625
0 0.51953125 0.8734375 0.0734375 0.08203125
0 0.4546875 0.95859375 0.09375 0.0828125
0 0.97421875 0.8796875 0.0515625 0.090625
0 0.83359375 0.8859375 0.059375 0.06796875
0 0.98125 0.7140625 0.0375 0.0765625
0 0.91015625 0.62578125 0.059375 0.059375
0 0.9703125 0.5421875 0.059375 0.090625
0 0.8375 0.71015625 0.0515625 0.0515625
0 0.75078125 0.79609375 0.08203125 0.0765625
0 0.75625 0.62109375 0.09921875 0.08515625
0 0.83515625 0.54453125 0.090625 0.06796875
0 0.9046875 0.45234375 0.09921875 0.08203125
0 0.971875 0.390625 0.05625 0.08515625
0 0.97421875 0.2046875 0.0515625 0.08203125
0 0.9015625 0.2984375 0.0765625 0.09921875
0 0.59453125 0.796875 0.0765625 0.08203125
0 0.67890625 0.87890625 0.06484375 0.08203125
0 0.6703125 0.71484375 0.08203125 0.08515625
0 0.59375 0.62734375 0.06484375 0.0734375
0 0.51640625 0.71171875 0.05625 0.06484375
0 0.44140625 0.80234375 0.0765625 0.08203125
0 0.29453125 0.790625 0.090625 0.09375
0 0.36640625 0.7015625 0.090625 0.08515625
0 0.43125 0.6234375 0.0734375 0.0734375
0 0.75546875 0.29453125 0.0734375 0.090625
0 0.834375 0.215625 0.08515625 0.09375
0 0.7609375 0.1265625 0.06796875 0.08515625
0 0.603125 0.128125 0.0765625 0.08203125
0 0.67890625 0.21171875 0.06484375 0.06796875
0 0.6734375 0.37578125 0.0734375 0.08203125
0 0.753125 0.46328125 0.059375 0.059375
0 0.665625 0.5484375 0.08203125 0.09375
0 0.60234375 0.45390625 0.08203125 0.10234375
0 0.5078125 0.3765625 0.090625 0.090625
0 0.51640625 0.20234375 0.0734375 0.09375
0 0.52265625 0.04375 0.0765625 0.0734375
0 0.67890625 0.04765625 0.09921875 0.0953125
0 0.83203125 0.0390625 0.0734375 0.078125
0 0.9125 0.10859375 0.0734375 0.0765625
0 0.44140625 0.45078125 0.0765625 0.08515625
0 0.3609375 0.3734375 0.0765625 0.10234375
0 0.278125 0.284375 0.08203125 0.09375
0 0.19296875 0.2046875 0.08203125 0.08203125
0 0.121875 0.11953125 0.0765625 0.08203125
0 0.04921875 0.20703125 0.08515625 0.09375
0 0.05859375 0.3765625 0.090625 0.090625
0 0.12734375 0.4453125 0.0734375 0.08515625
0 0.20703125 0.5484375 0.0765625 0.0765625
0 0.28671875 0.62109375 0.09921875 0.10234375
0 0.3609375 0.53046875 0.0765625 0.08515625
0 0.284375 0.45625 0.09375 0.090625
0 0.19765625 0.7125 0.08515625 0.090625
0 0.13046875 0.6265625 0.09375 0.09921875
0 0.0359375 0.54375 0.06796875 0.0765625
0 0.0078125 0.4578125 0.015625 0.09375
0 0.04921875 0.7125 0.0984375 0.090625
0 0.44140625 0.2828125 0.059375 0.05625
0 0.3625 0.20703125 0.0734375 0.0765625
0 0.44609375 0.1171875 0.059375 0.059375
0 0.36328125 0.040625 0.08203125 0.06796875
0 0.284375 0.1234375 0.059375 0.0734375
0 0.20234375 0.0375 0.09375 0.075
0 0.0375 0.03828125 0.075 0.0734375