0 0.028125 0.415625 0.05546875 0.084375
0 0.08984375 0.3390625 0.084375 0.07578125
0 0.1765625 0.2671875 0.07265625 0.0671875
0 0.325 0.2765625 0.10625 0.09296875
0 0.17265625 0.43125 0.09765625 0.11015625
0 0.24375 0.49765625 0.08984375 0.08984375
0 0.028125 0.5953125 0.05546875 0.08984375
0 0.0921875 0.6828125 0.05546875 0.0640625
0 0.028125 0.75 0.05546875 0.08125
0 0.165625 0.58046875 0.0671875 0.07578125
0 0.240625 0.6734375 0.10625 0.09296875
0 0.1671875 0.76640625 0.09765625 0.09296875
0 0.11171875 0.8484375 0.084375 0.08984375
0 0.1703125 0.915625 0.084375 0.09765625
0 0.24140625 0.83515625 0.084375 0.08984375
0 0.2578125 0.978125 0.07265625 0.04375
0 0.3171875 0.92265625 0.1015625 0.1015625
0 0.3875 0.98359375 0.10625 0.03203125
0 0.71484375 0.9859375 0.0671875 0.028125
0 0.63828125 0.93671875 0.084375 0.10625
0 0.5546875 0.98828125 0.07578125 0.0234375
0 0.4828125 0.92109375 0.0671875 0.059375
0 0.3953125 0.6765625 0.0640625 0.07578125
0 0.4796875 0.7609375 0.08125 0.07578125
0 0.55234375 0.67265625 0.04765625 0.05078125
0 0.64609375 0.76328125 0.08984375 0.09765625
0 0.55390625 0.85078125 0.1015625 0.09296875
0 0.7140625 0.8328125 0.07265625 0.0671875
0 0.71015625 0.6796875 0.07578125 0.08984375
0 0.63515625 0.5953125 0.0671875 0.07265625
0 0.78359375 0.77890625 0.09765625 0.1015625
0 0.86796875 0.86640625 0.09765625 0.1015625
0 0.79140625 0.93515625 0.059375 0.07578125
0 0.79453125 0.58984375 0.07578125 0.08125
0 0.86875 0.52265625 0.07265625 0.08984375
0 0.8796875 0.68046875 0.0671875 0.0671875
0 0.9390625 0.61171875 0.1015625 0.11484375
0 0.9453125 0.7765625 0.07265625 0.07265625
0 0.9921875 0.8578125 0.01484375 0.084375
0 0.72578125 0.5078125 0.08984375 0.09296875
0 0.79140625 0.4328125 0.09296875 0.1015625
0 0.71484375 0.35390625 0.084375 0.08984375
0 0.78359375 0.2546875 0.09765625 0.084375
0 0.871875 0.18125 0.084375 0.08984375
0 0.7953125 0.09140625 0.084375 0.09765625
0 0.878125 0.0359375 0.09375 0.071875
0 0.95 0.11484375 0.08984375 0.1015625
0 0.4203125 0.1703125 0.08125 0.084375
0 0.4859375 0.09140625 0.07265625 0.08125
0 0.55 0.184375 0.09296875 0.09765625
0 0.47890625 0.259375 0.07578125 0.07578125
0 0.4015625 0.353125 0.10625 0.09765625
0 0.03046875 0.096875 0.0609375 0.08984375
0 0.175 0.103125 0.059375 0.0671875
0 0.25703125 0.0265625 0.08125 0.05234375
0 0.409375 0.51015625 0.08984375 0.09765625
0 0.48203125 0.440625 0.09296875 0.1015625
0 0.553125 0.521875 0.07265625 0.0640625
0 0.4109375 0.028125 0.07578125 0.05546875
0 0.32734375 0.09609375 0.0640625 0.08125
0 0.56171875 0.0296875 0.07578125 0.059375
0 0.70859375 0.028125 0.08984375 0.05546875