0 0.0625 0.025 0.078125 0.05
0 0.13515625 0.0921875 0.0671875 0.075
0 0.2046875 0.02734375 0.075 0.0546875
0 0.059375 0.17578125 0.078125 0.0859375
0 0.13203125 0.246875 0.065625 0.078125
0 0.059375 0.3140625 0.078125 0.075
0 0.12734375 0.39921875 0.0828125 0.0703125
0 0.27265625 0.384375 0.0984375 0.090625
0 0.35234375 0.32734375 0.0703125 0.0671875
0 0.4296875 0.25234375 0.078125 0.0828125
0 0.3375 0.17890625 0.090625 0.0828125
0 0.27421875 0.246875 0.0546875 0.046875
0 0.271875 0.09609375 0.075 0.0828125
0 0.359375 0.0234375 0.078125 0.046875
0 0.4984375 0.0390625 0.075 0.078125
0 0.56484375 0.10859375 0.0828125 0.0828125
0 0.5 0.16640625 0.078125 0.0828125
0 0.646875 0.19140625 0.059375 0.0703125
0 0.9859375 0.10546875 0.028125 0.0703125
0 0.20703125 0.45234375 0.0703125 0.0359375
0 0.3453125 0.44765625 0.075 0.0359375
0 0.7875 0.44375 0.090625 0.04375
0 0.98125 0.40234375 0.03125 0.0703125