0 0.98359375 0.44375 0.03203125 0.09609375
0 0.98359375 0.2875 0.03203125 0.09296875
0 0.98828125 0.9203125 0.0234375 0.08125
0 0.92890625 0.6875 0.0609375 0.053125
0 0.86875 0.6171875 0.08515625 0.09296875
0 0.57421875 0.75234375 0.08046875 0.08046875
0 0.94296875 0.2296875 0.07265625 0.08046875
0 0.98984375 0.13671875 0.0203125 0.0890625
0 0.8671875 0.14609375 0.07265625 0.08046875
0 0.8671875 0.30625 0.05625 0.08828125
0 0.71953125 0.45625 0.08515625 0.07734375
0 0.646875 0.37734375 0.06875 0.06875
0 0.49453125 0.21640625 0.053125 0.06875
0 0.64765625 0.53125 0.0609375 0.05625
0 0.72109375 0.0125 0.0765625 0.025
0 0.2859375 0.01484375 0.0609375 0.02890625
0 0.64375 0.97265625 0.06875 0.0546875
0 0.58046875 0.91484375 0.0453125 0.0453125
0 0.4953125 0.8421875 0.0453125 0.0453125
0 0.28984375 0.90390625 0.06875 0.07734375