0 0.0296875 0.1375 0.059375 0.078125
0 0.09765625 0.05625 0.0859375 0.090625
0 0.4234375 0.021875 0.075 0.04375
0 0.72734375 0.0296875 0.0703125 0.059375
0 0.94140625 0.23125 0.0703125 0.0625
0 0.94765625 0.078125 0.0671875 0.0625
0 0.3921875 0.21015625 0.090625 0.0828125
0 0.575 0.1640625 0.078125 0.078125
0 0.6578125 0.2421875 0.059375 0.078125
0 0.46953125 0.29296875 0.0703125 0.0859375
0 0.53125 0.36328125 0.078125 0.0703125
0 0.60859375 0.44375 0.0984375 0.090625
0 0.7328125 0.325 0.059375 0.0625
0 0.79921875 0.396875 0.0671875 0.075
0 0.03515625 0.2859375 0.0703125 0.078125
0 0.1 0.2015625 0.090625 0.090625
0 0.17265625 0.1453125 0.0859375 0.09375
0 0.246875 0.21328125 0.09375 0.0984375
0 0.17109375 0.29296875 0.0828125 0.0703125
0 0.0984375 0.3734375 0.09375 0.090625
0 0.0328125 0.45078125 0.065625 0.0828125
0 0.0296875 0.6 0.059375 0.075
0 0.1703125 0.59296875 0.075 0.0828125
0 0.24453125 0.52734375 0.0828125 0.0703125
0 0.16640625 0.4546875 0.0671875 0.075
0 0.25234375 0.3734375 0.0515625 0.059375
0 0.3109375 0.44921875 0.059375 0.0703125
0 0.384375 0.371875 0.075 0.078125
0 0.459375 0.45234375 0.075 0.0828125
0 0.3953125 0.528125 0.046875 0.046875
0 0.4578125 0.60390625 0.078125 0.0828125
0 0.5375 0.52421875 0.075 0.0703125
0 0.3765625 0.6796875 0.075 0.078125
0 0.3125 0.7515625 0.078125 0.075
0 0.09375 0.6734375 0.078125 0.090625
0 0.16484375 0.7515625 0.0859375 0.090625
0 0.23671875 0.83046875 0.0671875 0.0671875
0 0.45234375 0.7515625 0.0828125 0.075
0 0.53125 0.67265625 0.078125 0.0703125
0 0.60546875 0.60078125 0.0703125 0.0828125
0 0.0328125 0.7421875 0.065625 0.078125
0 0.08984375 0.82421875 0.1015625 0.1015625
0 0.15078125 0.8984375 0.0828125 0.078125
0 0.0828125 0.978125 0.078125 0.04375
0 0.0296875 0.90703125 0.059375 0.1015625
0 0.52734375 0.8328125 0.0703125 0.0625
0 0.61171875 0.746875 0.0515625 0.0625
0 0.67421875 0.828125 0.0671875 0.078125
0 0.59375 0.9109375 0.046875 0.046875
0 0.678125 0.5296875 0.075 0.075
0 0.7546875 0.59296875 0.078125 0.0671875
0 0.8171875 0.67421875 0.0625 0.0671875
0 0.7421875 0.75078125 0.0625 0.0703125
0 0.8828125 0.74140625 0.078125 0.0828125
0 0.94609375 0.5328125 0.1015625 0.075
0 0.86015625 0.4671875 0.0390625 0.028125
0 0.8765625 0.8984375 0.059375 0.0625
0 0.94140625 0.384375 0.0703125 0.075
0 0.87109375 0.165625 0.0703125 0.075
0 0.79921875 0.09609375 0.0828125 0.0828125