0 0.015625 0.62578125 0.03125 0.0546875
0 0.353125 0.69140625 0.059375 0.0546875
0 0.2171875 0.84765625 0.04375 0.0546875
0 0.66015625 0.83046875 0.0546875 0.0515625
0 0.0234375 0.1640625 0.046875 0.078125
0 0.4375 0.01953125 0.078125 0.0390625
0 0.22578125 0.390625 0.0515625 0.046875
0 0.36953125 0.22265625 0.0671875 0.0703125
0 0.43125 0.1578125 0.04375 0.04375
0 0.5140625 0.0875 0.04375 0.04375
0 0.51484375 0.37421875 0.0515625 0.0671875
0 0.71328125 0.146875 0.0671875 0.075
0 0.2203125 0.98828125 0.034375 0.0234375