0 0.025 0.83984375 0.05 0.1015625
0 0.0828125 0.91328125 0.109375 0.1140625
0 0.025 0.9609375 0.05 0.078125
0 0.1453125 0.96484375 0.09375 0.0703125
0 0.28828125 0.96484375 0.0984375 0.0703125
0 0.94921875 0.01953125 0.0859375 0.0390625
0 0.88984375 0.06875 0.0828125 0.090625
0 0.8109375 0.015625 0.075 0.03125
0 0.9453125 0.3015625 0.078125 0.0625
0 0.7234375 0.21484375 0.0625 0.0703125
0 0.8765625 0.53984375 0.090625 0.0859375
0 0.94765625 0.60625 0.0828125 0.078125
0 0.86875 0.6796875 0.090625 0.09375
0 0.93359375 0.76015625 0.0859375 0.0984375
0 0.7953125 0.7625 0.059375 0.0625
0 0.86875 0.83828125 0.075 0.0671875
0 0.94140625 0.90859375 0.0703125 0.0828125
0 0.87265625 0.97421875 0.0671875 0.0515625
0 0.79609375 0.9140625 0.0828125 0.09375
0 0.72265625 0.8375 0.0859375 0.090625
0 0.66484375 0.7671875 0.0703125 0.075
0 0.5828125 0.83984375 0.09375 0.1015625
0 0.6578125 0.915625 0.059375 0.075
0 0.72265625 0.9765625 0.0703125 0.046875
0 0.575 0.9765625 0.078125 0.046875
0 0.575 0.678125 0.078125 0.090625
0 0.50078125 0.7625 0.0859375 0.09375
0 0.43359375 0.82890625 0.0703125 0.0859375
0 0.353125 0.74921875 0.075 0.0828125
0 0.35390625 0.89453125 0.0828125 0.0859375
0 0.13984375 0.6796875 0.08125 0.078125
0 0.2109375 0.60390625 0.09375 0.0984375
0 0.36015625 0.453125 0.0703125 0.078125
0 0.4375 0.38359375 0.09375 0.1015625