0 0.075 0.55 0.07421875 0.06953125
0 0.1640625 0.46015625 0.06953125 0.0828125
0 0.25 0.3875 0.0609375 0.065625
0 0.32421875 0.46015625 0.078125 0.0828125
0 0.24375 0.5375 0.065625 0.0609375
0 0.07734375 0.3734375 0.0609375 0.065625
0 0.0171875 0.3015625 0.034375 0.05703125
0 0.16171875 0.2875 0.03984375 0.0484375
0 0.32265625 0.28515625 0.07421875 0.06953125
0 0.25078125 0.215625 0.06953125 0.07421875
0 0.0734375 0.21875 0.078125 0.109375
0 0.47265625 0.2953125 0.065625 0.078125
0 0.48671875 0.45859375 0.05703125 0.0515625
0 0.4015625 0.2171875 0.06953125 0.078125
0 0.325 0.134375 0.065625 0.078125
0 0.2390625 0.0546875 0.0828125 0.09140625
0 0.73046875 0.0421875 0.06953125 0.07421875
0 0.89921875 0.03515625 0.0703125 0.0703125
0 0.9703125 0.11953125 0.05859375 0.0828125
0 0.64765625 0.7890625 0.078125 0.0828125
0 0.56484375 0.86953125 0.09140625 0.078125
0 0.47265625 0.9671875 0.065625 0.065625
0 0.01484375 0.96484375 0.0296875 0.0609375
0 0.08203125 0.89296875 0.0609375 0.0484375
0 0.1578125 0.96015625 0.065625 0.06953125
0 0.246875 0.87890625 0.078125 0.06953125
0 0.3203125 0.79140625 0.06953125 0.078125
0 0.40078125 0.7109375 0.07421875 0.0828125
0 0.32265625 0.61875 0.07421875 0.078125
0 0.484375 0.61953125 0.08671875 0.08671875
0 0.38828125 0.5390625 0.0609375 0.05703125
0 0.565625 0.71484375 0.0515625 0.0515625
0 0.47890625 0.78984375 0.0515625 0.05703125
0 0.7234375 0.8640625 0.065625 0.07421875
0 0.634375 0.95625 0.07421875 0.078125
0 0.8 0.9484375 0.078125 0.08671875
0 0.95859375 0.93828125 0.0828125 0.1125
0 0.8859375 0.86953125 0.06953125 0.078125
0 0.96015625 0.78671875 0.0796875 0.09140625
0 0.6515625 0.62421875 0.09140625 0.1
0 0.70859375 0.5390625 0.0953125 0.109375
0 0.80859375 0.4578125 0.1125 0.109375
0 0.73203125 0.36796875 0.0828125 0.0953125
0 0.80390625 0.2765625 0.0609375 0.06953125
0 0.815625 0.1203125 0.07421875 0.09140625
0 0.9640625 0.278125 0.071875 0.1
0 0.96796875 0.44921875 0.0609375 0.07421875
0 0.88515625 0.5375 0.07421875 0.078125
0 0.79609375 0.61640625 0.06953125 0.07421875
0 0.7328125 0.70234375 0.07421875 0.0828125
0 0.80078125 0.78515625 0.0828125 0.0828125
0 0.3046875 0.95625 0.090625 0.0875
0 0.16640625 0.803125 0.0484375 0.065625
0 0.01484375 0.13671875 0.0296875 0.065625