0 0.096875 0.0328125 0.07578125 0.065625
0 0.1703125 0.09140625 0.08125 0.09765625
0 0.33125 0.0890625 0.08125 0.10625
0 0.39765625 0.028125 0.07265625 0.05546875
0 0.02265625 0.2828125 0.0453125 0.08984375
0 0.0859375 0.36875 0.0640625 0.07578125
0 0.1640625 0.28046875 0.084375 0.084375
0 0.2484375 0.34765625 0.0671875 0.084375
0 0.96484375 0.10859375 0.0640625 0.07265625
0 0.87890625 0.0265625 0.05546875 0.05234375
0 0.72109375 0.0296875 0.05078125 0.05546875
0 0.8015625 0.1 0.059375 0.0640625
0 0.8796875 0.19375 0.08125 0.07265625
0 0.95625 0.290625 0.0640625 0.0640625
0 0.88828125 0.36640625 0.0640625 0.0640625
0 0.39765625 0.21171875 0.0390625 0.059375
0 0.48203125 0.28359375 0.05546875 0.05078125
0 0.56328125 0.36875 0.05546875 0.059375
0 0.6578125 0.434375 0.07578125 0.0640625
0 0.490625 0.4234375 0.07265625 0.07578125
0 0.3375 0.42890625 0.0671875 0.0640625
0 0.1734375 0.43125 0.09296875 0.059375
0 0.028125 0.43984375 0.05546875 0.059375