0 0.19765625 0.98828125 0.0671875 0.0234375
0 0.33515625 0.9859375 0.0984375 0.028125
0 0.759375 0.978125 0.090625 0.04375
0 0.840625 0.92890625 0.078125 0.0828125
0 0.7703125 0.8453125 0.078125 0.090625
0 0.84765625 0.78515625 0.0859375 0.0859375
0 0.91328125 0.8671875 0.0828125 0.09375
0 0.4234375 0.91875 0.075 0.078125
0 0.48359375 0.8453125 0.0671875 0.075
0 0.54296875 0.93125 0.0859375 0.090625
0 0.47578125 0.98203125 0.0703125 0.0359375
0 0.04921875 0.85078125 0.0828125 0.0828125
0 0.19609375 0.85625 0.0546875 0.0625
0 0.05078125 0.69921875 0.0546875 0.0703125
0 0.12578125 0.61796875 0.0546875 0.0546875
0 0.05703125 0.54140625 0.0828125 0.0828125
0 0.015625 0.46953125 0.03125 0.0859375
0 0.1921875 0.6953125 0.046875 0.046875
0 0.271875 0.77421875 0.075 0.0703125
0 0.2671875 0.6140625 0.090625 0.078125
0 0.19453125 0.54375 0.0828125 0.0625
0 0.13125 0.459375 0.090625 0.075
0 0.05390625 0.403125 0.0828125 0.078125
0 0.01171875 0.1578125 0.0234375 0.075
0 0.0609375 0.2328125 0.059375 0.075
0 0.13359375 0.31875 0.0703125 0.090625
0 0.41484375 0.775 0.0703125 0.075
0 0.3375 0.85 0.059375 0.075
0 0.3453125 0.7 0.075 0.078125
0 0.415625 0.61953125 0.059375 0.0671875
0 0.48671875 0.696875 0.0515625 0.059375
0 0.55546875 0.7796875 0.0703125 0.075
0 0.68984375 0.76953125 0.0828125 0.0859375
0 0.62421875 0.6875 0.0828125 0.078125
0 0.56484375 0.61640625 0.0671875 0.0671875
0 0.26796875 0.31484375 0.0671875 0.0828125
0 0.1953125 0.24296875 0.078125 0.0859375
0 0.2625 0.1609375 0.0625 0.078125
0 0.40703125 0.1625 0.0703125 0.075
0 0.3375 0.2390625 0.059375 0.0625
0 0.34296875 0.3890625 0.0671875 0.075
0 0.26953125 0.46953125 0.0546875 0.0546875
0 0.35 0.54765625 0.075 0.0859375
0 0.4078125 0.4609375 0.075 0.09375
0 0.49453125 0.38984375 0.0828125 0.0828125
0 0.48671875 0.23046875 0.0671875 0.0859375
0 0.48046875 0.08515625 0.0703125 0.0671875
0 0.3375 0.0859375 0.090625 0.09375
0 0.19765625 0.0796875 0.0671875 0.075
0 0.12421875 0.14453125 0.0671875 0.0703125
0 0.55546875 0.4578125 0.0703125 0.078125
0 0.62890625 0.3875 0.0703125 0.09375
0 0.7046875 0.30546875 0.075 0.0859375
0 0.7828125 0.2328125 0.075 0.075
0 0.84765625 0.1546875 0.0703125 0.075
0 0.9140625 0.23515625 0.078125 0.0859375
0 0.90546875 0.38984375 0.0828125 0.0828125
0 0.84296875 0.453125 0.0671875 0.078125
0 0.76953125 0.54765625 0.0703125 0.0703125
0 0.696875 0.6140625 0.090625 0.09375
0 0.62890625 0.53125 0.0703125 0.078125
0 0.69921875 0.46328125 0.0859375 0.0828125
0 0.778125 0.69765625 0.078125 0.0828125
0 0.83984375 0.61875 0.0859375 0.090625
0 0.9265625 0.54296875 0.0625 0.0703125
0 0.97265625 0.46484375 0.0546875 0.0859375
0 0.978125 0.62109375 0.04375 0.0859375
0 0.915625 0.69765625 0.090625 0.0828125
0 0.55546875 0.30390625 0.0546875 0.0515625
0 0.62734375 0.23515625 0.0671875 0.0703125
0 0.55078125 0.15234375 0.0546875 0.0546875
0 0.6265625 0.0828125 0.075 0.0625
0 0.69921875 0.15859375 0.0546875 0.0671875
0 0.77421875 0.07265625 0.0859375 0.0828125
0 0.978125 0.165625 0.04375 0.059375
0 0.92578125 0.08046875 0.0703125 0.0671875
0 0.1328125 0.021875 0.078125 0.04375
0 0.26796875 0.01953125 0.0671875 0.0390625
0 0.4109375 0.015625 0.0625 0.03125
0 0.553125 0.021875 0.090625 0.04375
0 0.70859375 0.0171875 0.0984375 0.034375