0 0.0546875 0.3953125 0.0625 0.078125
0 0.1171875 0.32421875 0.078125 0.0703125
0 0.19765625 0.2578125 0.0671875 0.0625
0 0.33515625 0.26640625 0.0984375 0.0859375
0 0.19375 0.41015625 0.090625 0.1015625
0 0.26015625 0.47109375 0.0828125 0.0828125
0 0.046875 0.56171875 0.078125 0.0828125
0 0.11953125 0.6421875 0.0515625 0.059375
0 0.0484375 0.7046875 0.075 0.075
0 0.1875 0.54765625 0.0625 0.0703125
0 0.25703125 0.63359375 0.0984375 0.0859375
0 0.1890625 0.71953125 0.090625 0.0859375
0 0.1375 0.79609375 0.078125 0.0828125
0 0.1921875 0.8578125 0.078125 0.090625
0 0.2578125 0.78359375 0.078125 0.0828125
0 0.04765625 0.984375 0.0859375 0.03125
0 0.18671875 0.9859375 0.0828125 0.028125
0 0.27265625 0.93671875 0.0671875 0.0828125
0 0.328125 0.8640625 0.09375 0.09375
0 0.39296875 0.953125 0.0984375 0.09375
0 0.6953125 0.94453125 0.0625 0.0671875
0 0.625 0.87734375 0.078125 0.0984375
0 0.54765625 0.9515625 0.0703125 0.075
0 0.48125 0.86328125 0.0625 0.0546875
0 0.4 0.63671875 0.059375 0.0703125
0 0.478125 0.71484375 0.075 0.0703125
0 0.5453125 0.6328125 0.04375 0.046875
0 0.63203125 0.7171875 0.0828125 0.090625
0 0.546875 0.79765625 0.09375 0.0859375
0 0.69453125 0.78125 0.0671875 0.0625
0 0.69140625 0.63984375 0.0703125 0.0828125
0 0.621875 0.56171875 0.0625 0.0671875
0 0.759375 0.73125 0.090625 0.09375
0 0.8375 0.8125 0.090625 0.09375
0 0.76640625 0.87578125 0.0546875 0.0703125
0 0.76953125 0.55625 0.0703125 0.075
0 0.83828125 0.49453125 0.0671875 0.0828125
0 0.8484375 0.640625 0.0625 0.0625
0 0.903125 0.5765625 0.09375 0.10625
0 0.90859375 0.72890625 0.0671875 0.0671875
0 0.97265625 0.8046875 0.0546875 0.078125
0 0.70546875 0.48046875 0.0828125 0.0859375
0 0.76640625 0.4109375 0.0859375 0.09375
0 0.6953125 0.33828125 0.078125 0.0828125
0 0.759375 0.246875 0.090625 0.078125
0 0.840625 0.17890625 0.078125 0.0828125
0 0.7703125 0.0953125 0.078125 0.090625
0 0.84765625 0.0390625 0.0859375 0.078125
0 0.91328125 0.1171875 0.0828125 0.09375
0 0.4234375 0.16875 0.075 0.078125
0 0.48359375 0.0953125 0.0671875 0.075
0 0.54296875 0.18125 0.0859375 0.090625
0 0.47734375 0.25078125 0.0703125 0.0703125
0 0.40546875 0.3375 0.0984375 0.090625
0 0.04921875 0.10078125 0.0828125 0.0828125
0 0.19609375 0.10625 0.0546875 0.0625
0 0.271875 0.0296875 0.075 0.059375
0 0.41328125 0.4828125 0.0828125 0.090625
0 0.48046875 0.41875 0.0859375 0.09375
0 0.54609375 0.49375 0.0671875 0.059375
0 0.41484375 0.03125 0.0703125 0.0625
0 0.3375 0.1 0.059375 0.075
0 0.55390625 0.0328125 0.0703125 0.065625
0 0.68984375 0.03125 0.0828125 0.0625