0 0.02109375 0.8453125 0.0421875 0.103125
0 0.0765625 0.91953125 0.1109375 0.115625
0 0.02109375 0.96328125 0.0421875 0.0703125
0 0.13984375 0.96796875 0.0953125 0.06328125
0 0.28515625 0.96796875 0.1 0.06328125
0 0.95625 0.015625 0.0875 0.03125
0 0.89609375 0.06171875 0.084375 0.0921875
0 0.815625 0.01171875 0.0765625 0.0234375
0 0.95234375 0.2984375 0.0796875 0.06328125
0 0.72734375 0.21015625 0.06328125 0.07109375
0 0.8828125 0.540625 0.0921875 0.0875
0 0.9546875 0.6078125 0.084375 0.0796875
0 0.87421875 0.6828125 0.0921875 0.0953125
0 0.940625 0.7640625 0.0875 0.1
0 0.8 0.76640625 0.06015625 0.06328125
0 0.87421875 0.84375 0.0765625 0.06796875
0 0.9484375 0.91484375 0.07109375 0.084375
0 0.878125 0.97734375 0.06875 0.0453125
0 0.80078125 0.9203125 0.084375 0.0953125
0 0.7265625 0.84296875 0.0875 0.0921875
0 0.6671875 0.77109375 0.07109375 0.0765625
0 0.584375 0.8453125 0.0953125 0.103125
0 0.66015625 0.921875 0.06015625 0.0765625
0 0.72578125 0.9796875 0.0703125 0.040625
0 0.57578125 0.9796875 0.0796875 0.040625
0 0.5765625 0.68125 0.0796875 0.0921875
0 0.50078125 0.76640625 0.0875 0.0953125
0 0.4328125 0.834375 0.07109375 0.0875
0 0.35078125 0.753125 0.0765625 0.084375
0 0.3515625 0.90078125 0.084375 0.0875
0 0.134375 0.6828125 0.0828125 0.0796875
0 0.20625 0.60546875 0.0953125 0.1
0 0.3578125 0.45234375 0.07109375 0.0796875
0 0.43671875 0.38203125 0.0953125 0.103125