0 0.43046875 0.04296875 0.0984375 0.0859375
0 0.58046875 0.04296875 0.0671875 0.0859375
0 0.75546875 0.0390625 0.0765625 0.078125
0 0.11171875 0.04765625 0.0984375 0.09453125
0 0.27265625 0.04296875 0.0890625 0.0859375
0 0.203125 0.12265625 0.084375 0.10703125
0 0.2875 0.2109375 0.08984375 0.10703125
0 0.37109375 0.12421875 0.0984375 0.09296875
0 0.41171875 0.1984375 0.084375 0.08125
0 0.3484375 0.278125 0.0765625 0.08125
0 0.27578125 0.36953125 0.0765625 0.084375
0 0.19921875 0.28046875 0.09296875 0.09296875
0 0.04296875 0.1234375 0.0765625 0.084375
0 0.11171875 0.20234375 0.08125 0.08984375
0 0.11875 0.36171875 0.084375 0.09296875
0 0.20546875 0.44375 0.0640625 0.08125
0 0.11953125 0.52734375 0.0765625 0.084375
0 0.04375 0.44921875 0.0875 0.1015625
0 0.04375 0.621875 0.08125 0.08125
0 0.11875 0.70234375 0.05078125 0.05625
0 0.28046875 0.865625 0.0765625 0.0765625
0 0.346875 0.95625 0.07265625 0.08125
0 0.41796875 0.865625 0.07265625 0.0765625
0 0.51015625 0.95390625 0.0640625 0.06796875
0 0.81328125 0.61640625 0.06796875 0.059375
0 0.7421875 0.68984375 0.05078125 0.04765625
0 0.8265625 0.115625 0.0765625 0.084375
0 0.52421875 0.121875 0.08984375 0.08125