0 0.64765625 0.9640625 0.0609375 0.071875
0 0.72734375 0.89140625 0.07734375 0.08515625
0 0.490625 0.64921875 0.08046875 0.08515625
0 0.41875 0.72109375 0.0890625 0.09375
0 0.340625 0.80234375 0.0609375 0.053125
0 0.26328125 0.71328125 0.0609375 0.0609375
0 0.19296875 0.64140625 0.05625 0.06953125
0 0.26953125 0.8796875 0.06484375 0.06953125
0 0.1109375 0.871875 0.06484375 0.06953125
0 0.04375 0.79375 0.06484375 0.07734375
0 0.41875 0.0921875 0.05625 0.0609375
0 0.26953125 0.09453125 0.06484375 0.05625
0 0.190625 0.178125 0.0453125 0.053125
0 0.03515625 0.16953125 0.0484375 0.0609375
0 0.1109375 0.40078125 0.096875 0.0890625
0 0.03984375 0.47578125 0.07265625 0.07734375
0 0.18984375 0.4921875 0.06953125 0.07734375
0 0.33515625 0.49296875 0.0609375 0.06953125
0 0.26484375 0.5671875 0.08046875 0.0890625
0 0.41640625 0.25234375 0.0609375 0.05625
0 0.25859375 0.25546875 0.03671875 0.040625
0 0.0421875 0.9515625 0.0609375 0.07734375
0 0.18984375 0.95234375 0.06953125 0.08515625
0 0.9546875 0.96796875 0.06484375 0.0609375
0 0.8859375 0.98984375 0.065625 0.0203125
0 0.00859375 0.41015625 0.0171875 0.0765625