0 0.32109375 0.025 0.0828125 0.05
0 0.47734375 0.0234375 0.0703125 0.046875
0 0.396875 0.090625 0.090625 0.09375
0 0.5359375 0.09453125 0.0625 0.0859375
0 0.6140625 0.02734375 0.09375 0.0546875
0 0.69609375 0.090625 0.0703125 0.078125
0 0.04296875 0.0234375 0.0859375 0.046875
0 0.103125 0.1 0.090625 0.090625
0 0.25234375 0.090625 0.0828125 0.09375
0 0.1875 0.17109375 0.078125 0.0984375
0 0.26484375 0.25234375 0.0828125 0.0984375
0 0.3421875 0.17265625 0.090625 0.0859375
0 0.3796875 0.240625 0.078125 0.075
0 0.32109375 0.3140625 0.0703125 0.075
0 0.25390625 0.3984375 0.0703125 0.078125
0 0.18359375 0.31640625 0.0859375 0.0859375
0 0.03984375 0.171875 0.0703125 0.078125
0 0.103125 0.24453125 0.075 0.0828125
0 0.109375 0.39140625 0.078125 0.0859375
0 0.1890625 0.4671875 0.059375 0.075
0 0.11015625 0.54375 0.0703125 0.078125
0 0.040625 0.471875 0.08125 0.09375
0 0.040625 0.63125 0.075 0.075
0 0.109375 0.70546875 0.046875 0.0515625
0 0.25859375 0.85546875 0.0703125 0.0703125
0 0.31953125 0.9390625 0.0671875 0.075
0 0.38515625 0.85546875 0.0671875 0.0703125
0 0.4703125 0.9375 0.059375 0.0625
0 0.75 0.62578125 0.0625 0.0546875
0 0.684375 0.69375 0.046875 0.04375
0 0.9671875 0.84765625 0.04375 0.0546875
0 0.76171875 0.1640625 0.0703125 0.078125
0 0.48359375 0.1703125 0.0828125 0.075
0 0.97421875 0.390625 0.0515625 0.046875
0 0.54140625 0.98828125 0.0578125 0.0234375
0 0.96484375 0.9859375 0.0390625 0.028125