0 0.84296875 0.0578125 0.1265625 0.115625
0 0.9734375 0.20546875 0.05234375 0.1421875
0 0.40234375 0.14453125 0.078125 0.08203125
0 0.909375 0.67109375 0.1234375 0.12734375
0 0.8328125 0.75703125 0.07265625 0.08203125
0 0.74609375 0.8421875 0.1 0.10546875
0 0.92109375 0.84609375 0.11484375 0.11484375
0 0.58515625 0.84609375 0.10546875 0.1328125
0 0.32109375 0.75546875 0.11484375 0.09609375
0 0.82890625 0.928125 0.090625 0.09609375
0 0.92109375 0.9828125 0.1 0.034375
0 0.58125 0.978125 0.11484375 0.04375
0 0.42421875 0.9828125 0.1 0.034375
0 0.32734375 0.91640625 0.0875 0.090625
0 0.24453125 0.85703125 0.11484375 0.11796875
0 0.15078125 0.93828125 0.12734375 0.1234375
0 0.246875 0.97578125 0.11875 0.0484375
0 0.078125 0.98046875 0.109375 0.0390625
0 0.084375 0.67109375 0.09609375 0.090625
0 0.028125 0.5828125 0.05625 0.11484375