0 0.19296875 0.01796875 0.0890625 0.0359375
0 0.36640625 0.01953125 0.08828125 0.03828125
0 0.02890625 0.190625 0.0578125 0.096875
0 0.10078125 0.28515625 0.06953125 0.08203125
0 0.18515625 0.18828125 0.09140625 0.09140625
0 0.2765625 0.26171875 0.0734375 0.09140625
0 0.8765625 0.0140625 0.0640625 0.02734375
0 0.95859375 0.09453125 0.08203125 0.07890625
0 0.96796875 0.28203125 0.0640625 0.06953125
0 0.43828125 0.11484375 0.0421875 0.0640625
0 0.53046875 0.1921875 0.06015625 0.0546875
0 0.61796875 0.28515625 0.06015625 0.0640625
0 0.7203125 0.35546875 0.08203125 0.06953125
0 0.5390625 0.34375 0.07890625 0.08203125
0 0.3734375 0.35 0.0734375 0.06953125
0 0.1953125 0.35234375 0.10078125 0.0640625
0 0.034375 0.36171875 0.06875 0.0640625