0 0.94453125 0.01953125 0.0890625 0.0390625
0 0.86171875 0.0875 0.0765625 0.0859375
0 0.78203125 0.02265625 0.0859375 0.04453125
0 0.9484375 0.1828125 0.0890625 0.0984375
0 0.86484375 0.2640625 0.075 0.0890625
0 0.9484375 0.34140625 0.0890625 0.0859375
0 0.8703125 0.43828125 0.09453125 0.08046875
0 0.7046875 0.42109375 0.1125 0.10390625
0 0.61328125 0.35625 0.08046875 0.0765625
0 0.525 0.2703125 0.0890625 0.09453125
0 0.63046875 0.18671875 0.10390625 0.09453125
0 0.70234375 0.2640625 0.0625 0.05390625
0 0.70546875 0.0921875 0.0859375 0.09453125
0 0.60546875 0.01796875 0.0890625 0.0359375
0 0.44609375 0.0359375 0.0859375 0.07109375
0 0.3703125 0.10625 0.09453125 0.09453125
0 0.44453125 0.17265625 0.0890625 0.09453125
0 0.2765625 0.20078125 0.06796875 0.08046875
0 0.7796875 0.49921875 0.08046875 0.04140625
0 0.62109375 0.49375 0.0859375 0.04140625
0 0.11640625 0.4890625 0.10390625 0.05