0 0.12734375 0.05703125 0.0671875 0.0828125
0 0.5078125 0.015625 0.0625 0.03125
0 0.4203125 0.0671875 0.075 0.078125
0 0.2828125 0.059375 0.075 0.078125
0 0.2 0.13515625 0.0625 0.0671875
0 0.12734375 0.2109375 0.0828125 0.078125
0 0.05625 0.2828125 0.075 0.090625
0 0.01171875 0.3515625 0.0234375 0.078125
0 0.19765625 0.296875 0.0671875 0.078125
0 0.1171875 0.36875 0.078125 0.075
0 0.34609375 0.29609375 0.0828125 0.0828125
0 0.428125 0.21953125 0.090625 0.0859375
0 0.49296875 0.15234375 0.0859375 0.0859375
0 0.584375 0.07890625 0.090625 0.1015625
0 0.6546875 0.01953125 0.075 0.0390625
0 0.015625 0.6765625 0.03125 0.078125
0 0.0625 0.76015625 0.078125 0.0828125
0 0.1265625 0.68359375 0.075 0.0859375
0 0.13515625 0.8421875 0.0671875 0.075
0 0.2046875 0.759375 0.075 0.090625
0 0.059375 0.92578125 0.078125 0.0859375
0 0.790625 0.0234375 0.090625 0.046875
0 0.7171875 0.08515625 0.059375 0.0828125
0 0.853125 0.1 0.090625 0.090625
0 0.98046875 0.090625 0.0390625 0.09375
0 0.9375 0.17109375 0.078125 0.0984375
0 0.9859375 0.25234375 0.028125 0.0984375
0 0.984375 0.3984375 0.03125 0.078125
0 0.93359375 0.31640625 0.0859375 0.0859375
0 0.78984375 0.171875 0.0703125 0.078125
0 0.853125 0.24453125 0.075 0.0828125
0 0.859375 0.39140625 0.078125 0.0859375
0 0.9390625 0.4671875 0.059375 0.075
0 0.86015625 0.54375 0.0703125 0.078125
0 0.79140625 0.4734375 0.0828125 0.09375
0 0.7171875 0.39765625 0.075 0.0828125
0 0.65234375 0.3265625 0.0703125 0.090625
0 0.575 0.23671875 0.078125 0.0828125
0 0.49921875 0.303125 0.0828125 0.090625
0 0.58046875 0.390625 0.0828125 0.078125
0 0.64453125 0.47109375 0.0703125 0.0828125
0 0.725 0.54609375 0.075 0.0828125
0 0.790625 0.63125 0.075 0.075
0 0.1390625 0.52421875 0.075 0.0859375
0 0.20546875 0.446875 0.0671875 0.090625
0 0.28125 0.3734375 0.09375 0.10625
0 0.42265625 0.3921875 0.0703125 0.075
0 0.35859375 0.45390625 0.0828125 0.0703125
0 0.27265625 0.528125 0.0828125 0.078125
0 0.2078125 0.59609375 0.078125 0.0671875
0 0.13203125 0.978125 0.065625 0.04375
0 0.4296875 0.98046875 0.078125 0.0390625
0 0.3375 0.92890625 0.090625 0.0828125
0 0.27421875 0.9859375 0.0546875 0.028125
0 0.271875 0.84609375 0.075 0.0828125
0 0.29375 0.68359375 0.0625 0.0859375
0 0.34765625 0.615625 0.0703125 0.059375
0 0.42890625 0.55078125 0.0671875 0.0703125
0 0.5046875 0.4828125 0.078125 0.075
0 0.56953125 0.54140625 0.0671875 0.0671875
0 0.64453125 0.6328125 0.0859375 0.078125
0 0.5703125 0.69609375 0.078125 0.0859375
0 0.496875 0.6171875 0.046875 0.046875
0 0.415625 0.69453125 0.075 0.0828125
0 0.359375 0.759375 0.078125 0.075
0 0.4984375 0.78125 0.075 0.09375
0 0.56484375 0.85859375 0.0828125 0.0828125
0 0.5 0.91640625 0.078125 0.0828125
0 0.646875 0.94140625 0.059375 0.0703125
0 0.859375 0.70546875 0.046875 0.0515625
0 0.9859375 0.85546875 0.028125 0.0703125