0 0.3234375 0.0265625 0.065625 0.053125
0 0.16796875 0.01796875 0.09609375 0.0359375
0 0.23671875 0.41796875 0.07421875 0.07109375
0 0.38515625 0.56953125 0.090625 0.09921875
0 0.5453125 0.575 0.090625 0.0875
0 0.6328125 0.50078125 0.10703125 0.10390625
0 0.075 0.565625 0.07421875 0.07890625
0 0.0203125 0.65859375 0.040625 0.1078125
0 0.02734375 0.490625 0.0546875 0.090625
0 0.22578125 0.7359375 0.07890625 0.09609375
0 0.07265625 0.73828125 0.09609375 0.10703125
0 0.15390625 0.81953125 0.090625 0.10390625
0 0.3046875 0.6625 0.07109375 0.0875
0 0.46640625 0.678125 0.0875 0.09609375
0 0.5375 0.7484375 0.090625 0.0875
0 0.37890625 0.76484375 0.0875 0.10390625
0 0.4578125 0.82890625 0.0875 0.07421875
0 0.459375 0.971875 0.10703125 0.05625
0 0.384375 0.909375 0.09921875 0.09609375
0 0.22890625 0.903125 0.090625 0.1234375