0 0.9390625 0.1078125 0.075 0.075
0 0.92890625 0.24609375 0.0546875 0.0546875
0 0.8734375 0.18359375 0.075 0.0703125
0 0.78828125 0.103125 0.0859375 0.075
0 0.86328125 0.03828125 0.0703125 0.0671875
0 0.94375 0.40625 0.075 0.078125
0 0.86640625 0.3375 0.0703125 0.075
0 0.7984375 0.26953125 0.075 0.0703125
0 0.71796875 0.48828125 0.0703125 0.0859375
0 0.79609375 0.57421875 0.0859375 0.0859375
0 0.85859375 0.4859375 0.0546875 0.059375
0 0.78984375 0.7171875 0.0671875 0.075
0 0.87265625 0.80703125 0.0671875 0.0828125
0 0.93671875 0.72890625 0.0703125 0.0828125
0 0.71875 0.65078125 0.078125 0.0828125
0 0.64140625 0.5609375 0.0671875 0.075
0 0.57734375 0.496875 0.0703125 0.078125
0 0.646875 0.4265625 0.075 0.078125
0 0.64609375 0.73515625 0.0515625 0.0546875
0 0.56796875 0.653125 0.0671875 0.078125
0 0.49921875 0.58046875 0.0703125 0.0671875
0 0.4203125 0.51953125 0.059375 0.0703125
0 0.353125 0.45234375 0.075 0.0828125
0 0.5734375 0.353125 0.078125 0.090625
0 0.50078125 0.28359375 0.0828125 0.0828125
0 0.42734375 0.35859375 0.0828125 0.0828125
0 0.48984375 0.415625 0.0671875 0.075
0 0.34296875 0.5953125 0.0703125 0.090625
0 0.425 0.67109375 0.078125 0.0828125
0 0.4921875 0.7421875 0.0625 0.078125
0 0.5796875 0.8171875 0.075 0.078125
0 0.7171875 0.809375 0.075 0.078125
0 0.8 0.88515625 0.0625 0.0671875
0 0.87265625 0.9609375 0.0828125 0.078125
0 0.72578125 0.978125 0.0390625 0.04375
0 0.571875 0.9625 0.090625 0.075
0 0.50703125 0.90234375 0.0859375 0.0859375
0 0.415625 0.82890625 0.090625 0.1015625
0 0.3453125 0.75 0.075 0.078125
0 0.7125 0.18828125 0.075 0.0859375
0 0.6359375 0.11796875 0.0625 0.0703125
0 0.5703125 0.040625 0.078125 0.075
0 0.421875 0.046875 0.078125 0.078125
0 0.275 0.05703125 0.075 0.0671875
0 0.35078125 0.14140625 0.0703125 0.0859375
0 0.42265625 0.20234375 0.0671875 0.0671875
0 0.57578125 0.20390625 0.0671875 0.0703125
0 0.65 0.26484375 0.075 0.0671875
0 0.203125 0.14296875 0.0625 0.0671875
0 0.28046875 0.21484375 0.0703125 0.0859375
0 0.21171875 0.45234375 0.0828125 0.0828125
0 0.13984375 0.3734375 0.0859375 0.090625
0 0.065625 0.29765625 0.078125 0.0859375
0 0.0640625 0.47265625 0.059375 0.0546875
0 0.12890625 0.53828125 0.0703125 0.0828125
0 0.065625 0.6140625 0.078125 0.09375
0 0.209375 0.75390625 0.090625 0.0859375
0 0.2796875 0.67578125 0.090625 0.0859375
0 0.2828125 0.83515625 0.059375 0.0828125
0 0.146875 0.85 0.090625 0.090625
0 0.01953125 0.840625 0.0390625 0.09375
0 0.0625 0.92109375 0.078125 0.0984375
0 0.21015625 0.921875 0.0703125 0.078125
0 0.146875 0.9765625 0.075 0.046875
0 0.425 0.97265625 0.078125 0.0546875