0 0.91015625 0.27578125 0.084375 0.09296875
0 0.978125 0.3453125 0.04375 0.084375
0 0.921875 0.4390625 0.06171875 0.06171875
0 0.83359375 0.3671875 0.07890625 0.09296875
0 0.7546875 0.27578125 0.07890625 0.07578125
0 0.82421875 0.18984375 0.0703125 0.0671875
0 0.74921875 0.10859375 0.07890625 0.07578125
0 0.65703125 0.2015625 0.0703125 0.07890625
0 0.66875 0.38125 0.084375 0.09296875
0 0.7546875 0.45546875 0.096875 0.1109375
0 0.8390625 0.5328125 0.07578125 0.07890625
0 0.921875 0.61328125 0.07890625 0.07578125
0 0.66875 0.55 0.084375 0.07890625
0 0.5828125 0.45234375 0.0703125 0.0703125
0 0.50546875 0.37109375 0.0671875 0.0671875
0 0.57734375 0.290625 0.0703125 0.0703125
0 0.4984375 0.21328125 0.08828125 0.0671875
0 0.41953125 0.47109375 0.06171875 0.07890625
0 0.50234375 0.55 0.07890625 0.07890625
0 0.58203125 0.63671875 0.07890625 0.09296875
0 0.33203125 0.390625 0.07890625 0.08828125
0 0.27265625 0.48125 0.084375 0.09296875
0 0.16875 0.37890625 0.0703125 0.08828125
0 0.0984375 0.2984375 0.08828125 0.07890625
0 0.0234375 0.22265625 0.046875 0.0703125
0 0.03203125 0.3953125 0.06328125 0.1140625
0 0.178125 0.56640625 0.08828125 0.09296875
0 0.09609375 0.65703125 0.0578125 0.0671875
0 0.17578125 0.72734375 0.084375 0.084375
0 0.02734375 0.55 0.0546875 0.07890625
0 0.034375 0.74375 0.06875 0.096875
0 0.07578125 0.83046875 0.08828125 0.09296875
0 0.02890625 0.9 0.0578125 0.10234375
0 0.58203125 0.96796875 0.06171875 0.06328125
0 0.5046875 0.9015625 0.07578125 0.08828125
0 0.42265625 0.96796875 0.084375 0.06328125
0 0.34609375 0.90234375 0.07578125 0.07890625
0 0.59296875 0.80078125 0.0671875 0.0703125
0 0.509375 0.7171875 0.07578125 0.07890625
0 0.4171875 0.63828125 0.084375 0.07890625
0 0.334375 0.56484375 0.084375 0.084375
0 0.34296875 0.04375 0.0921875 0.0875
0 0.175 0.046875 0.09296875 0.09296875
0 0.0203125 0.053125 0.040625 0.0703125
0 0.5078125 0.03984375 0.07890625 0.07890625
0 0.5828125 0.12734375 0.08828125 0.07890625
0 0.978125 0.021875 0.04375 0.04375