0 0.06171875 0.43046875 0.0984375 0.0859375
0 0.134375 0.521875 0.075 0.090625
0 0.2046875 0.59296875 0.075 0.0828125
0 0.28203125 0.66875 0.0703125 0.078125
0 0.3484375 0.74140625 0.09375 0.0828125
0 0.40546875 0.81953125 0.0828125 0.0828125
0 0.42578125 0.66484375 0.0546875 0.0703125
0 0.365625 0.59375 0.090625 0.09375
0 0.29140625 0.51640625 0.0828125 0.0859375
0 0.19921875 0.74609375 0.0859375 0.0859375
0 0.13984375 0.81875 0.08125 0.090625
0 0.0609375 0.73828125 0.075 0.0859375
0 0.27578125 0.82734375 0.0828125 0.0828125
0 0.26953125 0.96875 0.0703125 0.0625
0 0.778125 0.8875 0.0625 0.078125
0 0.84765625 0.80625 0.0859375 0.090625
0 0.93046875 0.73359375 0.0859375 0.0984375
0 0.86328125 0.65625 0.0703125 0.0625
0 0.80390625 0.578125 0.0671875 0.078125
0 0.7109375 0.6609375 0.078125 0.078125
0 0.63515625 0.73046875 0.0828125 0.0859375
0 0.7109375 0.50703125 0.0625 0.0828125
0 0.65078125 0.42421875 0.0671875 0.0671875
0 0.57421875 0.34765625 0.0859375 0.0859375
0 0.50625 0.27421875 0.075 0.0859375
0 0.4984375 0.428125 0.090625 0.090625
0 0.96875 0.390625 0.0625 0.078125
0 0.9625 0.54765625 0.075 0.0859375
0 0.671875 0.084375 0.078125 0.090625
0 0.60078125 0.16015625 0.0671875 0.0703125
0 0.54140625 0.1015625 0.0515625 0.0625
0 0.828125 0.08515625 0.078125 0.0828125
0 0.75234375 0.01953125 0.0671875 0.0390625
0 0.97265625 0.2421875 0.0546875 0.0625
0 0.90234375 0.16484375 0.0703125 0.0703125
0 0.6765625 0.23515625 0.0625 0.0546875
0 0.57109375 0.9609375 0.1015625 0.078125
0 0.63515625 0.88671875 0.0671875 0.0703125
0 0.85 0.9515625 0.090625 0.090625
0 0.92265625 0.8953125 0.0859375 0.09375
0 0.97421875 0.95703125 0.0515625 0.0859375