0 0.13515625 0.5828125 0.0671875 0.0625
0 0.215625 0.5015625 0.0625 0.075
0 0.29296875 0.4359375 0.0546875 0.059375
0 0.36015625 0.5015625 0.0703125 0.075
0 0.2875 0.57109375 0.059375 0.0546875
0 0.13671875 0.4234375 0.0546875 0.059375
0 0.07109375 0.35859375 0.0546875 0.0515625
0 0.21328125 0.3453125 0.0359375 0.04375
0 0.35859375 0.34375 0.0671875 0.0625
0 0.29375 0.28046875 0.0625 0.0671875
0 0.13359375 0.28359375 0.0703125 0.0984375
0 0.49375 0.35234375 0.059375 0.0703125
0 0.50703125 0.5 0.0515625 0.046875
0 0.4296875 0.28203125 0.0625 0.0703125
0 0.3609375 0.20703125 0.059375 0.0703125
0 0.2828125 0.13515625 0.075 0.0828125
0 0.6578125 0.04921875 0.059375 0.0515625
0 0.7265625 0.12421875 0.0625 0.0671875
0 0.8796875 0.11640625 0.0625 0.0671875
0 0.9453125 0.040625 0.0625 0.075
0 0.946875 0.19375 0.059375 0.075
0 0.65234375 0.7984375 0.0703125 0.075
0 0.57734375 0.87109375 0.0828125 0.0703125
0 0.49375 0.959375 0.059375 0.059375
0 0.0640625 0.95703125 0.059375 0.0546875
0 0.14140625 0.8921875 0.0546875 0.04375
0 0.209375 0.953125 0.059375 0.0625
0 0.28984375 0.8796875 0.0703125 0.0625
0 0.35625 0.80078125 0.0625 0.0703125
0 0.42890625 0.728125 0.0671875 0.075
0 0.35859375 0.64453125 0.0671875 0.0703125
0 0.5046875 0.6453125 0.078125 0.078125
0 0.41796875 0.57265625 0.0546875 0.0515625
0 0.578125 0.73125 0.046875 0.046875
0 0.5 0.79921875 0.046875 0.0515625
0 0.7203125 0.86640625 0.059375 0.0671875
0 0.63984375 0.94921875 0.0671875 0.0703125
0 0.78984375 0.9421875 0.0703125 0.078125
0 0.93671875 0.93359375 0.0828125 0.1015625
0 0.8671875 0.87109375 0.0625 0.0703125
0 0.9375 0.79609375 0.078125 0.0828125
0 0.65546875 0.65 0.0828125 0.090625
0 0.70703125 0.57265625 0.0859375 0.0984375
0 0.79765625 0.49921875 0.1015625 0.0984375
0 0.728125 0.41796875 0.075 0.0859375
0 0.79296875 0.3359375 0.0546875 0.0625
0 0.80390625 0.19453125 0.0671875 0.0828125
0 0.94375 0.3375 0.075 0.090625
0 0.94140625 0.49140625 0.0546875 0.0671875
0 0.86640625 0.57109375 0.0671875 0.0703125
0 0.7859375 0.64296875 0.0625 0.0671875
0 0.72890625 0.7203125 0.0671875 0.075
0 0.790625 0.7953125 0.075 0.075
0 0.34296875 0.95 0.0828125 0.078125
0 0.2171875 0.8109375 0.04375 0.059375
0 0.0625 0.209375 0.0625 0.059375