0 0.06796875 0.07421875 0.07890625 0.09140625
0 0.05546875 0.5375 0.06328125 0.06796875
0 0.11328125 0.6046875 0.06796875 0.07578125
0 0.04453125 0.68359375 0.06328125 0.06015625
0 0.059375 0.3671875 0.08671875 0.07578125
0 0.05234375 0.21953125 0.04765625 0.05546875
0 0.13515625 0.14375 0.07109375 0.07890625
0 0.12578125 0.30234375 0.08359375 0.07890625
0 0.27578125 0.1453125 0.06796875 0.07578125
0 0.19609375 0.06796875 0.06015625 0.07890625
0 0.1265625 0.0140625 0.07890625 0.028125
0 0.19140625 0.21796875 0.06015625 0.07890625
0 0.346875 0.21171875 0.06015625 0.07578125
0 0.35546875 0.06171875 0.08359375 0.09140625
0 0.428125 0.13984375 0.07109375 0.08671875
0 0.50078125 0.0671875 0.08359375 0.08359375
0 0.571875 0.140625 0.08359375 0.09140625
0 0.65546875 0.046875 0.06796875 0.08359375
0 0.4921875 0.2203125 0.06015625 0.06015625
0 0.57578125 0.2921875 0.07578125 0.08359375
0 0.6390625 0.2140625 0.07578125 0.07109375
0 0.71640625 0.121875 0.06328125 0.07578125
0 0.4265625 0.60078125 0.06796875 0.06796875
0 0.4875 0.67109375 0.06328125 0.07578125
0 0.56328125 0.5921875 0.07578125 0.08359375
0 0.6421875 0.51328125 0.06015625 0.06796875
0 0.71953125 0.43125 0.06796875 0.08359375
0 0.6421875 0.3671875 0.06015625 0.06015625
0 0.565625 0.44453125 0.07109375 0.07890625
0 0.49296875 0.51796875 0.06796875 0.06796875
0 0.42578125 0.44453125 0.06015625 0.06328125
0 0.35 0.52890625 0.06015625 0.06796875
0 0.265625 0.60546875 0.07890625 0.08359375
0 0.19453125 0.52890625 0.07890625 0.08359375
0 0.1265625 0.44453125 0.06328125 0.06328125
0 0.19453125 0.68515625 0.06328125 0.06328125
0 0.34453125 0.68359375 0.07109375 0.07578125
0 0.275 0.44609375 0.07578125 0.07578125
0 0.496875 0.3625 0.06015625 0.06015625
0 0.33359375 0.8296875 0.06015625 0.06796875
0 0.26171875 0.9140625 0.08671875 0.08359375
0 0.19296875 0.978125 0.0703125 0.04375
0 0.2 0.83515625 0.06796875 0.06328125
0 0.3484375 0.96875 0.071875 0.0625
0 0.4078125 0.903125 0.07109375 0.07890625
0 0.48125 0.828125 0.07578125 0.07109375
0 0.56015625 0.90546875 0.06015625 0.06796875
0 0.6359375 0.9703125 0.071875 0.059375
0 0.4921875 0.98515625 0.04453125 0.0296875
0 0.7046875 0.88984375 0.07109375 0.08359375
0 0.63359375 0.83203125 0.05546875 0.06328125
0 0.859375 0.87578125 0.06328125 0.07109375
0 0.921875 0.80625 0.08671875 0.08359375
0 0.97421875 0.71484375 0.0515625 0.0671875
0 0.85625 0.73125 0.07578125 0.07578125
0 0.78828125 0.81875 0.06328125 0.06796875
0 0.78515625 0.6640625 0.07578125 0.08359375
0 0.70859375 0.5890625 0.06328125 0.06796875
0 0.85703125 0.5828125 0.05234375 0.05546875
0 0.92578125 0.64765625 0.06328125 0.06796875
0 0.978125 0.5640625 0.04375 0.075
0 0.97578125 0.98671875 0.0484375 0.0265625
0 0.91953125 0.94453125 0.06015625 0.06015625
0 0.721875 0.28828125 0.06015625 0.07578125
0 0.85859375 0.11484375 0.07109375 0.06796875
0 0.93984375 0.04375 0.06015625 0.05234375
0 0.99453125 0.10625 0.0109375 0.04453125
0 0.92734375 0.19375 0.06015625 0.05234375
0 0.9796875 0.2609375 0.040625 0.071875
0 0.98671875 0.3984375 0.0265625 0.07578125
0 0.85078125 0.42890625 0.05546875 0.07890625
0 0.78515625 0.49765625 0.04453125 0.05234375
0 0.12265625 0.92421875 0.07109375 0.07578125
0 0.05 0.85390625 0.08359375 0.08359375