0 0.01484375 0.07265625 0.0296875 0.10625
0 0.0640625 0.15 0.11484375 0.11953125
0 0.01484375 0.2078125 0.0296875 0.0984375
0 0.05390625 0.28984375 0.1078125 0.08203125
0 0.1296875 0.2203125 0.0984375 0.10625
0 0.1203125 0.3703125 0.0734375 0.07890625
0 0.2765625 0.3765625 0.10625 0.10625
0 0.2796875 0.23515625 0.103125 0.1359375
0 0.95546875 0.0203125 0.08828125 0.040625
0 0.81171875 0.0125 0.0625 0.02421875
0 0.88828125 0.07109375 0.07890625 0.0703125
0 0.9640625 0.1453125 0.071875 0.08671875
0 0.89453125 0.2265625 0.0703125 0.07890625
0 0.8125 0.15078125 0.08671875 0.0984375
0 0.73515625 0.0703125 0.08984375 0.0953125
0 0.67421875 0.01796875 0.0734375 0.0359375
0 0.58828125 0.07265625 0.0984375 0.10625
0 0.6671875 0.15234375 0.0625 0.07890625
0 0.73515625 0.23125 0.0734375 0.07890625
0 0.65390625 0.296875 0.08203125 0.0953125
0 0.58046875 0.22890625 0.08203125 0.0734375
0 0.50234375 0.0203125 0.08984375 0.040625
0 0.43203125 0.06171875 0.0734375 0.08984375
0 0.34765625 0.01015625 0.07890625 0.01953125
0 0.3484375 0.13046875 0.08671875 0.08984375
0 0.9578125 0.30234375 0.08359375 0.10625
0 0.73203125 0.3890625 0.0734375 0.0734375
0 0.87421875 0.38203125 0.0734375 0.07890625
0 0.79765625 0.43984375 0.10625 0.05390625
0 0.94921875 0.43984375 0.08203125 0.05390625
0 0.6578125 0.4359375 0.10625 0.0625
0 0.2 0.4359375 0.11171875 0.0625
0 0.0484375 0.43203125 0.096875 0.0703125
0 0.996875 0.40390625 0.00625 0.1359375