0 0.94453125 0.690625 0.06171875 0.0765625
0 0.8546875 0.94453125 0.07109375 0.0765625
0 0.78046875 0.8578125 0.07109375 0.08515625
0 0.61875 0.8484375 0.0671875 0.0796875
0 0.615625 0.68046875 0.053125 0.0671875
0 0.53828125 0.76171875 0.05859375 0.05859375
0 0.94140625 0.18203125 0.05 0.05859375
0 0.77109375 0.171875 0.053125 0.0671875
0 0.8546875 0.4265625 0.10625 0.09765625
0 0.68671875 0.42265625 0.09765625 0.0796875
0 0.77578125 0.50859375 0.0796875 0.08515625
0 0.940625 0.5265625 0.0765625 0.08515625
0 0.62265625 0.49453125 0.0671875 0.0671875
0 0.44921875 0.67890625 0.0765625 0.07109375
0 0.36328125 0.76328125 0.07109375 0.0796875
0 0.3640625 0.57421875 0.0765625 0.0671875
0 0.6203125 0.01796875 0.08828125 0.03515625
0 0.11640625 0.4828125 0.0765625 0.0765625
0 0.2921875 0.484375 0.07109375 0.07109375
0 0.3703125 0.4125 0.05 0.05859375
0 0.28359375 0.3203125 0.08828125 0.09765625
0 0.28125 0.14375 0.09375 0.08828125
0 0.1171875 0.1390625 0.0671875 0.06171875
0 0.2015625 0.23671875 0.05859375 0.06171875
0 0.03125 0.22109375 0.06171875 0.0765625
0 0.12578125 0.32109375 0.0671875 0.08828125
0 0.03984375 0.40390625 0.0796875 0.08828125
0 0.0421875 0.559375 0.084375 0.10625
0 0.28125 0.66015625 0.09375 0.0765625
0 0.196875 0.7453125 0.08515625 0.0796875
0 0.11875 0.81484375 0.08828125 0.09375
0 0.0421875 0.74296875 0.0671875 0.08515625
0 0.290625 0.98125 0.08515625 0.0375
0 0.45703125 0.98984375 0.0609375 0.0203125
0 0.0359375 0.06328125 0.071875 0.0890625
0 0.10625 0.0140625 0.10625 0.028125