0 0.234375 0.05234375 0.08671875 0.10390625
0 0.1484375 0.134375 0.096875 0.08671875
0 0.24453125 0.24453125 0.121875 0.121875
0 0.0546875 0.24296875 0.0828125 0.09296875
0 0.053125 0.6421875 0.08671875 0.08671875
0 0.1546875 0.5296875 0.096875 0.10625
0 0.23203125 0.45546875 0.07734375 0.09296875
0 0.140625 0.73671875 0.0734375 0.0828125
0 0.05 0.825 0.0734375 0.08671875
0 0.240625 0.84453125 0.08671875 0.08671875
0 0.33203125 0.7546875 0.096875 0.11171875
0 0.23828125 0.63359375 0.0828125 0.09296875
0 0.32265625 0.54609375 0.07734375 0.09296875
0 0.52421875 0.9484375 0.0828125 0.103125
0 0.69140625 0.9484375 0.0828125 0.103125
0 0.15078125 0.9390625 0.0734375 0.10234375
0 0.2453125 0.9859375 0.10625 0.028125
0 0.60390625 0.85390625 0.09296875 0.08671875
0 0.5109375 0.75859375 0.08671875 0.09296875
0 0.425 0.84140625 0.07734375 0.11171875
0 0.69375 0.75859375 0.08671875 0.09296875
0 0.61328125 0.66328125 0.08671875 0.10234375
0 0.525 0.56171875 0.07734375 0.09296875
0 0.42890625 0.44296875 0.115625 0.12578125
0 0.33203125 0.34296875 0.096875 0.10625
0 0.70078125 0.36953125 0.0734375 0.0828125
0 0.6890625 0.565625 0.096875 0.11171875
0 0.79375 0.67734375 0.09296875 0.11171875
0 0.51484375 0.1515625 0.0828125 0.0828125
0 0.6015625 0.0703125 0.0828125 0.10234375
0 0.69140625 0.1828125 0.0734375 0.08671875
0 0.7875 0.08359375 0.0734375 0.0828125
0 0.696875 0.01328125 0.0875 0.0265625
0 0.88046875 0.9515625 0.0734375 0.0734375
0 0.95546875 0.859375 0.0890625 0.096875
0 0.87734375 0.76640625 0.08671875 0.096875
0 0.96484375 0.6578125 0.0703125 0.09375
0 0.890625 0.57421875 0.10234375 0.10625
0 0.79453125 0.46640625 0.0828125 0.10234375
0 0.87265625 0.38203125 0.096875 0.09296875
0 0.96484375 0.48359375 0.0703125 0.0921875
0 0.9671875 0.2796875 0.065625 0.07734375
0 0.88203125 0.18515625 0.096875 0.09296875
0 0.78203125 0.2921875 0.096875 0.10234375
0 0.96015625 0.09375 0.07890625 0.10234375