0 0.175 0.4359375 0.065625 0.0828125
0 0.0234375 0.609375 0.046875 0.0828125
0 0.090625 0.5296875 0.0609375 0.06953125
0 0.16875 0.6203125 0.0953125 0.0953125
0 0.25703125 0.5296875 0.07421875 0.06953125
0 0.33359375 0.459375 0.0828125 0.09140625
0 0.25703125 0.36484375 0.09140625 0.08671875
0 0.09453125 0.3328125 0.078125 0.09140625
0 0.16796875 0.26875 0.06953125 0.09140625
0 0.0234375 0.4296875 0.046875 0.078125
0 0.03046875 0.253125 0.0609375 0.0953125
0 0.0921875 0.1828125 0.09140625 0.09140625
0 0.178125 0.10546875 0.1 0.08671875
0 0.25625 0.184375 0.0828125 0.078125
0 0.33203125 0.11328125 0.08671875 0.09140625
0 0.41484375 0.21171875 0.06953125 0.09140625
0 0.3421875 0.2890625 0.0828125 0.0828125
0 0.42265625 0.38046875 0.0953125 0.1
0 0.496875 0.46953125 0.10390625 0.1125
0 0.1640625 0.96640625 0.06953125 0.0671875
0 0.02734375 0.959375 0.0546875 0.08125
0 0.0859375 0.878125 0.078125 0.09140625
0 0.178125 0.790625 0.1 0.1
0 0.0109375 0.7890625 0.021875 0.034375
0 0.3390625 0.96640625 0.0828125 0.0671875
0 0.41953125 0.90390625 0.078125 0.09140625
0 0.49296875 0.9703125 0.08671875 0.05859375
0 0.25234375 0.88828125 0.1 0.0953125
0 0.3328125 0.79765625 0.078125 0.08671875
0 0.259375 0.7125 0.08671875 0.0828125
0 0.57421875 0.73359375 0.06953125 0.06953125
0 0.65078125 0.815625 0.0828125 0.0953125
0 0.66875 0.96796875 0.07421875 0.0640625
0 0.809375 0.975 0.065625 0.05
0 0.896875 0.89453125 0.07421875 0.0828125
0 0.9578125 0.81328125 0.07421875 0.065625
0 0.90390625 0.728125 0.0953125 0.08671875
0 0.81484375 0.8203125 0.1 0.08671875
0 0.72890625 0.903125 0.109375 0.1
0 0.7375 0.72890625 0.09140625 0.0953125
0 0.80859375 0.64375 0.0953125 0.0828125
0 0.9625 0.6484375 0.07421875 0.1
0 0.66015625 0.646875 0.09140625 0.08671875
0 0.890625 0.55390625 0.08671875 0.0828125
0 0.965625 0.4703125 0.065625 0.065625
0 0.81953125 0.48046875 0.09140625 0.09140625
0 0.73203125 0.38515625 0.1 0.09140625
0 0.57265625 0.55546875 0.1 0.10390625
0 0.4984375 0.64609375 0.065625 0.078125
0 0.42109375 0.5484375 0.09140625 0.0828125
0 0.3390625 0.6234375 0.1 0.09140625
0 0.0984375 0.01796875 0.078125 0.0359375
0 0.2640625 0.03125 0.078125 0.0625
0 0.6578125 0.315625 0.08671875 0.109375
0 0.7375 0.23203125 0.03984375 0.0515625
0 0.6515625 0.13203125 0.09140625 0.0953125
0 0.7375 0.03984375 0.07421875 0.0796875
0 0.5828125 0.21875 0.08671875 0.0953125
0 0.9 0.21171875 0.06953125 0.07421875