0 0.03515625 0.10546875 0.0703125 0.0703125
0 0.10859375 0.17109375 0.0671875 0.0671875
0 0.03828125 0.24375 0.0671875 0.075
0 0.1078125 0.32109375 0.075 0.0703125
0 0.03515625 0.3921875 0.0703125 0.075
0 0.09765625 0.4625 0.0859375 0.075
0 0.17578125 0.38203125 0.0859375 0.0671875
0 0.1140625 0.0296875 0.078125 0.059375
0 0.18203125 0.0984375 0.0828125 0.078125
0 0.03125 0.6921875 0.0625 0.078125
0 0.09296875 0.759375 0.0515625 0.059375
0 0.03515625 0.8484375 0.0703125 0.078125
0 0.10390625 0.92578125 0.0671875 0.0546875
0 0.24609375 0.76796875 0.0546875 0.0671875
0 0.02890625 0.98203125 0.0578125 0.0359375
0 0.31953125 0.84609375 0.0671875 0.0828125
0 0.38984375 0.7734375 0.0671875 0.078125
0 0.31640625 0.69140625 0.0703125 0.0703125
0 0.38984375 0.615625 0.0671875 0.075
0 0.325 0.54609375 0.046875 0.0515625
0 0.246875 0.61875 0.078125 0.075
0 0.17890625 0.54140625 0.0828125 0.0828125
0 0.0953125 0.6171875 0.059375 0.0625
0 0.1796875 0.6859375 0.0625 0.075
0 0.03515625 0.53515625 0.0703125 0.0703125
0 0.1796875 0.240625 0.078125 0.075
0 0.24453125 0.1703125 0.0828125 0.090625
0 0.39921875 0.165625 0.0859375 0.090625
0 0.31953125 0.23046875 0.0984375 0.0859375
0 0.24609375 0.30859375 0.0859375 0.0859375
0 0.3828125 0.31875 0.078125 0.090625
0 0.46796875 0.23359375 0.0671875 0.0671875
0 0.5359375 0.3046875 0.09375 0.09375
0 0.615625 0.24140625 0.090625 0.0671875
0 0.46953125 0.38671875 0.0703125 0.0859375
0 0.3921875 0.459375 0.090625 0.075
0 0.3140625 0.3875 0.075 0.078125
0 0.23828125 0.45 0.0546875 0.0625
0 0.46171875 0.53984375 0.0703125 0.0859375
0 0.53046875 0.45390625 0.0671875 0.0703125
0 0.60859375 0.38515625 0.0984375 0.0828125
0 0.68125 0.3171875 0.075 0.078125
0 0.528125 0.77421875 0.078125 0.0859375
0 0.60078125 0.6921875 0.0515625 0.046875
0 0.5359375 0.615625 0.0625 0.059375
0 0.60390625 0.54375 0.0828125 0.078125
0 0.74609375 0.5359375 0.0859375 0.078125
0 0.67421875 0.609375 0.0671875 0.078125
0 0.6796875 0.4578125 0.078125 0.078125
0 0.81875 0.459375 0.090625 0.075
0 0.7421875 0.3921875 0.078125 0.090625
0 0.82265625 0.31484375 0.0828125 0.0828125
0 0.89765625 0.23515625 0.0828125 0.0859375
0 0.89296875 0.3890625 0.0828125 0.075
0 0.7546875 0.23671875 0.0625 0.0671875
0 0.82265625 0.16640625 0.0828125 0.0828125
0 0.684375 0.1640625 0.0625 0.0625
0 0.96640625 0.30546875 0.0671875 0.0734375
0 0.89765625 0.0796875 0.0828125 0.075
0 0.75390625 0.08046875 0.0859375 0.0671875
0 0.6140625 0.0953125 0.078125 0.075
0 0.25390625 0.02734375 0.0703125 0.0546875
0 0.39921875 0.0328125 0.0828125 0.065625
0 0.53828125 0.02734375 0.0671875 0.0546875
0 0.32421875 0.109375 0.0703125 0.078125
0 0.83046875 0.02734375 0.0984375 0.0546875
0 0.6875 0.025 0.0625 0.05
0 0.96640625 0.0234375 0.0671875 0.046875
0 0.96484375 0.9078125 0.0703125 0.075
0 0.89765625 0.8359375 0.0671875 0.078125
0 0.8984375 0.978125 0.078125 0.04375
0 0.74921875 0.85234375 0.0828125 0.0859375
0 0.81640625 0.91796875 0.0703125 0.0703125
0 0.75078125 0.9765625 0.0703125 0.046875
0 0.6859375 0.9296875 0.075 0.078125
0 0.465625 0.9765625 0.09375 0.046875