0 0.5984375 0.0671875 0.109375 0.109375
0 0.30703125 0.053125 0.0671875 0.075
0 0.2390625 0.12890625 0.078125 0.0859375
0 0.171875 0.053125 0.09375 0.090625
0 0.16640625 0.2171875 0.0828125 0.10625
0 0.08984375 0.28828125 0.0859375 0.1140625
0 0.0328125 0.20390625 0.065625 0.1046875
0 0.025 0.05390625 0.05 0.0859375
0 0.165625 0.37109375 0.075 0.0859375
0 0.08671875 0.43671875 0.1015625 0.1296875
0 0.03125 0.34453125 0.0625 0.0703125
0 0.68046875 0.465625 0.1015625 0.109375
0 0.52421875 0.6078125 0.0859375 0.090625
0 0.67265625 0.60859375 0.0859375 0.0828125
0 0.75078125 0.5328125 0.0703125 0.059375
0 0.821875 0.6078125 0.090625 0.090625
0 0.75078125 0.68125 0.0859375 0.075
0 0.6640625 0.7734375 0.078125 0.109375
0 0.4609375 0.69140625 0.09375 0.1015625
0 0.740625 0.83984375 0.075 0.0703125
0 0.67265625 0.9109375 0.0859375 0.09375
0 0.8109375 0.90625 0.090625 0.09375
0 0.2984375 0.96875 0.10625 0.0625
0 0.16015625 0.96640625 0.1171875 0.0671875
0 0.95859375 0.75859375 0.0828125 0.0890625
0 0.9546875 0.61328125 0.090625 0.1015625
0 0.95 0.9109375 0.078125 0.09375
0 0.88515625 0.9703125 0.0828125 0.059375