0 0.96484375 0.02734375 0.0703125 0.05390625
0 0.8015625 0.1734375 0.07734375 0.07734375
0 0.8921875 0.0890625 0.06796875 0.059375
0 0.96484375 0.18046875 0.0703125 0.08125
0 0.89140625 0.26796875 0.07734375 0.06796875
0 0.97421875 0.3578125 0.0515625 0.078125
0 0.890625 0.98984375 0.05390625 0.01953125
0 0.80859375 0.9203125 0.0453125 0.059375
0 0.040625 0.103125 0.08125 0.08125
0 0.1234375 0.2046875 0.07734375 0.08671875
0 0.21171875 0.1015625 0.09921875 0.0953125
0 0.2921875 0.0203125 0.071875 0.040625
0 0.37265625 0.0953125 0.08984375 0.08984375
0 0.28828125 0.18203125 0.0953125 0.08671875
0 0.2046875 0.2875 0.06796875 0.08984375
0 0.38125 0.284375 0.08984375 0.1078125
0 0.46796875 0.178125 0.071875 0.06796875
0 0.471875 0.01328125 0.071875 0.0265625
0 0.55859375 0.09765625 0.07734375 0.07734375
0 0.5578125 0.275 0.08984375 0.08984375
0 0.29375 0.3734375 0.07734375 0.09921875
0 0.45625 0.3703125 0.0953125 0.1046875
0 0.21796875 0.47265625 0.08671875 0.08984375
0 0.3796875 0.45859375 0.1046875 0.1078125
0 0.46875 0.54921875 0.0953125 0.09921875
0 0.54765625 0.465625 0.08125 0.08671875
0 0.396875 0.6390625 0.07734375 0.08125
0 0.30390625 0.55859375 0.06796875 0.08125
0 0.125 0.5765625 0.08125 0.08125
0 0.03828125 0.47109375 0.0765625 0.0984375
0 0.04296875 0.66484375 0.06796875 0.07734375
0 0.21015625 0.65625 0.08984375 0.08984375
0 0.12734375 0.74765625 0.06796875 0.08125
0 0.63828125 0.3578125 0.08984375 0.08671875
0 0.63671875 0.54765625 0.06796875 0.07734375
0 0.71796875 0.6375 0.06796875 0.07734375
0 0.6375 0.71953125 0.08125 0.08984375
0 0.46875 0.721875 0.0953125 0.0953125
0 0.46953125 0.91875 0.08671875 0.08671875
0 0.55546875 0.9765625 0.08671875 0.046875
0 0.38515625 0.98515625 0.0765625 0.0296875
0 0.29765625 0.91640625 0.0953125 0.0953125
0 0.1296875 0.94296875 0.071875 0.07734375
0 0.034375 0.853125 0.06796875 0.0953125
0 0.215625 0.83671875 0.071875 0.071875
0 0.7140625 0.84140625 0.071875 0.05390625