0 0.01171875 0.1828125 0.0234375 0.06796875
0 0.0734375 0.0984375 0.06796875 0.07578125
0 0.128125 0.0265625 0.06875 0.053125
0 0.02109375 0.03359375 0.0421875 0.0671875
0 0.72890625 0.17265625 0.03984375 0.04765625
0 0.4921875 0.41171875 0.06015625 0.06015625
0 0.4375 0.48515625 0.03671875 0.03984375
0 0.1390625 0.6390625 0.06328125 0.06328125
0 0.06796875 0.7171875 0.06328125 0.07109375
0 0.2125 0.72421875 0.05234375 0.05234375
0 0.28359375 0.79921875 0.04453125 0.06015625
0 0.21171875 0.8765625 0.04453125 0.04765625
0 0.01171875 0.6421875 0.0234375 0.06328125
0 0.06171875 0.9890625 0.07578125 0.021875
0 0.015625 0.94921875 0.03125 0.0671875
0 0.71953125 0.784375 0.03671875 0.03671875
0 0.71953125 0.6359375 0.05234375 0.06015625