0 0.05859375 0.10078125 0.0859375 0.0828125
0 0.04921875 0.2515625 0.0828125 0.075
0 0.0375 0.55390625 0.075 0.0828125
0 0.03515625 0.85546875 0.0703125 0.0703125
0 0.10859375 0.92109375 0.0671875 0.0671875
0 0.03828125 0.978125 0.0671875 0.04375
0 0.040625 0.70234375 0.08125 0.0859375
0 0.1109375 0.63203125 0.075 0.0828125
0 0.11640625 0.48515625 0.0515625 0.0546875
0 0.18203125 0.7046875 0.0828125 0.075
0 0.1140625 0.77578125 0.078125 0.0671875
0 0.18203125 0.8484375 0.0828125 0.078125
0 0.1796875 0.9765625 0.078125 0.046875
0 0.24453125 0.9203125 0.0828125 0.090625
0 0.39921875 0.915625 0.0859375 0.090625
0 0.31953125 0.96875 0.0984375 0.0625
0 0.46640625 0.97421875 0.0671875 0.0515625
0 0.615625 0.978125 0.090625 0.04375
0 0.89765625 0.9703125 0.0828125 0.059375
0 0.7546875 0.9765625 0.0625 0.046875
0 0.82265625 0.91640625 0.0828125 0.0828125
0 0.684375 0.9140625 0.0625 0.0625
0 0.89765625 0.8296875 0.0828125 0.075
0 0.75390625 0.83046875 0.0859375 0.0671875
0 0.6140625 0.8453125 0.078125 0.075
0 0.25390625 0.7734375 0.0703125 0.0625
0 0.40078125 0.7796875 0.0828125 0.075
0 0.53828125 0.76953125 0.0671875 0.0703125
0 0.46875 0.70234375 0.078125 0.0828125
0 0.32421875 0.70390625 0.0859375 0.0859375
0 0.32421875 0.859375 0.0703125 0.078125
0 0.3921875 0.6296875 0.090625 0.078125
0 0.1890625 0.40546875 0.075 0.0671875
0 0.40078125 0.47890625 0.0671875 0.0671875
0 0.48125 0.39453125 0.078125 0.0703125
0 0.3296875 0.56640625 0.090625 0.1015625
0 0.54140625 0.6109375 0.0828125 0.075
0 0.5453125 0.47109375 0.075 0.0671875
0 0.40859375 0.321875 0.0515625 0.04375
0 0.340625 0.246875 0.0625 0.0625
0 0.48046875 0.246875 0.0390625 0.046875
0 0.55390625 0.31953125 0.0671875 0.0515625
0 0.4140625 0.17265625 0.046875 0.0546875
0 0.12734375 0.17109375 0.0828125 0.0671875
0 0.271875 0.17109375 0.059375 0.0515625
0 0.34296875 0.09296875 0.0671875 0.0671875
0 0.19765625 0.25625 0.0671875 0.075
0 0.49140625 0.09296875 0.0671875 0.0671875
0 0.62578125 0.08203125 0.0703125 0.0703125
0 0.70546875 0.15703125 0.0671875 0.0703125
0 0.77421875 0.0796875 0.0546875 0.059375
0 0.553125 0.15703125 0.059375 0.0546875
0 0.7640625 0.2328125 0.04375 0.04375
0 0.6109375 0.6921875 0.075 0.078125
0 0.68671875 0.61640625 0.0828125 0.0828125
0 0.821875 0.60546875 0.059375 0.0703125
0 0.83046875 0.759375 0.0984375 0.090625
0 0.6875 0.76796875 0.0625 0.0671875
0 0.75234375 0.6890625 0.0671875 0.075
0 0.61875 0.54140625 0.090625 0.0828125
0 0.62578125 0.3890625 0.0859375 0.090625
0 0.6890625 0.31953125 0.059375 0.0828125
0 0.7546875 0.38515625 0.0625 0.0671875
0 0.684375 0.46015625 0.0625 0.0671875
0 0.834375 0.46328125 0.059375 0.0671875
0 0.91328125 0.38203125 0.0671875 0.0828125
0 0.97421875 0.453125 0.0515625 0.078125
0 0.978125 0.30546875 0.04375 0.0390625
0 0.8359375 0.30546875 0.046875 0.0546875
0 0.96640625 0.76328125 0.0671875 0.0671875
0 0.97265625 0.61171875 0.0546875 0.0828125
0 0.9140625 0.23125 0.0625 0.0625
0 0.84453125 0.15078125 0.0703125 0.0671875
0 0.91796875 0.07734375 0.0546875 0.0515625
0 0.9765625 0.15 0.046875 0.059375
0 0.84765625 0.015625 0.0703125 0.03125