0 0.00703125 0.08359375 0.0140625 0.0734375
0 0.0484375 0.153125 0.09375 0.096875
0 0.01015625 0.38203125 0.0203125 0.1046875
0 0.04921875 0.30078125 0.06953125 0.06953125
0 0.04375 0.46796875 0.07734375 0.08046875
0 0.1078125 0.70234375 0.09375 0.1046875
0 0.04609375 0.62109375 0.0890625 0.08046875
0 0.115625 0.54765625 0.0890625 0.1015625
0 0.2640625 0.55546875 0.0890625 0.1015625
0 0.19453125 0.63125 0.06953125 0.08515625
0 0.0046875 0.56015625 0.009375 0.0890625
0 0.01015625 0.71796875 0.0203125 0.1078125
0 0.04296875 0.790625 0.07265625 0.08046875
0 0.1859375 0.79765625 0.08515625 0.1015625
0 0.26953125 0.7296875 0.09375 0.12109375
0 0.121875 0.8609375 0.1 0.09375
0 0.01875 0.8765625 0.03671875 0.11796875
0 0.26953125 0.8703125 0.109375 0.11796875
0 0.121875 0.9875 0.08125 0.025
0 0.1921875 0.94453125 0.08046875 0.0890625
0 0.0421875 0.9484375 0.08359375 0.08046875
0 0.00625 0.984375 0.0125 0.028125
0 0.26328125 0.98515625 0.096875 0.02890625
0 0.55625 0.24453125 0.109375 0.11796875
0 0.48671875 0.3171875 0.09375 0.1015625
0 0.41328125 0.39453125 0.096875 0.11796875
0 0.57109375 0.3953125 0.096875 0.11328125
0 0.64296875 0.334375 0.0890625 0.1046875
0 0.72734375 0.2546875 0.08046875 0.11328125
0 0.79609375 0.165625 0.0890625 0.1046875
0 0.6390625 0.1609375 0.08046875 0.08046875
0 0.5765625 0.10078125 0.11796875 0.12109375
0 0.64609375 0.0296875 0.0890625 0.059375
0 0.79296875 0.03828125 0.1015625 0.07578125
0 0.51015625 0.021875 0.1078125 0.04375
0 0.34765625 0.1515625 0.08515625 0.07734375
0 0.41171875 0.0828125 0.06953125 0.08515625
0 0.34453125 0.03203125 0.0796875 0.0640625
0 0.28515625 0.075 0.07734375 0.06953125
0 0.20390625 0.02421875 0.0890625 0.0484375
0 0.1921875 0.1578125 0.08046875 0.096875
0 0.125 0.23515625 0.08515625 0.09375
0 0.1859375 0.30859375 0.06953125 0.08515625
0 0.2609375 0.39609375 0.0609375 0.07265625
0 0.64375 0.4796875 0.096875 0.1046875
0 0.7140625 0.40234375 0.08515625 0.08515625
0 0.56875 0.553125 0.1015625 0.096875
0 0.4859375 0.47421875 0.040625 0.0609375
0 0.4921875 0.62734375 0.09375 0.09375
0 0.6484375 0.63359375 0.07734375 0.08046875
0 0.7140625 0.565625 0.06953125 0.07265625
0 0.79609375 0.48203125 0.1046875 0.09375
0 0.5546875 0.71640625 0.11328125 0.109375
0 0.415625 0.70625 0.08515625 0.096875
0 0.346875 0.63515625 0.09375 0.09375
0 0.47734375 0.7921875 0.08046875 0.09375
0 0.41484375 0.875 0.09375 0.1046875
0 0.340625 0.796875 0.06484375 0.07734375
0 0.48359375 0.94765625 0.09375 0.1046875
0 0.41171875 0.98515625 0.1046875 0.02890625
0 0.55703125 0.98515625 0.1046875 0.02890625
0 0.640625 0.94375 0.07734375 0.08046875
0 0.71171875 0.8671875 0.1046875 0.1046875
0 0.79296875 0.7890625 0.0890625 0.07734375
0 0.71640625 0.721875 0.08046875 0.12109375
0 0.79453125 0.628125 0.08515625 0.08515625
0 0.7890625 0.95546875 0.08046875 0.0890625
0 0.71015625 0.99140625 0.0640625 0.0171875
0 0.85546875 0.98515625 0.0890625 0.02890625
0 0.93046875 0.95390625 0.09375 0.0921875
0 0.98984375 0.859375 0.0203125 0.053125
0 0.93984375 0.79140625 0.08515625 0.07265625
0 0.86484375 0.87109375 0.08046875 0.08046875
0 0.98828125 0.72109375 0.0234375 0.0890625
0 0.9328125 0.6546875 0.1046875 0.12578125
0 0.86484375 0.57109375 0.096875 0.109375
0 0.86328125 0.71484375 0.07734375 0.08046875
0 0.93515625 0.475 0.07734375 0.08515625
0 0.8640625 0.39609375 0.08515625 0.0890625