0 0.03515625 0.04921875 0.0703125 0.09765625
0 0.34375 0.03984375 0.09765625 0.0796875
0 0.26953125 0.1171875 0.10703125 0.1015625
0 0.7765625 0.65 0.08828125 0.09765625
0 0.871875 0.753125 0.1015625 0.1109375
0 0.94375 0.66484375 0.09765625 0.1015625
0 0.9515625 0.83671875 0.096875 0.1078125
0 0.7796875 0.83671875 0.06484375 0.06484375
0 0.9890625 0.91796875 0.021875 0.09765625
0 0.9484375 0.98671875 0.08828125 0.02578125
0 0.7734375 0.9796875 0.08828125 0.040625
0 0.8625 0.9234375 0.06484375 0.06484375
0 0.60390625 0.98203125 0.1015625 0.0359375
0 0.690625 0.921875 0.09765625 0.09765625
0 0.5265625 0.9296875 0.0828125 0.08828125
0 0.35859375 0.9140625 0.0796875 0.0828125
0 0.08984375 0.97734375 0.1078125 0.0453125
0 0.265625 0.98203125 0.096875 0.0359375
0 0.19296875 0.91171875 0.09765625 0.0703125
0 0.0296875 0.9140625 0.059375 0.1203125
0 0.096875 0.83671875 0.1015625 0.1015625
0 0.265625 0.83203125 0.08828125 0.0734375
0 0.1828125 0.7328125 0.0515625 0.0515625
0 0.3609375 0.7515625 0.04609375 0.0421875
0 0.440625 0.83671875 0.08828125 0.0828125
0 0.2734375 0.65234375 0.0921875 0.0828125
0 0.43515625 0.67265625 0.0703125 0.0796875
0 0.02578125 0.753125 0.0515625 0.1109375
0 0.0234375 0.5671875 0.04609375 0.0796875
0 0.4390625 0.48671875 0.0921875 0.08828125
0 0.3515625 0.4015625 0.1015625 0.09765625
0 0.44296875 0.31015625 0.0921875 0.0921875
0 0.51875 0.39296875 0.08828125 0.0921875
0 0.08828125 0.48125 0.1109375 0.1109375
0 0.53046875 0.5765625 0.06484375 0.0796875
0 0.09296875 0.30546875 0.0828125 0.1203125
0 0.2640625 0.3109375 0.1109375 0.1015625
0 0.36171875 0.21796875 0.10703125 0.0921875
0 0.53046875 0.046875 0.1015625 0.09375
0 0.60390625 0.1328125 0.1015625 0.08828125
0 0.69765625 0.21875 0.0921875 0.0828125
0 0.703125 0.04453125 0.10703125 0.08828125
0 0.77578125 0.01875 0.10546875 0.03671875
0 0.94921875 0.01484375 0.09765625 0.0296875
0 0.86953125 0.0578125 0.0984375 0.115625
0 0.7765625 0.12734375 0.10703125 0.10703125
0 0.9546875 0.128125 0.090625 0.09765625
0 0.8609375 0.2265625 0.0796875 0.1109375
0 0.77734375 0.30546875 0.11640625 0.1015625
0 0.7 0.39453125 0.09765625 0.08828125
0 0.86328125 0.39453125 0.1109375 0.10703125
0 0.9546875 0.48984375 0.090625 0.1015625
0 0.7703125 0.48515625 0.04609375 0.05546875
0 0.6921875 0.5703125 0.0921875 0.08828125
0 0.6140625 0.48828125 0.0921875 0.09765625
0 0.6109375 0.66953125 0.0703125 0.0734375
0 0.6921875 0.75390625 0.1109375 0.1015625