0 0.0296875 0.5859375 0.059375 0.078125
0 0.025 0.73515625 0.05 0.0734375
0 0.0859375 0.81953125 0.0625 0.0671875
0 0.30546875 0.89765625 0.0703125 0.0671875
0 0.16015625 0.90625 0.0546875 0.0625
0 0.021875 0.8953125 0.04375 0.078125
0 0.084375 0.98046875 0.04375 0.0390625
0 0.06875 0.04609375 0.075 0.0828125
0 0.02734375 0.1234375 0.0546875 0.090625
0 0.0828125 0.2 0.078125 0.078125
0 0.021875 0.275 0.04375 0.090625
0 0.071875 0.3671875 0.090625 0.09375
0 0.15 0.4375 0.059375 0.0625
0 0.24140625 0.3671875 0.0828125 0.078125
0 0.37578125 0.36953125 0.0546875 0.0515625
0 0.30703125 0.43359375 0.0515625 0.0546875
0 0.14140625 0.15078125 0.0390625 0.0359375
0 0.3734375 0.209375 0.04375 0.04375
0 0.51953125 0.21171875 0.0859375 0.0859375
0 0.44921875 0.28984375 0.0703125 0.0703125
0 0.51953125 0.35859375 0.0703125 0.0671875
0 0.44453125 0.44140625 0.0828125 0.0859375
0 0.45390625 0.134375 0.0859375 0.090625
0 0.6015625 0.12890625 0.09375 0.0859375
0 0.5921875 0.2859375 0.090625 0.09375
0 0.2203125 0.04296875 0.075 0.0703125
0 0.52734375 0.04609375 0.0859375 0.0828125
0 0.67109375 0.0546875 0.0828125 0.078125
0 0.73828125 0.1296875 0.0859375 0.09375
0 0.81328125 0.04765625 0.0703125 0.0703125
0 0.8921875 0.13125 0.090625 0.10625
0 0.678125 0.19765625 0.075 0.0671875
0 0.371875 0.6640625 0.078125 0.078125
0 0.52578125 0.6625 0.0671875 0.075
0 0.4515625 0.74609375 0.059375 0.0703125
0 0.59375 0.74453125 0.078125 0.0828125
0 0.66328125 0.67265625 0.0828125 0.0859375
0 0.734375 0.5875 0.078125 0.075
0 0.59296875 0.59609375 0.0984375 0.0828125
0 0.51796875 0.51953125 0.0828125 0.0859375
0 0.5953125 0.43828125 0.075 0.0703125
0 0.67421875 0.509375 0.0984375 0.090625
0 0.73828125 0.43671875 0.0703125 0.0671875
0 0.51484375 0.82109375 0.0828125 0.0859375
0 0.6640625 0.8109375 0.078125 0.075
0 0.6734375 0.365625 0.075 0.075
0 0.7484375 0.278125 0.090625 0.078125
0 0.88984375 0.28515625 0.0671875 0.0546875
0 0.8171875 0.3515625 0.0625 0.0625
0 0.95234375 0.35234375 0.0671875 0.0703125
0 0.8890625 0.43125 0.04375 0.059375
0 0.81171875 0.66328125 0.0671875 0.0671875
0 0.7328125 0.7359375 0.075 0.075
0 0.88984375 0.73359375 0.0828125 0.0671875
0 0.95390625 0.80859375 0.0859375 0.0859375
0 0.95078125 0.95859375 0.0734375 0.0828125
0 0.80703125 0.953125 0.0984375 0.09375