0 0.0265625 0.78203125 0.053125 0.0859375
0 0.02890625 0.45 0.05703125 0.11796875
0 0.01796875 0.2640625 0.0359375 0.065625
0 0.175 0.2796875 0.06953125 0.10390625
0 0.25703125 0.3609375 0.08671875 0.10390625
0 0.171875 0.44453125 0.10078125 0.10390625
0 0.09375 0.51875 0.10078125 0.10078125
0 0.02890625 0.60390625 0.05703125 0.08671875
0 0.17265625 0.62265625 0.0921875 0.1125
0 0.26484375 0.52421875 0.109375 0.11796875
0 0.09140625 0.6875 0.0921875 0.08671875
0 0.02890625 0.10859375 0.05703125 0.075
0 0.09921875 0.1859375 0.065625 0.08359375
0 0.0921875 0.03046875 0.06953125 0.0609375
0 0.26015625 0.03046875 0.08671875 0.0609375
0 0.259375 0.18828125 0.075 0.078125
0 0.34296875 0.09921875 0.0921875 0.065625
0 0.3390625 0.27109375 0.078125 0.08671875
0 0.5828125 0.0203125 0.078125 0.03984375
0 0.6609375 0.10078125 0.078125 0.06953125
0 0.82578125 0.1 0.0953125 0.0921875
0 0.74140625 0.184375 0.10078125 0.10390625
0 0.81484375 0.2671875 0.0921875 0.08359375
0 0.6578125 0.2640625 0.10078125 0.08359375
0 0.5796875 0.1796875 0.08359375 0.078125
0 0.41875 0.178125 0.08671875 0.075
0 0.4953125 0.259375 0.0609375 0.05703125
0 0.49375 0.4421875 0.0921875 0.109375
0 0.409375 0.35703125 0.08671875 0.078125
0 0.578125 0.3609375 0.06953125 0.06953125
0 0.73671875 0.34921875 0.075 0.06953125
0 0.653125 0.4390625 0.08671875 0.08671875
0 0.7296875 0.51796875 0.078125 0.078125
0 0.80234375 0.603125 0.08359375 0.0921875
0 0.72578125 0.6875 0.10390625 0.08671875
0 0.64609375 0.765625 0.08359375 0.08671875
0 0.57734375 0.68046875 0.109375 0.10078125
0 0.56953125 0.5140625 0.06953125 0.06953125
0 0.40859375 0.521875 0.1125 0.0953125
0 0.49140625 0.603125 0.08671875 0.075
0 0.3421875 0.6046875 0.08359375 0.0953125
0 0.325 0.43984375 0.08359375 0.078125
0 0.4125 0.6828125 0.03984375 0.04375
0 0.2484375 0.68984375 0.10390625 0.0921875
0 0.32890625 0.7703125 0.109375 0.1125
0 0.40859375 0.8453125 0.1125 0.10078125
0 0.321875 0.93046875 0.078125 0.08671875
0 0.24453125 0.85625 0.08671875 0.08671875
0 0.159375 0.77109375 0.10078125 0.10078125
0 0.09140625 0.85859375 0.075 0.075
0 0.165625 0.93203125 0.0953125 0.08359375
0 0.02890625 0.93671875 0.05703125 0.0921875
0 0.090625 0.9859375 0.10078125 0.028125
0 0.24453125 0.98671875 0.06953125 0.02578125
0 0.39765625 0.9796875 0.10078125 0.03984375
0 0.490625 0.93203125 0.0921875 0.08359375
0 0.565625 0.984375 0.08671875 0.03125
0 0.7234375 0.98828125 0.084375 0.0234375
0 0.79921875 0.93828125 0.078125 0.078125
0 0.88125 0.98671875 0.075 0.02578125
0 0.71640625 0.86015625 0.0921875 0.1125
0 0.8046875 0.7703125 0.0953125 0.0953125
0 0.88359375 0.68984375 0.08359375 0.0921875
0 0.88984375 0.5265625 0.05703125 0.0609375
0 0.9578125 0.7703125 0.084375 0.084375
0 0.8875 0.85 0.08671875 0.075
0 0.9578125 0.9296875 0.084375 0.0875
0 0.9640625 0.43828125 0.07109375 0.075
0 0.9015625 0.178125 0.0921875 0.075
0 0.97109375 0.27265625 0.05703125 0.08359375