0 0.98828125 0.965625 0.02265625 0.06796875
0 0.92578125 0.8796875 0.06953125 0.078125
0 0.86953125 0.80390625 0.06953125 0.06171875
0 0.91953125 0.72421875 0.0890625 0.08125
0 0.97890625 0.80859375 0.0421875 0.08125
0 0.98203125 0.64453125 0.0359375 0.078125
0 0.8546875 0.64921875 0.0890625 0.09453125
0 0.93203125 0.56015625 0.08125 0.078125
0 0.86171875 0.48203125 0.06171875 0.06171875
0 0.97890625 0.4890625 0.0421875 0.0859375
0 0.9234375 0.2390625 0.06484375 0.06953125
0 0.78671875 0.24921875 0.0734375 0.0890625
0 0.696875 0.16328125 0.0890625 0.0859375
0 0.61640625 0.2359375 0.05703125 0.06953125
0 0.715625 0.33046875 0.078125 0.0890625
0 0.7796875 0.40859375 0.0859375 0.0890625
0 0.7703125 0.08203125 0.0734375 0.0859375
0 0.70859375 0.01953125 0.0734375 0.0390625
0 0.5546875 0.025 0.10546875 0.05
0 0.409375 0.03359375 0.08125 0.06640625
0 0.48203125 0.08203125 0.08125 0.0859375
0 0.48125 0.24375 0.0890625 0.11015625
0 0.33125 0.09296875 0.06484375 0.0859375
0 0.3359375 0.41484375 0.08125 0.0859375
0 0.40390625 0.48203125 0.0484375 0.0453125
0 0.5625 0.48203125 0.0734375 0.06171875
0 0.62421875 0.5625 0.0890625 0.0890625
0 0.5484375 0.6421875 0.06171875 0.06953125
0 0.775 0.56953125 0.06953125 0.08125
0 0.71640625 0.64921875 0.05703125 0.078125
0 0.7828125 0.7234375 0.08125 0.06953125
0 0.47421875 0.715625 0.08125 0.08125
0 0.25390625 0.95625 0.040625 0.0484375