0 0.08515625 0.97421875 0.0703125 0.0515625
0 0.02734375 0.915625 0.0546875 0.075
0 0.16640625 0.90859375 0.0671875 0.0828125
0 0.309375 0.9109375 0.0625 0.078125
0 0.2421875 0.8375 0.078125 0.075
0 0.31328125 0.759375 0.0859375 0.090625
0 0.0875 0.834375 0.090625 0.090625
0 0.0296875 0.75390625 0.059375 0.0546875
0 0.38203125 0.67265625 0.0671875 0.0703125
0 0.16328125 0.60390625 0.0828125 0.0828125
0 0.0328125 0.60703125 0.065625 0.0828125
0 0.09609375 0.53046875 0.0828125 0.0828125
0 0.3796875 0.83671875 0.046875 0.0546875
0 0.38671875 0.521875 0.0859375 0.090625
0 0.17265625 0.45234375 0.0546875 0.0671875
0 0.1109375 0.3765625 0.090625 0.090625
0 0.03515625 0.4515625 0.0703125 0.075
0 0.0375 0.296875 0.075 0.09375
0 0.25625 0.0609375 0.075 0.090625
0 0.3265625 0.13125 0.090625 0.075
0 0.25078125 0.2125 0.0703125 0.090625
0 0.4609375 0.290625 0.0625 0.090625
0 0.40078125 0.2171875 0.0671875 0.075
0 0.7234375 0.1796875 0.0625 0.0625
0 0.7171875 0.33046875 0.075 0.0828125
0 0.53984375 0.36953125 0.0703125 0.0671875
0 0.609375 0.43828125 0.0625 0.0546875
0 0.68125 0.509375 0.075 0.075
0 0.4578125 0.44140625 0.078125 0.0703125
0 0.71953125 0.02734375 0.0546875 0.0546875
0 0.4296875 0.0328125 0.0625 0.065625
0 0.44921875 0.90078125 0.0859375 0.0984375
0 0.52734375 0.825 0.0859375 0.078125
0 0.671875 0.8265625 0.078125 0.075
0 0.60078125 0.90703125 0.0828125 0.0859375
0 0.6703125 0.978125 0.075 0.04375
0 0.75078125 0.9140625 0.0546875 0.0625
0 0.52265625 0.97421875 0.0546875 0.0515625
0 0.8171875 0.98046875 0.03125 0.0390625
0 0.890625 0.91640625 0.078125 0.0671875
0 0.603125 0.73828125 0.090625 0.0859375
0 0.6703125 0.678125 0.075 0.075
0 0.73828125 0.75078125 0.0703125 0.0859375
0 0.8953125 0.74453125 0.078125 0.0828125
0 0.59453125 0.59609375 0.0859375 0.0828125
0 0.53125 0.67578125 0.0625 0.0859375
0 0.96328125 0.9765625 0.0671875 0.046875
0 0.9625 0.821875 0.075 0.075
0 0.934375 0.3984375 0.046875 0.046875
0 0.98203125 0.31796875 0.0359375 0.0890625
0 0.865625 0.325 0.075 0.0625
0 0.7828125 0.3984375 0.075 0.078125
0 0.928125 0.54609375 0.059375 0.0671875
0 0.865625 0.17421875 0.075 0.0828125
0 0.79921875 0.24921875 0.0828125 0.0828125
0 0.93828125 0.24296875 0.0703125 0.0703125
0 0.93984375 0.0953125 0.0671875 0.075
0 0.87578125 0.02734375 0.0703125 0.0546875