0 0.32734375 0.01953125 0.05390625 0.03828125
0 0.24140625 0.09609375 0.05390625 0.0578125
0 0.0515625 0.45625 0.0765625 0.07265625
0 0.14765625 0.3609375 0.0578125 0.06328125
0 0.059375 0.26796875 0.0921875 0.09609375
0 0.01171875 0.18515625 0.02265625 0.08203125
0 0.321875 0.3640625 0.05390625 0.0578125
0 0.5 0.3640625 0.034375 0.03828125
0 0.67421875 0.35078125 0.0578125 0.05390625
0 0.76796875 0.26015625 0.034375 0.034375
0 0.584375 0.628125 0.0578125 0.05390625
0 0.3203125 0.73203125 0.0578125 0.03828125
0 0.75390625 0.8109375 0.06328125 0.06328125
0 0.85703125 0.7203125 0.0671875 0.07265625
0 0.8421875 0.90546875 0.04765625 0.04765625
0 0.584375 0.9953125 0.03828125 0.009375
0 0.41328125 0.98515625 0.0546875 0.0296875
0 0.22890625 0.98515625 0.0671875 0.0296875
0 0.05546875 0.98984375 0.0484375 0.0203125
0 0.59296875 0.28046875 0.05546875 0.05546875
0 0.675 0.72890625 0.04765625 0.0515625
0 0.7609375 0.98515625 0.046875 0.0296875