0 0.8234375 0.0234375 0.04609375 0.04609375
0 0.57578125 0.121875 0.03671875 0.03359375
0 0.41171875 0.1125 0.0515625 0.0515625
0 0.49453125 0.1984375 0.0515625 0.06484375
0 0.58046875 0.2859375 0.06484375 0.05546875
0 0.7453125 0.29140625 0.03671875 0.03359375
0 0.66953125 0.37734375 0.0515625 0.04609375
0 0.4 0.30078125 0.05546875 0.0703125
0 0.23671875 0.2921875 0.0609375 0.0609375
0 0.23359375 0.121875 0.06484375 0.0703125
0 0.1484375 0.203125 0.0796875 0.0734375
0 0.0671875 0.121875 0.04609375 0.0515625
0 0.153125 0.39296875 0.08828125 0.08828125
0 0.01328125 0.74609375 0.02578125 0.1015625
0 0.0609375 0.9859375 0.0703125 0.02734375
0 0.065625 0.8265625 0.0796875 0.0703125
0 0.321875 0.9265625 0.04609375 0.05546875
0 0.15390625 0.91796875 0.0609375 0.06484375
0 0.6578125 0.93046875 0.04609375 0.04609375
0 0.7484375 0.8421875 0.0421875 0.0421875
0 0.66953125 0.73125 0.0703125 0.0609375
0 0.83828125 0.55625 0.06484375 0.0796875
0 0.5796875 0.65234375 0.0734375 0.0796875
0 0.5015625 0.559375 0.0734375 0.0703125
0 0.3125 0.55625 0.06484375 0.0609375
0 0.23984375 0.47890625 0.08828125 0.0828125
0 0.75078125 0.1140625 0.03671875 0.05546875