0 0.1140625 0.01171875 0.0953125 0.02265625
0 0.2078125 0.08828125 0.11953125 0.11953125
0 0.03125 0.0875 0.0625 0.09140625
0 0.03125 0.4796875 0.0625 0.0859375
0 0.11953125 0.36953125 0.0953125 0.1046875
0 0.19609375 0.296875 0.07578125 0.09140625
0 0.10625 0.5734375 0.071875 0.08203125
0 0.0265625 0.6609375 0.053125 0.0859375
0 0.2046875 0.6796875 0.0859375 0.0859375
0 0.29453125 0.59140625 0.0953125 0.11015625
0 0.20234375 0.47109375 0.08203125 0.09140625
0 0.28515625 0.3859375 0.07578125 0.09140625
0 0.653125 0.9625 0.090625 0.075
0 0.46484375 0.965625 0.08203125 0.06875
0 0.29921875 0.9578125 0.0859375 0.08359375
0 0.371875 0.86875 0.06640625 0.07578125
0 0.48359375 0.784375 0.08203125 0.1046875
0 0.5703125 0.8734375 0.0953125 0.1046875
0 0.64921875 0.78203125 0.08203125 0.10078125
0 0.0265625 0.86796875 0.053125 0.08203125
0 0.115625 0.77265625 0.071875 0.10078125
0 0.21015625 0.8609375 0.1046875 0.11015625
0 0.10625 0.95703125 0.071875 0.08203125
0 0.5625 0.6890625 0.09140625 0.0859375
0 0.4703125 0.5953125 0.0859375 0.09140625
0 0.3859375 0.6765625 0.07578125 0.11015625
0 0.65078125 0.5953125 0.0859375 0.09140625
0 0.57109375 0.50078125 0.0859375 0.10078125
0 0.48515625 0.40078125 0.07578125 0.09140625
0 0.38984375 0.284375 0.1140625 0.1234375
0 0.29453125 0.18515625 0.0953125 0.1046875
0 0.6578125 0.21171875 0.071875 0.08203125
0 0.64609375 0.4046875 0.0953125 0.11015625
0 0.74921875 0.51484375 0.09140625 0.11015625
0 0.4734375 0.01875 0.08125 0.0375
0 0.6484375 0.03515625 0.071875 0.0703125
0 0.82890625 0.9609375 0.09140625 0.078125
0 0.9140625 0.890625 0.071875 0.0625
0 0.9828125 0.7890625 0.034375 0.0953125
0 0.834375 0.78515625 0.071875 0.071875
0 0.9109375 0.69375 0.09140625 0.0953125
0 0.83203125 0.60234375 0.0859375 0.0953125
0 0.925 0.49609375 0.08203125 0.09140625
0 0.978125 0.4265625 0.04375 0.1046875
0 0.8453125 0.41328125 0.10078125 0.1046875
0 0.75 0.30703125 0.08203125 0.10078125
0 0.82734375 0.22421875 0.0953125 0.09140625
0 0.9296875 0.325 0.09140625 0.09140625
0 0.9921875 0.2375 0.01484375 0.07578125
0 0.92421875 0.1234375 0.071875 0.07578125
0 0.9828125 0.04765625 0.034375 0.0953125
0 0.83671875 0.03828125 0.0953125 0.07578125
0 0.7375 0.1359375 0.0953125 0.10078125