0 0.25703125 0.0484375 0.0703125 0.096875
0 0.1875 0.12109375 0.078125 0.0703125
0 0.26484375 0.21015625 0.0984375 0.0984375
0 0.11171875 0.209375 0.0671875 0.075
0 0.0390625 0.11953125 0.078125 0.0828125
0 0.040625 0.28125 0.059375 0.078125
0 0.0328125 0.440625 0.065625 0.078125
0 0.11015625 0.53203125 0.0703125 0.0703125
0 0.1921875 0.44140625 0.078125 0.0859375
0 0.2546875 0.38125 0.0625 0.075
0 0.18125 0.60859375 0.059375 0.0671875
0 0.0375 0.6015625 0.075 0.078125
0 0.1078125 0.68046875 0.059375 0.0703125
0 0.26171875 0.69609375 0.0703125 0.0703125
0 0.3359375 0.6234375 0.078125 0.090625
0 0.26015625 0.525 0.0671875 0.075
0 0.328125 0.4546875 0.0625 0.075
0 0.11328125 0.9859375 0.0390625 0.028125
0 0.63125 0.94140625 0.075 0.0859375
0 0.47578125 0.93671875 0.0671875 0.0671875
0 0.40703125 0.98203125 0.0734375 0.0359375
0 0.33984375 0.9296875 0.0703125 0.078125
0 0.39921875 0.8515625 0.0546875 0.0625
0 0.49140625 0.78203125 0.0671875 0.0859375
0 0.5625 0.85546875 0.078125 0.0859375
0 0.62734375 0.78046875 0.0671875 0.0828125
0 0.046875 0.9203125 0.046875 0.04375
0 0.10625 0.85078125 0.0625 0.0671875
0 0.1890625 0.77265625 0.059375 0.0828125
0 0.03125 0.7578125 0.0625 0.0625
0 0.26640625 0.8453125 0.0859375 0.090625
0 0.18125 0.92421875 0.059375 0.0671875
0 0.55625 0.70390625 0.075 0.0703125
0 0.48046875 0.6265625 0.0703125 0.075
0 0.4109375 0.69375 0.0625 0.090625
0 0.62890625 0.6265625 0.0703125 0.075
0 0.56328125 0.54921875 0.0703125 0.0828125
0 0.4921875 0.4671875 0.0625 0.075
0 0.4140625 0.37109375 0.09375 0.1015625
0 0.3359375 0.28984375 0.078125 0.0859375
0 0.634375 0.31171875 0.059375 0.0671875
0 0.625 0.4703125 0.078125 0.090625
0 0.709375 0.5609375 0.075 0.090625
0 0.48359375 0.13515625 0.0671875 0.0671875
0 0.55390625 0.06953125 0.0671875 0.0828125
0 0.6265625 0.16015625 0.059375 0.0703125
0 0.7046875 0.08046875 0.059375 0.0671875
0 0.63203125 0.0171875 0.0703125 0.034375
0 0.8484375 0.9859375 0.078125 0.028125
0 0.775 0.9421875 0.075 0.09375
0 0.8453125 0.86953125 0.059375 0.0515625
0 0.92109375 0.7859375 0.0671875 0.078125
0 0.7796875 0.7828125 0.059375 0.059375
0 0.8421875 0.7078125 0.075 0.078125
0 0.71328125 0.98828125 0.0671875 0.0234375
0 0.77734375 0.6328125 0.0703125 0.078125
0 0.85390625 0.5453125 0.0671875 0.075
0 0.91875 0.48828125 0.078125 0.0859375
0 0.78828125 0.47734375 0.0828125 0.0859375
0 0.71015625 0.38984375 0.0671875 0.0828125
0 0.7734375 0.321875 0.078125 0.075
0 0.8578125 0.4046875 0.075 0.075
0 0.92890625 0.3328125 0.0515625 0.0625
0 0.853125 0.2390625 0.059375 0.0625
0 0.91875 0.1765625 0.0625 0.078125
0 0.78125 0.1625 0.078125 0.075
0 0.7 0.24921875 0.078125 0.0828125
0 0.84765625 0.08828125 0.0703125 0.0828125
0 0.93125 0.02734375 0.090625 0.0546875
0 0.9859375 0.2625 0.028125 0.0625
0 0.9765625 0.09765625 0.046875 0.0859375
0 0.9859375 0.7078125 0.028125 0.078125
0 0.98046875 0.56640625 0.0390625 0.0703125
0 0.984375 0.3984375 0.03125 0.046875