0 0.975 0.82890625 0.05 0.0578125
0 0.68828125 0.96640625 0.0859375 0.0671875
0 0.8359375 0.97421875 0.0625 0.0515625
0 0.90546875 0.90078125 0.0703125 0.0671875
0 0.83203125 0.82734375 0.0546875 0.0515625
0 0.7671875 0.9 0.059375 0.059375
0 0.90234375 0.74609375 0.0703125 0.0703125
0 0.565625 0.8359375 0.0625 0.0625
0 0.978125 0.240625 0.04375 0.059375
0 0.98046875 0.0953125 0.0390625 0.059375
0 0.7640625 0.021875 0.04375 0.04375
0 0.9078125 0.02734375 0.090625 0.0546875
0 0.97265625 0.3921875 0.0546875 0.090625
0 0.92734375 0.46953125 0.0515625 0.0546875
0 0.703125 0.390625 0.046875 0.046875
0 0.696875 0.23125 0.075 0.078125
0 0.771875 0.1578125 0.075 0.075
0 0.84296875 0.0859375 0.0703125 0.078125
0 0.921875 0.16015625 0.078125 0.0703125
0 0.7046875 0.06875 0.075 0.075
0 0.62109375 0.01953125 0.0703125 0.0390625
0 0.7171875 0.6875 0.075 0.078125
0 0.63984375 0.61328125 0.0703125 0.0703125
0 0.57109375 0.6796875 0.0515625 0.046875
0 0.50078125 0.6015625 0.0671875 0.078125
0 0.640625 0.45390625 0.046875 0.0546875
0 0.7140625 0.53515625 0.046875 0.0390625
0 0.56640625 0.53359375 0.0546875 0.0515625
0 0.56328125 0.3671875 0.0515625 0.0625
0 0.49296875 0.44140625 0.0515625 0.0546875
0 0.42265625 0.36875 0.0671875 0.075
0 0.3578125 0.43203125 0.04375 0.0515625
0 0.28515625 0.35390625 0.0546875 0.0671875
0 0.353125 0.28203125 0.059375 0.0546875
0 0.490625 0.29921875 0.059375 0.0671875
0 0.6234375 0.30859375 0.04375 0.0390625
0 0.55859375 0.23125 0.0703125 0.078125
0 0.62890625 0.15625 0.0546875 0.0625
0 0.4140625 0.215625 0.0625 0.078125
0 0.27265625 0.19140625 0.0546875 0.0546875
0 0.12421875 0.0390625 0.0703125 0.078125
0 0.26484375 0.03984375 0.0703125 0.0703125
0 0.20078125 0.1171875 0.0828125 0.078125
0 0.05625 0.10859375 0.059375 0.0515625
0 0.128125 0.18828125 0.078125 0.0703125
0 0.05546875 0.2640625 0.0671875 0.059375
0 0.13203125 0.34296875 0.0546875 0.0671875
0 0.20703125 0.2734375 0.0703125 0.0625
0 0.1390625 0.97265625 0.059375 0.0546875
0 0.0546875 0.90625 0.046875 0.046875
0 0.34921875 0.74453125 0.0671875 0.0671875
0 0.27890625 0.66640625 0.0515625 0.0515625
0 0.425 0.6765625 0.0625 0.0625
0 0.4234375 0.8328125 0.059375 0.046875
0 0.353125 0.91015625 0.059375 0.0546875
0 0.20625 0.58984375 0.046875 0.0390625
0 0.27890625 0.51484375 0.0359375 0.0359375
0 0.34921875 0.59453125 0.0359375 0.0390625
0 0.97109375 0.97421875 0.0578125 0.0515625
0 0.01171875 0.18984375 0.0234375 0.0578125