0 0.9890625 0.08984375 0.02109375 0.07421875
0 0.93828125 0.159375 0.07109375 0.07109375
0 0.98828125 0.2359375 0.0234375 0.07890625
0 0.9390625 0.31796875 0.07890625 0.07421875
0 0.9890625 0.39296875 0.02109375 0.07890625
0 0.95 0.4671875 0.090625 0.07890625
0 0.8671875 0.38203125 0.090625 0.07109375
0 0.93203125 0.0203125 0.0828125 0.040625
0 0.8609375 0.0828125 0.0875 0.0828125
0 0.99375 0.70859375 0.0125 0.0828125
0 0.9546875 0.78046875 0.0546875 0.0625
0 0.9890625 0.87421875 0.02109375 0.0828125
0 0.94296875 0.95625 0.07109375 0.0578125
0 0.79296875 0.78984375 0.0578125 0.07109375
0 0.715625 0.871875 0.07109375 0.0875
0 0.64140625 0.7953125 0.07109375 0.0828125
0 0.71875 0.70859375 0.07421875 0.07421875
0 0.64140625 0.62890625 0.07109375 0.07890625
0 0.709375 0.55546875 0.04921875 0.0546875
0 0.7921875 0.63203125 0.0828125 0.07890625
0 0.8640625 0.55 0.0875 0.0875
0 0.95234375 0.63046875 0.0625 0.065625
0 0.86328125 0.703125 0.065625 0.07890625
0 0.9890625 0.54375 0.02109375 0.07421875
0 0.86328125 0.2328125 0.0828125 0.07890625
0 0.79453125 0.15859375 0.0875 0.09609375
0 0.63125 0.153125 0.090625 0.09609375
0 0.715625 0.221875 0.10390625 0.090625
0 0.79296875 0.3046875 0.090625 0.090625
0 0.6484375 0.31484375 0.0828125 0.09609375
0 0.55859375 0.225 0.07109375 0.07109375
0 0.48671875 0.3 0.09921875 0.09921875
0 0.40234375 0.23359375 0.09609375 0.07109375
0 0.55703125 0.38671875 0.07421875 0.090625
0 0.63828125 0.4640625 0.09609375 0.07890625
0 0.72109375 0.3875 0.07890625 0.0828125
0 0.80078125 0.45390625 0.0578125 0.065625
0 0.56484375 0.5484375 0.07421875 0.090625
0 0.4921875 0.4578125 0.07109375 0.07421875
0 0.41015625 0.38515625 0.10390625 0.0875
0 0.33359375 0.31328125 0.07890625 0.0828125
0 0.4953125 0.79609375 0.0828125 0.090625
0 0.41796875 0.709375 0.0546875 0.04921875
0 0.48671875 0.62890625 0.065625 0.0625
0 0.41484375 0.553125 0.0875 0.0828125
0 0.26484375 0.54453125 0.090625 0.0828125
0 0.340625 0.621875 0.07109375 0.0828125
0 0.33515625 0.46171875 0.0828125 0.0828125
0 0.18828125 0.4640625 0.09609375 0.07890625
0 0.26875 0.39296875 0.0828125 0.09609375
0 0.184375 0.3109375 0.0875 0.0875
0 0.1046875 0.2265625 0.0875 0.090625
0 0.109375 0.3890625 0.0875 0.07890625
0 0.25546875 0.22890625 0.065625 0.07109375
0 0.184375 0.15390625 0.0875 0.0875
0 0.3296875 0.1515625 0.065625 0.065625
0 0.034375 0.3 0.06875 0.078125
0 0.1046875 0.0625 0.0875 0.07890625
0 0.25625 0.06328125 0.090625 0.07109375
0 0.40390625 0.07890625 0.0828125 0.07890625
0 0.784375 0.01796875 0.07421875 0.0359375
0 0.63125 0.02421875 0.0875 0.04765625
0 0.484375 0.01796875 0.07109375 0.0359375
0 0.71015625 0.09375 0.07421875 0.0828125
0 0.17578125 0.01796875 0.10390625 0.0359375
0 0.3265625 0.015625 0.065625 0.03125
0 0.034375 0.0140625 0.06875 0.028125
0 0.0359375 0.93671875 0.071875 0.0796875
0 0.1046875 0.86171875 0.07109375 0.0828125
0 0.10390625 0.99375 0.0828125 0.0125
0 0.26171875 0.87890625 0.0875 0.090625
0 0.190625 0.94765625 0.07421875 0.07421875
0 0.26015625 0.9921875 0.07421875 0.01484375
0 0.328125 0.959375 0.07890625 0.08046875
0 0.5609375 0.9921875 0.09921875 0.01484375