0 0.14296875 0.86015625 0.09140625 0.096875
0 0.225 0.95078125 0.09140625 0.08828125
0 0.3578125 0.8140625 0.10078125 0.096875
0 0.45 0.8953125 0.08203125 0.08828125
0 0.52890625 0.98125 0.0515625 0.0375
0 0.86796875 0.97109375 0.0609375 0.0578125
0 0.7875 0.88984375 0.0734375 0.0734375
0 0.69765625 0.8078125 0.08828125 0.09140625
0 0.61328125 0.728125 0.0734375 0.096875
0 0.5296875 0.6375 0.08828125 0.09140625
0 0.4453125 0.54609375 0.09140625 0.11015625
0 0.60703125 0.53046875 0.06015625 0.06015625
0 0.7765625 0.53046875 0.06953125 0.06015625
0 0.18828125 0.45390625 0.0546875 0.0546875
0 0.2671875 0.3609375 0.08828125 0.10625
0 0.1078125 0.36796875 0.08828125 0.0734375
0 0.02734375 0.45390625 0.0546875 0.09140625
0 0.18125 0.62734375 0.06953125 0.07890625
0 0.1078125 0.19140625 0.08828125 0.096875
0 0.0390625 0.2796875 0.078125 0.096875
0 0.19296875 0.271875 0.08203125 0.08203125
0 0.36875 0.26171875 0.096875 0.0734375
0 0.44140625 0.184375 0.06953125 0.0640625
0 0.440625 0.353125 0.08203125 0.09140625
0 0.52265625 0.2609375 0.08203125 0.07890625
0 0.35859375 0.0953125 0.08828125 0.08828125
0 0.1953125 0.09921875 0.07890625 0.08828125
0 0.1203125 0.02578125 0.08203125 0.0515625
0 0.26640625 0.02265625 0.0859375 0.0453125
0 0.53828125 0.0890625 0.08828125 0.08203125
0 0.4515625 0.02578125 0.096875 0.0515625
0 0.621875 0.02109375 0.07890625 0.0421875
0 0.62265625 0.16875 0.09140625 0.08828125
0 0.5328125 0.44140625 0.0515625 0.0546875
0 0.6921875 0.44375 0.09140625 0.096875
0 0.61875 0.3625 0.0546875 0.0734375
0 0.7109375 0.26171875 0.09140625 0.09140625
0 0.7875 0.34453125 0.09140625 0.09140625
0 0.7015625 0.0890625 0.09140625 0.08203125
0 0.79453125 0.01640625 0.08828125 0.0328125
0 0.87109375 0.2625 0.08203125 0.10078125
0 0.96171875 0.34921875 0.0734375 0.08203125
0 0.9578125 0.02109375 0.084375 0.0421875
0 0.87578125 0.44296875 0.09140625 0.08828125
0 0.95390625 0.528125 0.06953125 0.08203125
0 0.790625 0.71484375 0.07890625 0.08203125
0 0.95546875 0.709375 0.07890625 0.07890625
0 0.8703125 0.79765625 0.09140625 0.10078125
0 0.953125 0.87734375 0.09375 0.10625