0 0.0328125 0.33671875 0.065625 0.0828125
0 0.0984375 0.26484375 0.078125 0.0828125
0 0.03125 0.1921875 0.0625 0.09375
0 0.0953125 0.11953125 0.059375 0.0515625
0 0.17109375 0.0375 0.0671875 0.075
0 0.0296875 0.0328125 0.059375 0.059375
0 0.9671875 0.121875 0.04375 0.046875
0 0.540625 0.26484375 0.075 0.0671875
0 0.459375 0.3453125 0.04375 0.059375
0 0.609375 0.3359375 0.0625 0.046875
0 0.67265625 0.275 0.0390625 0.04375
0 0.67578125 0.4078125 0.0546875 0.059375
0 0.8125 0.415625 0.0625 0.059375
0 0.890625 0.33828125 0.046875 0.0515625
0 0.81875 0.2625 0.075 0.078125
0 0.75 0.19453125 0.078125 0.0671875
0 0.95703125 0.865625 0.0546875 0.059375
0 0.88515625 0.934375 0.0671875 0.0625
0 0.81640625 0.865625 0.0390625 0.04375
0 0.665625 0.8640625 0.059375 0.0625
0 0.73828125 0.79296875 0.0546875 0.0546875
0 0.67109375 0.71796875 0.0515625 0.0515625
0 0.60078125 0.93203125 0.0515625 0.0515625
0 0.53046875 0.87578125 0.0671875 0.0703125
0 0.45546875 0.9578125 0.0515625 0.046875
0 0.3140625 0.9546875 0.075 0.090625
0 0.246875 0.87890625 0.0625 0.0703125
0 0.3890625 0.725 0.059375 0.059375
0 0.53125 0.715625 0.046875 0.046875
0 0.453125 0.78984375 0.0625 0.0703125
0 0.165625 0.49453125 0.090625 0.0828125
0 0.2421875 0.57421875 0.078125 0.0703125
0 0.1640625 0.65703125 0.078125 0.0859375
0 0.30546875 0.6453125 0.0546875 0.0625
0 0.46015625 0.64296875 0.0828125 0.0671875
0 0.240625 0.7234375 0.059375 0.046875
0 0.025 0.8078125 0.05 0.0625