0 0.94609375 0.0328125 0.1078125 0.065625
0 0.78671875 0.04453125 0.11796875 0.08828125
0 0.94453125 0.1890625 0.08671875 0.10078125
0 0.86953125 0.1046875 0.08671875 0.0953125
0 0.86953125 0.27890625 0.08671875 0.1125
0 0.79140625 0.1984375 0.10390625 0.1265625
0 0.94765625 0.35 0.10390625 0.109375
0 0.8765625 0.4453125 0.11796875 0.1265625
0 0.7921875 0.34921875 0.0953125 0.10078125
0 0.99140625 0.93984375 0.0171875 0.0921875
0 0.63046875 0.04375 0.10078125 0.08671875
0 0.55546875 0.10859375 0.10078125 0.1125
0 0.63125 0.19609375 0.1125 0.121875
0 0.475 0.1875 0.1125 0.10390625
0 0.3875 0.10390625 0.08359375 0.08671875
0 0.31015625 0.0390625 0.1125 0.078125
0 0.22734375 0.1171875 0.08671875 0.0953125
0 0.3109375 0.1890625 0.06953125 0.08359375
0 0.55546875 0.271875 0.08359375 0.0921875
0 0.31171875 0.365625 0.0921875 0.0953125
0 0.54453125 0.43671875 0.0953125 0.0921875
0 0.6296875 0.3515625 0.109375 0.1125
0 0.7109375 0.284375 0.0921875 0.10078125
0 0.7078125 0.45078125 0.109375 0.1265625
0 0.47578125 0.53828125 0.10390625 0.121875
0 0.54921875 0.61875 0.0953125 0.0921875
0 0.6328125 0.53671875 0.109375 0.11796875
0 0.71171875 0.61640625 0.10078125 0.10390625
0 0.6390625 0.7015625 0.08359375 0.10078125
0 0.4796875 0.70546875 0.0953125 0.0921875
0 0.3890625 0.6125 0.10390625 0.121875
0 0.3109375 0.53125 0.10390625 0.08359375
0 0.2234375 0.44375 0.0953125 0.078125
0 0.234375 0.62421875 0.10078125 0.109375
0 0.4015625 0.778125 0.1125 0.121875
0 0.5515625 0.78828125 0.109375 0.10078125
0 0.3171875 0.884375 0.1265625 0.14375
0 0.40078125 0.9421875 0.08671875 0.0953125
0 0.46796875 0.8671875 0.109375 0.0921875
0 0.225 0.78359375 0.0921875 0.075
0 0.2359375 0.9546875 0.10390625 0.08671875
0 0.3171875 0.990625 0.0921875 0.01875
0 0.4828125 0.990625 0.08359375 0.01875
0 0.71328125 0.93671875 0.08671875 0.0921875
0 0.71953125 0.778125 0.075 0.08671875
0 0.88125 0.778125 0.109375 0.121875
0 0.88125 0.61015625 0.0921875 0.109375
0 0.94609375 0.68203125 0.08359375 0.06953125
0 0.78828125 0.85625 0.08671875 0.06953125
0 0.94609375 0.87265625 0.10078125 0.1125
0 0.8703125 0.94453125 0.0953125 0.10078125
0 0.94375 0.98125 0.1 0.0375
0 0.78984375 0.990625 0.10078125 0.01875
0 0.02109375 0.99453125 0.04140625 0.01015625
0 0.1515625 0.875 0.109375 0.10078125
0 0.07578125 0.7921875 0.078125 0.0921875
0 0.01640625 0.7078125 0.0328125 0.0953125
0 0.07578125 0.63359375 0.0953125 0.121875
0 0.146875 0.71171875 0.0921875 0.10390625
0 0.14921875 0.52890625 0.08671875 0.0921875
0 0.01640625 0.528125 0.0328125 0.08359375
0 0.06796875 0.45 0.08671875 0.08359375
0 0.01484375 0.3671875 0.0296875 0.109375
0 0.075 0.27890625 0.10078125 0.0953125
0 0.14375 0.36015625 0.08359375 0.0953125
0 0.15390625 0.1875 0.0953125 0.10390625
0 0.075 0.1203125 0.10078125 0.109375
0 0.0109375 0.021875 0.021875 0.04375
0 0.146875 0.034375 0.0875 0.06875
0 0.79609375 0.50859375 0.1125 0.121875