0 0.025 0.82890625 0.05 0.0578125
0 0.31171875 0.96640625 0.0859375 0.0671875
0 0.1640625 0.97421875 0.0625 0.0515625
0 0.09453125 0.90078125 0.0703125 0.0671875
0 0.16796875 0.82734375 0.0546875 0.0515625
0 0.2328125 0.9 0.059375 0.059375
0 0.09765625 0.74609375 0.0703125 0.0703125
0 0.434375 0.8359375 0.0625 0.0625
0 0.021875 0.240625 0.04375 0.059375
0 0.01953125 0.0953125 0.0390625 0.059375
0 0.2359375 0.021875 0.04375 0.04375
0 0.0921875 0.02734375 0.090625 0.0546875
0 0.02734375 0.3921875 0.0546875 0.090625
0 0.07265625 0.46953125 0.0515625 0.0546875
0 0.296875 0.390625 0.046875 0.046875
0 0.303125 0.23125 0.075 0.078125
0 0.228125 0.1578125 0.075 0.075
0 0.15703125 0.0859375 0.0703125 0.078125
0 0.078125 0.16015625 0.078125 0.0703125
0 0.2953125 0.06875 0.075 0.075
0 0.37890625 0.01953125 0.0703125 0.0390625
0 0.2828125 0.6875 0.075 0.078125
0 0.36015625 0.61328125 0.0703125 0.0703125
0 0.42890625 0.6796875 0.0515625 0.046875
0 0.49921875 0.6015625 0.0671875 0.078125
0 0.359375 0.45390625 0.046875 0.0546875
0 0.2859375 0.53515625 0.046875 0.0390625
0 0.43359375 0.53359375 0.0546875 0.0515625
0 0.43671875 0.3671875 0.0515625 0.0625
0 0.50703125 0.44140625 0.0515625 0.0546875
0 0.57734375 0.36875 0.0671875 0.075
0 0.6421875 0.43203125 0.04375 0.0515625
0 0.71484375 0.35390625 0.0546875 0.0671875
0 0.646875 0.28203125 0.059375 0.0546875
0 0.509375 0.29921875 0.059375 0.0671875
0 0.3765625 0.30859375 0.04375 0.0390625
0 0.44140625 0.23125 0.0703125 0.078125
0 0.37109375 0.15625 0.0546875 0.0625
0 0.5859375 0.215625 0.0625 0.078125
0 0.72734375 0.19140625 0.0546875 0.0546875
0 0.87578125 0.0390625 0.0703125 0.078125
0 0.73515625 0.03984375 0.0703125 0.0703125
0 0.79921875 0.1171875 0.0828125 0.078125
0 0.94375 0.10859375 0.059375 0.0515625
0 0.871875 0.18828125 0.078125 0.0703125
0 0.94453125 0.2640625 0.0671875 0.059375
0 0.86796875 0.34296875 0.0546875 0.0671875
0 0.79296875 0.2734375 0.0703125 0.0625
0 0.8609375 0.97265625 0.059375 0.0546875
0 0.9453125 0.90625 0.046875 0.046875
0 0.65078125 0.74453125 0.0671875 0.0671875
0 0.72109375 0.66640625 0.0515625 0.0515625
0 0.575 0.6765625 0.0625 0.0625
0 0.5765625 0.8328125 0.059375 0.046875
0 0.646875 0.91015625 0.059375 0.0546875
0 0.79375 0.58984375 0.046875 0.0390625
0 0.72109375 0.51484375 0.0359375 0.0359375
0 0.65078125 0.59453125 0.0359375 0.0390625
0 0.02890625 0.97421875 0.0578125 0.0515625
0 0.98828125 0.18984375 0.0234375 0.0578125