0 0.01875 0.1453125 0.0375 0.0734375
0 0.065625 0.071875 0.07890625 0.08203125
0 0.159375 0.0171875 0.07890625 0.034375
0 0.23125 0.071875 0.08203125 0.0984375
0 0.38046875 0.07421875 0.0625 0.0703125
0 0.30703125 0.15 0.0703125 0.0734375
0 0.30625 0.01171875 0.04609375 0.02265625
0 0.45234375 0.01328125 0.04921875 0.0265625
0 0.02578125 0.01328125 0.05078125 0.0265625
0 0.0234375 0.30390625 0.046875 0.0828125
0 0.14765625 0.43046875 0.0953125 0.0375
0 0.296875 0.4265625 0.08203125 0.04609375
0 0.37421875 0.3859375 0.0734375 0.08671875
0 0.89921875 0.14921875 0.0734375 0.08203125
0 0.96796875 0.0765625 0.0640625 0.0734375
0 0.8203125 0.07734375 0.05390625 0.0625
0 0.6734375 0.228125 0.08203125 0.08203125
0 0.7484375 0.3140625 0.08984375 0.0734375
0 0.8953125 0.315625 0.08203125 0.0703125
0 0.97734375 0.23359375 0.0453125 0.0703125
0 0.6765625 0.3890625 0.08671875 0.0703125
0 0.9640625 0.39921875 0.071875 0.0734375
0 0.5265625 0.3859375 0.08203125 0.0703125
0 0.4453125 0.428125 0.08984375 0.04921875
0 0.5921875 0.43046875 0.08203125 0.0375
0 0.73828125 0.42890625 0.08671875 0.040625
0 0.8890625 0.42734375 0.08671875 0.05390625