0 0.03125 0.94609375 0.0625 0.0703125
0 0.11015625 0.86953125 0.0703125 0.0671875
0 0.18984375 0.946875 0.0515625 0.059375
0 0.4515625 0.95703125 0.059375 0.0546875
0 0.5203125 0.88359375 0.0625 0.0703125
0 0.453125 0.8171875 0.0625 0.0625
0 0.3765625 0.8828125 0.059375 0.0625
0 0.30625 0.8140625 0.075 0.075
0 0.3765625 0.7421875 0.028125 0.03125
0 0.5171875 0.7265625 0.059375 0.0625
0 0.72890625 0.95 0.0828125 0.09375
0 0.803125 0.86796875 0.075 0.0703125
0 0.87109375 0.9390625 0.0546875 0.059375
0 0.590625 0.80703125 0.0625 0.0671875
0 0.66484375 0.72578125 0.0546875 0.0671875
0 0.94765625 0.865625 0.0515625 0.059375
0 0.98828125 0.78359375 0.0234375 0.0671875
0 0.95234375 0.7234375 0.0515625 0.0625
0 0.45234375 0.05859375 0.0671875 0.0859375
0 0.52265625 0.13125 0.0828125 0.075
0 0.31171875 0.04765625 0.0671875 0.0859375
0 0.37890625 0.1328125 0.0390625 0.046875
0 0.45 0.203125 0.0625 0.078125
0 0.59609375 0.20546875 0.0671875 0.0671875
0 0.66484375 0.28046875 0.0390625 0.0515625
0 0.8171875 0.2640625 0.046875 0.059375
0 0.8109375 0.1171875 0.059375 0.0625
0 0.7359375 0.05078125 0.04375 0.0390625
0 0.60078125 0.36171875 0.0671875 0.0671875
0 0.67109375 0.42265625 0.0515625 0.0703125
0 0.5234375 0.44140625 0.0625 0.0546875
0 0.59453125 0.50703125 0.0546875 0.0515625
0 0.52734375 0.571875 0.0703125 0.059375
0 0.60078125 0.6578125 0.0671875 0.075
0 0.4515625 0.66484375 0.059375 0.0546875
0 0.37421875 0.57890625 0.0515625 0.0703125
0 0.234375 0.5921875 0.0625 0.075
0 0.30859375 0.6578125 0.0546875 0.075
0 0.15234375 0.65078125 0.0703125 0.0671875
0 0.1609375 0.51171875 0.0625 0.0703125
0 0.09375 0.43984375 0.0625 0.0671875
0 0.0296875 0.5140625 0.059375 0.075
0 0.88984375 0.03984375 0.0515625 0.0546875
0 0.96328125 0.42109375 0.0515625 0.0515625
0 0.375 0.4296875 0.053125 0.0625
0 0.98828125 0.6328125 0.0234375 0.0828125
0 0.9890625 0.934375 0.01875 0.078125
0 0.2515625 0.9828125 0.08125 0.034375