0 0.0765625 0.984375 0.04375 0.03125
0 0.221875 0.98203125 0.0625 0.0359375
0 0.02734375 0.92265625 0.0546875 0.0859375
0 0.0796875 0.85859375 0.075 0.0671875
0 0.1546875 0.928125 0.059375 0.075
0 0.021875 0.47109375 0.04375 0.0671875
0 0.0765625 0.69375 0.075 0.059375
0 0.0234375 0.77265625 0.046875 0.0828125
0 0.1484375 0.778125 0.0625 0.078125
0 0.3015625 0.77421875 0.078125 0.0859375
0 0.21953125 0.6953125 0.0859375 0.09375
0 0.365625 0.6921875 0.059375 0.0625
0 0.29921875 0.93046875 0.0671875 0.0703125
0 0.37421875 0.85 0.0828125 0.059375
0 0.37109375 0.98203125 0.0703125 0.0359375
0 0.15546875 0.62578125 0.0828125 0.0703125
0 0.29609375 0.46171875 0.0828125 0.0703125
0 0.3734375 0.390625 0.075 0.078125
0 0.30703125 0.3109375 0.0828125 0.090625
0 0.228125 0.39140625 0.075 0.0859375
0 0.153125 0.4625 0.0625 0.075
0 0.1609375 0.3109375 0.078125 0.059375
0 0.08671875 0.23515625 0.0703125 0.0703125
0 0.02734375 0.165625 0.0546875 0.075
0 0.16640625 0.15859375 0.0671875 0.0828125
0 0.309375 0.1609375 0.0625 0.078125
0 0.2421875 0.0875 0.078125 0.075
0 0.31328125 0.02734375 0.0859375 0.0546875
0 0.0875 0.084375 0.090625 0.090625
0 0.3796875 0.08671875 0.046875 0.0546875
0 0.44921875 0.15078125 0.0859375 0.0984375
0 0.52734375 0.075 0.0859375 0.078125
0 0.671875 0.0765625 0.078125 0.075
0 0.60078125 0.15703125 0.0828125 0.0859375
0 0.6703125 0.246875 0.075 0.078125
0 0.75078125 0.1640625 0.0546875 0.0625
0 0.52421875 0.23359375 0.0546875 0.0671875
0 0.73671875 0.31328125 0.0671875 0.0703125
0 0.8171875 0.23671875 0.03125 0.0515625
0 0.890625 0.16640625 0.078125 0.0671875
0 0.8984375 0.31484375 0.0625 0.0515625
0 0.6578125 0.38203125 0.075 0.0828125
0 0.52265625 0.3890625 0.0671875 0.059375
0 0.603125 0.015625 0.090625 0.03125
0 0.73828125 0.021875 0.0703125 0.04375
0 0.89375 0.0171875 0.078125 0.034375
0 0.59453125 0.46328125 0.0859375 0.0984375
0 0.51640625 0.54140625 0.0859375 0.0984375
0 0.45 0.46875 0.078125 0.09375
0 0.66875 0.54375 0.09375 0.09375
0 0.7328125 0.61953125 0.059375 0.0515625
0 0.80703125 0.53515625 0.0671875 0.0546875
0 0.59375 0.61796875 0.109375 0.1015625
0 0.65625 0.6890625 0.078125 0.059375
0 0.521875 0.69609375 0.090625 0.0859375
0 0.446875 0.6140625 0.10625 0.09375
0 0.58984375 0.77265625 0.0703125 0.0515625
0 0.66015625 0.8515625 0.0703125 0.0625
0 0.80859375 0.85078125 0.0859375 0.0828125
0 0.7328125 0.9265625 0.090625 0.09375
0 0.79765625 0.98203125 0.0828125 0.0359375
0 0.6578125 0.98046875 0.090625 0.0390625
0 0.5875 0.92265625 0.075 0.0703125
0 0.4421875 0.92109375 0.078125 0.0671875
0 0.51171875 0.984375 0.0546875 0.03125
0 0.87734375 0.92109375 0.0828125 0.0671875
0 0.94765625 0.984375 0.0671875 0.03125
0 0.9546875 0.540625 0.090625 0.075
0 0.875 0.465625 0.078125 0.078125
0 0.96640625 0.3859375 0.0671875 0.0625
0 0.96328125 0.24453125 0.0671875 0.0828125
0 0.9625 0.071875 0.075 0.075