0 0.140625 0.9734375 0.084375 0.053125
0 0.01328125 0.9796875 0.0265625 0.040625
0 0.065625 0.9234375 0.08359375 0.08359375
0 0.14140625 0.83515625 0.08359375 0.07578125
0 0.01953125 0.83515625 0.0390625 0.0671875
0 0.02109375 0.07421875 0.0421875 0.0578125
0 0.01328125 0.23046875 0.0265625 0.04296875
0 0.06484375 0.60859375 0.06015625 0.07109375
0 0.0734375 0.7640625 0.1 0.09140625
0 0.01328125 0.6921875 0.0265625 0.07421875
0 0.01328125 0.38359375 0.0265625 0.06796875
0 0.07734375 0.4640625 0.06015625 0.06796875
0 0.1578125 0.38203125 0.06796875 0.08359375
0 0.23046875 0.45390625 0.07109375 0.07890625
0 0.3015625 0.37734375 0.07109375 0.06796875
0 0.22890625 0.3046875 0.05234375 0.03984375
0 0.07890625 0.3046875 0.04765625 0.05546875
0 0.284375 0.9796875 0.078125 0.040625
0 0.28671875 0.83828125 0.06015625 0.06328125
0 0.365625 0.7640625 0.07578125 0.07578125
0 0.28984375 0.6796875 0.06328125 0.07109375
0 0.21484375 0.76953125 0.07578125 0.06796875
0 0.37109375 0.60546875 0.06796875 0.07109375
0 0.446875 0.53203125 0.05546875 0.04453125
0 0.30703125 0.54140625 0.07578125 0.06328125
0 0.228125 0.61484375 0.07578125 0.08359375
0 0.3765625 0.45390625 0.06328125 0.06328125
0 0.44765625 0.37890625 0.07890625 0.07109375
0 0.37421875 0.296875 0.06796875 0.05546875
0 0.309375 0.22421875 0.08671875 0.08359375
0 0.15859375 0.2296875 0.06328125 0.06328125
0 0.521875 0.45078125 0.06328125 0.04765625
0 0.0875 0.14765625 0.07109375 0.06796875
0 0.1625 0.0734375 0.05546875 0.05234375
0 0.228125 0.146875 0.06015625 0.06015625
0 0.090625 0.01328125 0.07109375 0.0265625
0 0.43203125 0.08203125 0.06328125 0.06328125
0 0.8640625 0.2234375 0.06015625 0.06015625
0 0.94921875 0.153125 0.04765625 0.04765625
0 0.65078125 0.01171875 0.06796875 0.0234375
0 0.57578125 0.07890625 0.06015625 0.04765625
0 0.646875 0.1578125 0.06015625 0.05546875
0 0.7984375 0.3140625 0.05234375 0.05234375
0 0.94375 0.30390625 0.06796875 0.06328125
0 0.94921875 0.471875 0.06328125 0.06015625
0 0.96640625 0.93125 0.06640625 0.08359375
0 0.89296875 0.98359375 0.0796875 0.0328125
0 0.8234375 0.928125 0.07109375 0.06796875
0 0.74921875 0.98125 0.0765625 0.0375
0 0.58828125 0.9796875 0.0703125 0.040625
0 0.66875 0.9171875 0.08671875 0.08671875
0 0.81875 0.76171875 0.07109375 0.06796875
0 0.74765625 0.68515625 0.08671875 0.09140625
0 0.665625 0.7609375 0.08671875 0.07578125
0 0.74453125 0.84140625 0.08671875 0.0953125
0 0.98671875 0.7015625 0.0265625 0.08359375