0 0.05859375 0.03515625 0.0859375 0.0703125
0 0.11953125 0.09296875 0.0828125 0.0828125
0 0.053125 0.17578125 0.075 0.0703125
0 0.19375 0.17109375 0.059375 0.0515625
0 0.11875 0.24453125 0.075 0.0671875
0 0.27265625 0.246875 0.0828125 0.078125
0 0.1875 0.31953125 0.0625 0.0671875
0 0.053125 0.325 0.075 0.078125
0 0.4078125 0.09453125 0.075 0.0703125
0 0.4765625 0.17109375 0.078125 0.0828125
0 0.6265625 0.17265625 0.090625 0.0859375
0 0.328125 0.17109375 0.078125 0.0828125
0 0.40703125 0.3984375 0.0546875 0.078125
0 0.478125 0.32421875 0.075 0.0859375
0 0.3359375 0.3171875 0.078125 0.078125
0 0.5484375 0.3984375 0.059375 0.0625
0 0.4765625 0.44765625 0.09375 0.0359375
0 0.33203125 0.45 0.0859375 0.03125
0 0.76640625 0.17578125 0.0703125 0.0703125
0 0.8265625 0.10625 0.075 0.078125
0 0.915625 0.03515625 0.075 0.0703125
0 0.97265625 0.10625 0.0546875 0.09375
0 0.76953125 0.03125 0.0859375 0.0625
0 0.76796875 0.328125 0.0828125 0.078125
0 0.6234375 0.3203125 0.090625 0.09375
0 0.9046875 0.44765625 0.090625 0.0359375
0 0.0390625 0.44609375 0.0625 0.0390625
0 0.12109375 0.38359375 0.0859375 0.0859375