0 0.01796875 0.0515625 0.03515625 0.10234375
0 0.284375 0.04375 0.0890625 0.08359375
0 0.21640625 0.1203125 0.09765625 0.0921875
0 0.678125 0.6046875 0.08046875 0.0890625
0 0.7640625 0.69765625 0.0921875 0.10078125
0 0.8296875 0.61796875 0.0890625 0.0921875
0 0.91171875 0.540625 0.07578125 0.08046875
0 0.9703125 0.61015625 0.05859375 0.109375
0 0.83984375 0.775 0.0921875 0.09765625
0 0.68046875 0.77421875 0.05859375 0.05859375
0 0.90546875 0.8484375 0.0890625 0.0890625
0 0.83359375 0.93671875 0.08046875 0.07578125
0 0.67421875 0.9265625 0.08046875 0.08046875
0 0.75625 0.853125 0.05859375 0.05859375
0 0.9765625 0.93203125 0.046875 0.05546875
0 0.9046875 0.9875 0.08046875 0.025
0 0.52109375 0.93671875 0.0921875 0.0921875
0 0.6 0.8515625 0.0890625 0.0890625
0 0.45078125 0.859375 0.07578125 0.08046875
0 0.29765625 0.84453125 0.071875 0.07578125
0 0.05390625 0.92890625 0.09765625 0.0921875
0 0.13671875 0.9890625 0.0453125 0.021875
0 0.2140625 0.93515625 0.0890625 0.0890625
0 0.146875 0.8421875 0.0890625 0.0640625
0 0.0125 0.84453125 0.025 0.109375
0 0.059375 0.77421875 0.0921875 0.0921875
0 0.21328125 0.7703125 0.08046875 0.0671875
0 0.1375 0.6796875 0.046875 0.046875
0 0.29921875 0.696875 0.0421875 0.03828125
0 0.37265625 0.77421875 0.08046875 0.07578125
0 0.21953125 0.60625 0.08359375 0.07578125
0 0.3671875 0.625 0.0640625 0.071875
0 0.009375 0.69765625 0.01875 0.10078125
0 0.00703125 0.5296875 0.01328125 0.071875
0 0.37109375 0.45625 0.08359375 0.08046875
0 0.29140625 0.378125 0.0921875 0.0890625
0 0.37421875 0.2953125 0.08359375 0.08359375
0 0.44296875 0.37109375 0.08046875 0.08359375
0 0.05234375 0.4515625 0.10078125 0.10078125
0 0.45390625 0.5375 0.05859375 0.071875
0 0.05625 0.29140625 0.07578125 0.109375
0 0.21171875 0.29609375 0.10078125 0.0921875
0 0.3 0.21171875 0.09765625 0.08359375
0 0.45390625 0.04921875 0.0921875 0.0984375
0 0.52109375 0.134375 0.0921875 0.08046875
0 0.60546875 0.2125 0.08359375 0.07578125
0 0.6109375 0.05234375 0.09765625 0.08359375
0 0.67734375 0.0234375 0.0953125 0.046875
0 0.834375 0.0203125 0.0890625 0.040625
0 0.7625 0.06015625 0.0890625 0.1171875
0 0.678125 0.12890625 0.09765625 0.09765625
0 0.840625 0.1296875 0.08359375 0.0890625
0 0.75390625 0.21953125 0.071875 0.10078125
0 0.67890625 0.29140625 0.10546875 0.0921875
0 0.60859375 0.37265625 0.0890625 0.08046875
0 0.75703125 0.37265625 0.10078125 0.09765625
0 0.84296875 0.45859375 0.0890625 0.0921875
0 0.671875 0.4546875 0.0421875 0.05
0 0.60078125 0.53203125 0.08359375 0.08046875
0 0.53046875 0.45703125 0.08359375 0.0890625
0 0.96328125 0.01484375 0.0734375 0.0296875
0 0.91796875 0.06484375 0.09765625 0.109375
0 0.971875 0.13359375 0.05625 0.0984375
0 0.92109375 0.209375 0.09765625 0.1140625
0 0.975 0.2921875 0.05 0.08359375
0 0.915625 0.371875 0.0921875 0.0921875
0 0.978125 0.459375 0.04375 0.08359375
0 0.5265625 0.62265625 0.0640625 0.0671875
0 0.60078125 0.6984375 0.10078125 0.0921875
0 0.2890625 0.97734375 0.0890625 0.0453125