0 0.9484375 0.98828125 0.07890625 0.02265625
0 0.99140625 0.940625 0.0171875 0.08359375
0 0.8578125 0.9328125 0.075 0.09296875
0 0.69765625 0.93515625 0.0703125 0.0875
0 0.77265625 0.853125 0.0875 0.08359375
0 0.69296875 0.765625 0.09609375 0.1015625
0 0.94609375 0.85 0.1015625 0.1015625
0 0.98828125 0.759375 0.02265625 0.0609375
0 0.61640625 0.66875 0.075 0.07890625
0 0.8609375 0.59140625 0.09296875 0.09296875
0 0.98515625 0.5953125 0.0296875 0.09296875
0 0.9359375 0.509375 0.09296875 0.09296875
0 0.61875 0.85234375 0.05234375 0.0609375
0 0.6109375 0.5 0.09609375 0.1015625
0 0.85078125 0.421875 0.0609375 0.075
0 0.91953125 0.3375 0.1015625 0.1015625
0 0.9828125 0.4203125 0.034375 0.084375
0 0.9796875 0.2484375 0.03984375 0.1046875
0 0.7578125 0.0171875 0.084375 0.034375
0 0.678125 0.06328125 0.1015625 0.08359375
0 0.76328125 0.15390625 0.07890625 0.1015625
0 0.528125 0.24140625 0.0703125 0.1015625
0 0.5953125 0.159375 0.075 0.08359375
0 0.234375 0.1171875 0.0703125 0.0703125
0 0.24140625 0.2859375 0.08359375 0.09296875
0 0.43984375 0.3296875 0.07890625 0.075
0 0.36171875 0.40625 0.0703125 0.0609375
0 0.28125 0.4859375 0.08359375 0.08359375
0 0.53125 0.41015625 0.0875 0.07890625
0 0.54140625 0.92421875 0.09609375 0.11015625
0 0.45390625 0.8390625 0.09609375 0.0875
0 0.2921875 0.840625 0.0875 0.08359375
0 0.371875 0.93125 0.09296875 0.09609375
0 0.29375 0.99296875 0.08359375 0.0140625
0 0.20390625 0.9390625 0.0609375 0.0703125
0 0.45859375 0.98828125 0.0609375 0.02265625
0 0.1296875 0.9953125 0.03515625 0.00859375
0 0.046875 0.94140625 0.0875 0.075
0 0.36875 0.7421875 0.1015625 0.09609375
0 0.29375 0.675 0.08359375 0.08359375
0 0.21796875 0.75625 0.07890625 0.09609375
0 0.04296875 0.74921875 0.0859375 0.09296875
0 0.378125 0.5828125 0.09609375 0.09296875
0 0.44921875 0.671875 0.0703125 0.09609375
0 0.0125 0.36171875 0.02421875 0.05234375
0 0.075 0.2796875 0.08359375 0.0703125
0 0.16796875 0.36171875 0.08359375 0.0875
0 0.01953125 0.52734375 0.03828125 0.075
0 0.075 0.1109375 0.08359375 0.09296875
0 0.14921875 0.1953125 0.09296875 0.09296875
0 0.0171875 0.1875 0.034375 0.078125
0 0.01484375 0.03203125 0.0296875 0.0640625