0 0.36640625 0.02734375 0.0671875 0.0546875
0 0.0171875 0.53203125 0.034375 0.0578125
0 0.071875 0.6078125 0.090625 0.090625
0 0.021875 0.68125 0.04375 0.075
0 0.0609375 0.90625 0.090625 0.09375
0 0.553125 0.96875 0.10625 0.0625
0 0.71875 0.97421875 0.078125 0.0515625
0 0.78515625 0.91796875 0.0859375 0.1015625
0 0.6328125 0.9140625 0.078125 0.078125
0 0.57265625 0.85546875 0.1140625 0.1171875
0 0.64140625 0.7640625 0.0859375 0.10625
0 0.78359375 0.77578125 0.0984375 0.1140625
0 0.5765625 0.69609375 0.10625 0.1015625
0 0.509375 0.75625 0.10625 0.090625
0 0.50078125 0.62421875 0.0859375 0.0984375
0 0.43046875 0.68125 0.0703125 0.059375
0 0.35078125 0.9046875 0.0828125 0.075
0 0.41328125 0.83828125 0.0671875 0.0828125
0 0.3484375 0.77265625 0.078125 0.0984375
0 0.290625 0.83046875 0.075 0.0671875
0 0.21171875 0.759375 0.0859375 0.090625
0 0.2046875 0.61328125 0.090625 0.1015625
0 0.2 0.9109375 0.078125 0.09375
0 0.13515625 0.9703125 0.0828125 0.059375
0 0.4265625 0.53203125 0.09375 0.0859375
0 0.6453125 0.46484375 0.0625 0.0703125
0 0.71484375 0.3890625 0.0859375 0.090625
0 0.859375 0.2421875 0.0625 0.0625
0 0.9375 0.165625 0.078125 0.090625
0 0.8640625 0.54375 0.09375 0.078125
0 0.93203125 0.62109375 0.0671875 0.0703125
0 0.85625 0.6875 0.078125 0.09375
0 0.98203125 0.53984375 0.0359375 0.0890625