0 0.9703125 0.98359375 0.059375 0.0328125
0 0.9046875 0.9390625 0.06484375 0.05625
0 0.821875 0.8484375 0.0734375 0.08515625
0 0.971875 0.84453125 0.05625 0.06484375
0 0.9078125 0.7625 0.08203125 0.08515625
0 0.9703125 0.68125 0.059375 0.08515625
0 0.8953125 0.58515625 0.0734375 0.08203125
0 0.82421875 0.52265625 0.08515625 0.09375
0 0.96171875 0.5109375 0.0765625 0.09375
0 0.9703125 0.34140625 0.059375 0.08203125
0 0.890625 0.43203125 0.08203125 0.08203125
0 0.81328125 0.353125 0.05625 0.06796875
0 0.89609375 0.25078125 0.06484375 0.06796875
0 0.82421875 0.1828125 0.06796875 0.08515625
0 0.965625 0.1671875 0.06796875 0.08203125
0 0.9015625 0.0859375 0.0765625 0.090625
0 0.8109375 0.025 0.09921875 0.04921875
0 0.6515625 0.18515625 0.08203125 0.090625
0 0.57265625 0.11171875 0.0765625 0.090625
0 0.5 0.19140625 0.08515625 0.08515625
0 0.41796875 0.27109375 0.08203125 0.10234375
0 0.5734375 0.27890625 0.08515625 0.090625
0 0.66015625 0.3484375 0.08203125 0.08515625
0 0.73359375 0.2765625 0.06484375 0.06796875
0 0.7375 0.09609375 0.09921875 0.09375
0 0.6578125 0.025 0.0765625 0.04921875
0 0.34453125 0.0359375 0.08203125 0.071875
0 0.3265625 0.190625 0.0734375 0.09375
0 0.49765625 0.353125 0.090625 0.08515625
0 0.41875 0.43828125 0.059375 0.06796875
0 0.34296875 0.528125 0.0515625 0.059375
0 0.665625 0.69140625 0.08203125 0.08203125
0 0.5828125 0.775 0.05625 0.06796875
0 0.73046875 0.7625 0.06796875 0.08515625
0 0.74375 0.60859375 0.06796875 0.0765625
0 0.6546875 0.51953125 0.0765625 0.09375
0 0.5796875 0.4375 0.0734375 0.0765625
0 0.74375 0.425 0.0515625 0.0515625
0 0.34765625 0.34140625 0.0765625 0.06484375
0 0.2578125 0.2609375 0.06796875 0.06484375
0 0.1875 0.19375 0.06484375 0.0734375
0 0.1015625 0.10234375 0.0734375 0.08203125
0 0.0421875 0.02734375 0.0734375 0.0546875
0 0.1828125 0.0359375 0.09921875 0.071875
0 0.2671875 0.1109375 0.1078125 0.09921875
0 0.0328125 0.6859375 0.06484375 0.06796875
0 0.1078125 0.7703125 0.06796875 0.0765625
0 0.19375 0.6890625 0.0765625 0.06796875
0 0.1890625 0.9921875 0.08515625 0.015625