0 0.9875 0.54140625 0.025 0.0796875
0 0.94453125 0.46328125 0.0921875 0.0765625
0 0.99140625 0.3953125 0.0171875 0.0921875
0 0.940625 0.31640625 0.084375 0.084375
0 0.8640625 0.2359375 0.084375 0.0875
0 0.86875 0.3921875 0.084375 0.0765625
0 0.98984375 0.2359375 0.0203125 0.06796875
0 0.940625 0.165625 0.084375 0.084375
0 0.790625 0.3078125 0.0765625 0.0765625
0 0.8640625 0.078125 0.084375 0.0765625
0 0.98359375 0.078125 0.0328125 0.06875
0 0.9328125 0.0265625 0.1 0.05234375
0 0.7203125 0.2390625 0.0796875 0.07109375
0 0.71875 0.08125 0.06015625 0.06328125
0 0.63984375 0.021875 0.0765625 0.04375
0 0.79140625 0.021875 0.0765625 0.04375
0 0.71796875 0.853125 0.1 0.115625
0 0.64140625 0.9421875 0.0953125 0.103125
0 0.56328125 0.99453125 0.0921875 0.0109375
0 0.79609375 0.91875 0.07109375 0.0765625
0 0.8640625 0.84609375 0.06796875 0.0796875
0 0.86328125 0.98359375 0.0796875 0.0328125
0 0.9875 0.8625 0.025 0.0875
0 0.946875 0.9296875 0.07109375 0.07109375
0 0.98984375 0.98203125 0.0203125 0.0359375
0 0.03515625 0.1734375 0.06953125 0.084375
0 0.03359375 0.328125 0.06640625 0.090625
0 0.109375 0.24921875 0.0796875 0.0765625
0 0.18515625 0.32109375 0.0875 0.084375
0 0.26171875 0.40234375 0.0921875 0.0875
0 0.10546875 0.40625 0.03984375 0.04765625
0 0.18046875 0.4859375 0.07109375 0.06328125
0 0.33984375 0.4828125 0.06328125 0.0765625
0 0.18046875 0.1703125 0.07109375 0.06796875
0 0.25390625 0.24375 0.0765625 0.07109375
0 0.41484375 0.24140625 0.07109375 0.0765625
0 0.3359375 0.159375 0.0875 0.0875
0 0.490625 0.3203125 0.0953125 0.0921875
0 0.41015625 0.40234375 0.07109375 0.07109375
0 0.56953125 0.39765625 0.0796875 0.07109375
0 0.48984375 0.48125 0.07109375 0.0796875
0 0.63125 0.47421875 0.1 0.0765625
0 0.4203125 0.56015625 0.0765625 0.0796875
0 0.56484375 0.54921875 0.06328125 0.06328125
0 0.40859375 0.7125 0.1 0.0921875
0 0.4921875 0.78984375 0.0921875 0.084375
0 0.57109375 0.7078125 0.0921875 0.0953125
0 0.33046875 0.796875 0.0921875 0.0921875
0 0.1828125 0.80546875 0.0765625 0.084375
0 0.25078125 0.884375 0.1078125 0.0921875
0 0.16796875 0.9609375 0.0796875 0.078125
0 0.32734375 0.95625 0.0953125 0.0875
0 0.10859375 0.91171875 0.03984375 0.03671875
0 0.1859375 0.01796875 0.071875 0.0359375
0 0.3390625 0.0203125 0.0875 0.040625
0 0.259375 0.084375 0.0875 0.0953125
0 0.10546875 0.56640625 0.0875 0.0765625
0 0.03359375 0.80234375 0.06640625 0.07109375
0 0.0296875 0.64921875 0.05859375 0.06015625