0 0.9359375 0.21640625 0.0328125 0.05390625
0 0.859375 0.14296875 0.08203125 0.0703125
0 0.8515625 0.2984375 0.065625 0.05390625
0 0.946875 0.52890625 0.0703125 0.05703125
0 0.9453125 0.85859375 0.08984375 0.08671875
0 0.98828125 0.93828125 0.02265625 0.09765625
0 0.95703125 0.9875 0.0859375 0.021875
0 0.65234375 0.98828125 0.065625 0.02265625
0 0.5046875 0.9921875 0.040625 0.015625
0 0.5734375 0.93359375 0.04921875 0.05703125
0 0.8734375 0.93203125 0.08671875 0.0703125
0 0.721875 0.93203125 0.06171875 0.05390625
0 0.64765625 0.85078125 0.0703125 0.0703125
0 0.646875 0.703125 0.04921875 0.05390625
0 0.8 0.990625 0.0703125 0.01796875
0 0.49296875 0.85078125 0.0703125 0.0703125
0 0.35234375 0.8390625 0.0734375 0.0734375
0 0.26875 0.9171875 0.0703125 0.0734375
0 0.196875 0.83671875 0.05703125 0.06171875
0 0.428125 0.9171875 0.06171875 0.05703125
0 0.2078125 0.98671875 0.04609375 0.02578125
0 0.34765625 0.68671875 0.065625 0.0703125
0 0.340625 0.5203125 0.0734375 0.0734375
0 0.4984375 0.53203125 0.06171875 0.0703125
0 0.56484375 0.60703125 0.05703125 0.05703125
0 0.634375 0.534375 0.065625 0.078125
0 0.721875 0.615625 0.06171875 0.06171875
0 0.7921875 0.534375 0.09453125 0.078125
0 0.87578125 0.45625 0.08203125 0.08203125
0 0.703125 0.453125 0.0734375 0.0703125
0 0.634375 0.371875 0.065625 0.0703125
0 0.77890625 0.37421875 0.0703125 0.065625
0 0.05078125 0.98046875 0.065625 0.0390625
0 0.1234375 0.9109375 0.0734375 0.0703125
0 0.046875 0.834375 0.05703125 0.05390625
0 0.00546875 0.909375 0.0109375 0.0625
0 0.1203125 0.74921875 0.0734375 0.0734375
0 0.70859375 0.30078125 0.0734375 0.065625
0 0.78359375 0.225 0.0703125 0.08671875
0 0.63984375 0.21015625 0.08671875 0.08984375
0 0.56328125 0.29609375 0.0703125 0.08203125
0 0.48515625 0.36875 0.078125 0.0703125
0 0.409375 0.4546875 0.0734375 0.08984375
0 0.70390625 0.1234375 0.08203125 0.08671875
0 0.78125 0.04375 0.08203125 0.078125
0 0.58125 0.0171875 0.0734375 0.034375
0 0.51015625 0.0828125 0.04609375 0.05390625
0 0.4296875 0.1640625 0.04921875 0.05390625
0 0.36796875 0.23515625 0.0296875 0.0328125
0 0.275 0.31484375 0.0734375 0.08671875
0 0.2859375 0.1609375 0.078125 0.08984375
0 0.21171875 0.2203125 0.0703125 0.06171875
0 0.20703125 0.06875 0.05390625 0.06171875
0 0.2796875 0.0109375 0.065625 0.02109375
0 0.12578125 0.01328125 0.09453125 0.02578125
0 0.2125 0.37890625 0.09453125 0.09453125
0 0.14609375 0.46015625 0.05390625 0.05703125
0 0.01171875 0.134375 0.02265625 0.078125
0 0.0578125 0.05859375 0.0734375 0.08203125
0 0.140625 0.13671875 0.08203125 0.0734375
0 0.9875 0.1390625 0.02421875 0.071875
0 0.9875 0.303125 0.02421875 0.08984375