0 0.371875 0.49765625 0.0828125 0.140625
0 0.51953125 0.459375 0.0671875 0.1125
0 0.45078125 0.39921875 0.08984375 0.09140625
0 0.40390625 0.35703125 0.0578125 0.10546875
0 0.34140625 0.3796875 0.09375 0.1203125
0 0.275 0.29609375 0.08203125 0.0828125
0 0.2 0.37421875 0.0796875 0.12578125
0 0.14375 0.396875 0.05078125 0.0859375
0 0.05703125 0.38828125 0.075 0.065625
0 0.06015625 0.3328125 0.07265625 0.0796875
0 0.0296875 0.27109375 0.05859375 0.0890625
0 0.08046875 0.24296875 0.06875 0.0796875
0 0.14140625 0.2328125 0.0390625 0.05625
0 0.1546875 0.47109375 0.06640625 0.06171875
0 0.14609375 0.525 0.0625 0.08359375
0 0.0921875 0.49296875 0.0453125 0.065625
0 0.10625 0.53203125 0.0390625 0.04140625
0 0.125 0.58125 0.0359375 0.0515625
0 0.09140625 0.57265625 0.0484375 0.04921875
0 0.0875 0.64765625 0.0671875 0.059375
0 0.30078125 0.5703125 0.08671875 0.1015625
0 0.2734375 0.53125 0.04140625 0.05078125
0 0.234375 0.46171875 0.06015625 0.084375
0 0.3875 0.6875 0.0953125 0.0921875
0 0.296875 0.709375 0.09296875 0.07421875
0 0.31015625 0.65 0.06171875 0.07578125
0 0.36484375 0.61796875 0.07421875 0.075
0 0.42734375 0.58046875 0.06796875 0.09375
0 0.2359375 0.68203125 0.07421875 0.06015625
0 0.1796875 0.70390625 0.08359375 0.096875
0 0.2234375 0.5359375 0.0265625 0.04921875
0 0.24296875 0.61875 0.03359375 0.05234375
0 0.28203125 0.45078125 0.04375 0.04453125
0 0.5859375 0.55078125 0.06328125 0.0875
0 0.5921875 0.6953125 0.03671875 0.06484375
0 0.63125 0.7078125 0.07421875 0.08203125
0 0.5703125 0.63125 0.090625 0.09921875
0 0.49765625 0.690625 0.11796875 0.08515625
0 0.52109375 0.7796875 0.0625 0.084375
0 0.46640625 0.71484375 0.04609375 0.06796875
0 0.51015625 0.584375 0.065625 0.065625
0 0.64375 0.40625 0.028125 0.04140625
0 0.575 0.353125 0.053125 0.0640625
0 0.5484375 0.371875 0.0328125 0.046875
0 0.6921875 0.47734375 0.06171875 0.075
0 0.86796875 0.4515625 0.07265625 0.08671875
0 0.76171875 0.48125 0.1078125 0.153125
0 0.846875 0.51015625 0.06328125 0.05859375
0 0.91875 0.5046875 0.04375 0.0484375
0 0.89375 0.5328125 0.0515625 0.0515625
0 0.95859375 0.5546875 0.06640625 0.0578125
0 0.92421875 0.61328125 0.0671875 0.0828125
0 0.8625 0.57734375 0.08671875 0.0640625
0 0.82734375 0.64375 0.08203125 0.1
0 0.6984375 0.59609375 0.15390625 0.12734375
0 0.7125 0.70078125 0.10234375 0.09609375
0 0.76171875 0.7296875 0.06015625 0.0828125
0 0.80859375 0.7390625 0.0484375 0.0609375
0 0.84609375 0.71484375 0.06015625 0.0828125
0 0.89765625 0.6984375 0.04921875 0.05859375
0 0.9171875 0.7484375 0.03828125 0.05859375
0 0.89453125 0.759375 0.0390625 0.05859375
0 0.8359375 0.8625 0.06953125 0.11328125
0 0.70625 0.78359375 0.08203125 0.07890625
0 0.68125 0.85234375 0.07109375 0.0859375
0 0.7421875 0.94765625 0.0859375 0.10234375
0 0.59296875 0.9640625 0.0890625 0.071875
0 0.54609375 0.94453125 0.06171875 0.11015625
0 0.58125 0.98828125 0.06328125 0.02265625
0 0.4671875 0.928125 0.084375 0.14375
0 0.38359375 0.95390625 0.1234375 0.0921875
0 0.34296875 0.89765625 0.04765625 0.07109375
0 0.38125 0.87734375 0.04921875 0.07109375
0 0.39921875 0.803125 0.06484375 0.09921875
0 0.30625 0.80546875 0.140625 0.134375
0 0.3359375 0.73984375 0.075 0.08203125
0 0.24609375 0.8890625 0.08359375 0.1125
0 0.1828125 0.9171875 0.06171875 0.0796875
0 0.15625 0.87890625 0.065625 0.0640625
0 0.08203125 0.84296875 0.11015625 0.15
0 0.05625 0.71796875 0.05625 0.071875
0 0.1171875 0.75546875 0.071875 0.0609375
0 0.1390625 0.95546875 0.071875 0.071875
0 0.103125 0.96640625 0.06171875 0.06640625
0 0.665625 0.94453125 0.07734375 0.11015625
0 0.021875 0.6234375 0.04375 0.11015625
0 0.0140625 0.71015625 0.028125 0.0765625
0 0.015625 0.42734375 0.03125 0.0796875
0 0.03984375 0.475 0.075 0.0859375
0 0.015625 0.365625 0.03125 0.078125
0 0.06484375 0.16328125 0.07421875 0.0875
0 0.01875 0.1328125 0.0375 0.11015625
0 0.36640625 0.13359375 0.0765625 0.121875
0 0.32265625 0.11171875 0.0515625 0.0859375
0 0.2875 0.08359375 0.06171875 0.0703125
0 0.4671875 0.19140625 0.05703125 0.06484375
0 0.60546875 0.18671875 0.04609375 0.0765625
0 0.56015625 0.1671875 0.065625 0.07265625
0 0.7078125 0.14375 0.03828125 0.04375
0 0.6953125 0.2 0.02734375 0.03984375
0 0.64375 0.09921875 0.084375 0.09921875
0 0.884375 0.23359375 0.046875 0.05078125
0 0.84296875 0.20234375 0.0375 0.06171875
0 0.978125 0.1984375 0.04375 0.06640625
0 0.9859375 0.26796875 0.028125 0.0609375
0 0.9515625 0.2765625 0.0546875 0.06171875
0 0.9203125 0.30078125 0.04609375 0.0578125
0 0.8125 0.31015625 0.04140625 0.04140625
0 0.94140625 0.3828125 0.02890625 0.0421875
0 0.98671875 0.37265625 0.0265625 0.0515625
0 0.99140625 0.4640625 0.01640625 0.0609375
0 0.99453125 0.62421875 0.0109375 0.06640625
0 0.98359375 0.68515625 0.0328125 0.0796875
0 0.98203125 0.753125 0.0359375 0.053125