0 0.78984375 0.56484375 0.17578125 0.215625
0 0.828125 0.24453125 0.33046875 0.3015625
0 0.14296875 0.54765625 0.1390625 0.12734375
0 0.2125 0.75390625 0.13359375 0.13671875
0 0.25546875 0.61796875 0.12265625 0.15625
0 0.34375 0.7859375 0.1359375 0.12578125
0 0.46875 0.29765625 0.16328125 0.221875
0 0.57734375 0.41640625 0.13828125 0.16015625
0 0.33515625 0.4875 0.13046875 0.1109375
0 0.32421875 0.37265625 0.1140625 0.12734375
0 0.5640625 0.55625 0.10859375 0.13671875
0 0.3890625 0.63203125 0.1359375 0.11796875
0 0.2 0.4515625 0.15078125 0.16328125
0 0.75 0.89375 0.11796875 0.159375
0 0.70625 0.8 0.0734375 0.09296875
0 0.63515625 0.99375 0.0546875 0.0125
0 0.1296875 0.90078125 0.0640625 0.065625
0 0.04453125 0.87421875 0.0890625 0.078125
0 0.08515625 0.96640625 0.16953125 0.06640625
0 0.3328125 0.88984375 0.0859375 0.08046875
0 0.2453125 0.8859375 0.0953125 0.090625
0 0.30546875 0.9546875 0.0921875 0.090625
0 0.23046875 0.95625 0.0609375 0.0875
0 0.103125 0.228125 0.053125 0.075
0 0.26875 0.29921875 0.078125 0.05859375