0 0.63671875 0.5 0.08515625 0.14453125
0 0.59140625 0.55625 0.07421875 0.1390625
0 0.634375 0.65390625 0.0953125 0.13515625
0 0.5328125 0.4765625 0.078125 0.1359375
0 0.48671875 0.53984375 0.07421875 0.11640625
0 0.434375 0.61015625 0.078125 0.1328125
0 0.4953125 0.6984375 0.08046875 0.12265625
0 0.43828125 0.778125 0.05546875 0.10234375
0 0.396875 0.84921875 0.06484375 0.11328125
0 0.628125 0.803125 0.1046875 0.1453125
0 0.53125 0.7796875 0.09375 0.12265625
0 0.55703125 0.87578125 0.08984375 0.10390625
0 0.728125 0.665625 0.08046875 0.12578125
0 0.77109375 0.59765625 0.0625 0.09453125
0 0.8046875 0.6234375 0.05625 0.08515625
0 0.82734375 0.52265625 0.06953125 0.11171875
0 0.87578125 0.440625 0.078125 0.12109375
0 0.9234375 0.5078125 0.08984375 0.11640625
0 0.953125 0.5765625 0.07578125 0.11015625
0 0.9796875 0.66796875 0.03984375 0.1875
0 0.9453125 0.7359375 0.065625 0.10546875
0 0.9078125 0.8171875 0.0671875 0.1125
0 0.86796875 0.7609375 0.0703125 0.1203125
0 0.8921875 0.6421875 0.1015625 0.159375
0 0.82734375 0.68203125 0.07578125 0.12734375
0 0.7671875 0.73828125 0.08046875 0.12109375
0 0.715625 0.809375 0.0609375 0.11484375
0 0.80078125 0.82578125 0.09453125 0.1328125
0 0.8796875 0.27578125 0.09375 0.15859375
0 0.82890625 0.346875 0.08828125 0.14296875
0 0.7734375 0.38984375 0.06875 0.121875
0 0.8015625 0.453125 0.06015625 0.1
0 0.71640625 0.47265625 0.075 0.12265625
0 0.70703125 0.57578125 0.07109375 0.10859375
0 0.68359375 0.41875 0.065625 0.09453125
0 0.7265625 0.33828125 0.078125 0.1078125
0 0.7828125 0.27109375 0.08984375 0.11875
0 0.32421875 0.5625 0.078125 0.159375
0 0.28125 0.62890625 0.0578125 0.10078125
0 0.23671875 0.5609375 0.06875 0.11953125
0 0.23359375 0.4140625 0.0796875 0.1484375
0 0.33515625 0.4171875 0.090625 0.1609375
0 0.43828125 0.4453125 0.075 0.1453125
0 0.390625 0.50078125 0.0828125 0.14609375
0 0.3890625 0.35625 0.0703125 0.1109375
0 0.48359375 0.38125 0.0765625 0.13515625
0 0.4390625 0.290625 0.0734375 0.1375
0 0.39296875 0.21328125 0.0734375 0.12734375
0 0.35234375 0.13359375 0.07109375 0.11484375
0 0.309375 0.053125 0.078125 0.10625
0 0.2515625 0.096875 0.07265625 0.11328125
0 0.203125 0.165625 0.071875 0.11015625
0 0.1578125 0.2328125 0.0671875 0.1015625
0 0.1921875 0.32109375 0.06640625 0.096875
0 0.15078125 0.3875 0.06015625 0.1015625
0 0.11328125 0.3203125 0.07265625 0.11796875
0 0.05546875 0.23828125 0.07890625 0.1171875
0 0.0953125 0.16171875 0.0734375 0.13125
0 0.02421875 0.1390625 0.0484375 0.1
0 0.178125 0.090625 0.084375 0.13828125
0 0.44453125 0.15078125 0.0671875 0.10703125
0 0.4875 0.2234375 0.065625 0.10859375
0 0.53359375 0.16171875 0.08125 0.13125
0 0.5734375 0.25 0.0671875 0.1078125
0 0.53671875 0.29296875 0.065625 0.11015625
0 0.5875 0.4 0.0875 0.1296875
0 0.634375 0.328125 0.08828125 0.134375
0 0.68203125 0.24921875 0.075 0.1234375
0 0.72734375 0.178125 0.0953125 0.146875
0 0.67578125 0.090625 0.08203125 0.13671875
0 0.62890625 0.184375 0.0734375 0.15078125
0 0.5796875 0.08984375 0.071875 0.12578125
0 0.6296875 0.0453125 0.075 0.090625
0 0.37578125 0.675 0.08515625 0.16015625
0 0.3234375 0.7421875 0.071875 0.134375
0 0.1859375 0.4875 0.06875 0.11640625
0 0.34296875 0.275 0.08203125 0.1375
0 0.28828125 0.3328125 0.06796875 0.1140625
0 0.25 0.26171875 0.07109375 0.11875
0 0.29453125 0.18984375 0.078125 0.10546875
0 0.2015625 0.22421875 0.05078125 0.07578125
0 0.15 0.03671875 0.11875 0.0734375
0 0.06328125 0.03203125 0.0984375 0.0640625
0 0.0515625 0.08203125 0.04765625 0.075
0 0.01171875 0.09140625 0.02265625 0.13203125
0 0.11328125 0.52734375 0.06015625 0.11796875
0 0.0609375 0.4 0.071875 0.10078125
0 0.0265625 0.30390625 0.053125 0.1328125
0 0.23828125 0.76328125 0.0625 0.11484375
0 0.17421875 0.6140625 0.05078125 0.1125
0 0.3328125 0.89921875 0.06953125 0.1015625
0 0.36875 0.96953125 0.05703125 0.06015625
0 0.421875 0.909375 0.0734375 0.1015625
0 0.47421875 0.86328125 0.0671875 0.10390625
0 0.6015625 0.94296875 0.0859375 0.11328125
0 0.66796875 0.8765625 0.06328125 0.10546875
0 0.7015625 0.94921875 0.08828125 0.0875
0 0.7546875 0.884375 0.08359375 0.109375
0 0.79453125 0.9515625 0.0734375 0.096875
0 0.74140625 0.978125 0.090625 0.04375
0 0.8625 0.9 0.1265625 0.14375
0 0.8875 0.9640625 0.09375 0.071875
0 0.54296875 0.9671875 0.0640625 0.065625
0 0.62890625 0.9890625 0.1171875 0.021875
0 0.4796875 0.98828125 0.0921875 0.0234375
0 0.971875 0.96484375 0.05625 0.0703125
0 0.97578125 0.82578125 0.0484375 0.1390625
0 0.9875 0.51640625 0.02421875 0.1484375
0 0.9671875 0.284375 0.065625 0.153125
0 0.96328125 0.3796875 0.0734375 0.1296875
0 0.9359375 0.203125 0.0625 0.10859375
0 0.871875 0.13125 0.0828125 0.15
0 0.83359375 0.17734375 0.07265625 0.1078125
0 0.9171875 0.04765625 0.0640625 0.09453125
0 0.82734375 0.05 0.08125 0.09921875
0 0.7796875 0.08515625 0.07578125 0.12578125
0 0.728125 0.03828125 0.071875 0.0765625
0 0.53515625 0.02421875 0.0640625 0.0484375
0 0.48984375 0.0828125 0.0578125 0.1203125
0 0.45078125 0.0265625 0.0796875 0.053125
0 0.43359375 0.04609375 0.0390625 0.08203125
0 0.38984375 0.05546875 0.06171875 0.1109375
0 0.98671875 0.0703125 0.0265625 0.140625
0 0.96484375 0.1296875 0.0703125 0.1296875