0 0.409375 0.115625 0.06171875 0.07734375
0 0.38828125 0.26015625 0.06171875 0.07734375
0 0.34765625 0.36484375 0.0765625 0.11875
0 0.19609375 0.396875 0.05234375 0.08984375
0 0.3203125 0.56328125 0.07109375 0.08515625
0 0.46640625 0.6171875 0.04453125 0.06328125
0 0.546875 0.634375 0.08671875 0.0984375
0 0.634375 0.42265625 0.05859375 0.0859375
0 0.6734375 0.34453125 0.03125 0.05703125
0 0.52265625 0.3953125 0.06328125 0.0640625
0 0.49453125 0.46484375 0.06953125 0.0515625
0 0.34453125 0.76484375 0.04921875 0.06328125
0 0.42265625 0.7015625 0.0421875 0.04921875
0 0.40546875 0.63984375 0.03359375 0.0421875
0 0.2171875 0.69140625 0.07421875 0.0734375
0 0.284375 0.7390625 0.07890625 0.09296875
0 0.33515625 0.659375 0.0390625 0.0671875
0 0.1390625 0.690625 0.03984375 0.04765625
0 0.7265625 0.86796875 0.0578125 0.05859375
0 0.7875 0.8625 0.04453125 0.0515625
0 0.1375 0.25078125 0.0640625 0.0859375
0 0.89765625 0.63359375 0.0390625 0.053125
0 0.9765625 0.52890625 0.0421875 0.05625
0 0.834375 0.70703125 0.0390625 0.0609375
0 0.8765625 0.7390625 0.05390625 0.0703125
0 0.91328125 0.7484375 0.04375 0.0578125
0 0.97265625 0.89140625 0.04296875 0.05546875
0 0.85703125 0.834375 0.04296875 0.04765625
0 0.890625 0.80234375 0.04453125 0.05625
0 0.98671875 0.75 0.02578125 0.0640625
0 0.98671875 0.6328125 0.02578125 0.05078125
0 0.74609375 0.8234375 0.0234375 0.046875
0 0.73828125 0.73984375 0.04453125 0.0546875
0 0.8390625 0.78671875 0.03359375 0.04296875
0 0.67109375 0.9390625 0.1015625 0.08125
0 0.77109375 0.97109375 0.08046875 0.05703125
0 0.8546875 0.98046875 0.05625 0.03828125
0 0.4515625 0.8765625 0.06953125 0.05078125
0 0.409375 0.8453125 0.03828125 0.04296875
0 0.51875 0.8984375 0.0515625 0.05
0 0.55625 0.90625 0.0328125 0.0359375
0 0.5828125 0.9109375 0.028125 0.0328125
0 0.57890625 0.97578125 0.1015625 0.0484375
0 0.509375 0.934375 0.0859375 0.07890625
0 0.9296875 0.60234375 0.04921875 0.04921875