0 0.16875 0.86171875 0.0828125 0.0953125
0 0.29921875 0.8875 0.06953125 0.05625
0 0.40625 0.89453125 0.03671875 0.06875
0 0.4390625 0.89296875 0.0234375 0.05
0 0.46875 0.90625 0.0296875 0.046875
0 0.52578125 0.90703125 0.03359375 0.046875
0 0.5921875 0.9203125 0.03359375 0.05703125
0 0.628125 0.91015625 0.03125 0.05234375
0 0.09140625 0.86484375 0.0328125 0.05
0 0.11875 0.86953125 0.0296875 0.040625
0 0.05703125 0.85703125 0.03359375 0.0453125
0 0.0203125 0.85859375 0.021875 0.03203125
0 0.765625 0.93046875 0.028125 0.0453125
0 0.796875 0.92890625 0.028125 0.03671875
0 0.8296875 0.93671875 0.03203125 0.05
0 0.88515625 0.94609375 0.0375 0.04921875
0 0.921875 0.94921875 0.03828125 0.05078125
0 0.96015625 0.9546875 0.03203125 0.0453125
0 0.9859375 0.9515625 0.02734375 0.046875
0 0.88984375 0.5890625 0.05078125 0.06484375
0 0.4921875 0.353125 0.0671875 0.06953125
0 0.55234375 0.26328125 0.084375 0.11953125
0 0.43203125 0.2859375 0.109375 0.140625
0 0.409375 0.1859375 0.09140625 0.0796875
0 0.41484375 0.0921875 0.0421875 0.0609375
0 0.4578125 0.08671875 0.03828125 0.05859375
0 0.5296875 0.11171875 0.06171875 0.096875
0 0.59140625 0.09296875 0.059375 0.09765625
0 0.63984375 0.0796875 0.0734375 0.096875
0 0.73828125 0.06796875 0.10234375 0.0625
0 0.79375 0.11640625 0.103125 0.1171875
0 0.7171875 0.11875 0.05625 0.065625
0 0.7140625 0.19609375 0.084375 0.08203125
0 0.72578125 0.26015625 0.10859375 0.08046875
0 0.621875 0.20625 0.03671875 0.0484375
0 0.35234375 0.25234375 0.065625 0.08203125
0 0.29296875 0.290625 0.04609375 0.078125
0 0.33515625 0.31796875 0.075 0.09765625
0 0.83828125 0.34453125 0.06328125 0.0953125
0 0.8265625 0.27890625 0.06484375 0.10625
0 0.90703125 0.21796875 0.1640625 0.18984375
0 0.94375 0.1 0.1125 0.1328125
0 0.90703125 0.38515625 0.08125 0.1421875
0 0.2296875 0.3328125 0.05859375 0.08203125
0 0.1640625 0.2875 0.05859375 0.08203125
0 0.096875 0.2953125 0.046875 0.04140625
0 0.0421875 0.28046875 0.05234375 0.0578125
0 0.0328125 0.2375 0.034375 0.046875
0 0.2484375 0.10625 0.05 0.07265625
0 0.14609375 0.1046875 0.0578125 0.0671875
0 0.18515625 0.1453125 0.0921875 0.078125
0 0.18828125 0.08203125 0.06796875 0.078125
0 0.06640625 0.125 0.0890625 0.1125
0 0.28515625 0.10390625 0.028125 0.0359375
0 0.70859375 0.396875 0.04140625 0.0765625
0 0.6640625 0.33984375 0.0328125 0.05078125