0 0.9640625 0.521875 0.071875 0.1484375
0 0.90078125 0.26640625 0.08203125 0.12109375
0 0.7515625 0.18359375 0.1140625 0.1703125
0 0.73125 0.34375 0.0671875 0.08203125
0 0.35234375 0.2625 0.165625 0.1453125
0 0.08984375 0.49453125 0.1796875 0.2234375
0 0.38359375 0.3921875 0.090625 0.1453125
0 0.4484375 0.4921875 0.08359375 0.103125
0 0.16171875 0.04140625 0.1375 0.08203125
0 0.28203125 0.0171875 0.1484375 0.034375
0 0.79140625 0.4984375 0.1 0.1109375
0 0.12109375 0.6515625 0.1234375 0.1828125
0 0.16875 0.78125 0.12890625 0.16328125
0 0.30390625 0.940625 0.18671875 0.11875
0 0.34453125 0.7390625 0.04765625 0.06484375
0 0.6171875 0.60625 0.07578125 0.115625