0 0.59140625 0.63125 0.0875 0.14921875
0 0.5453125 0.6890625 0.0765625 0.14296875
0 0.5890625 0.7890625 0.0984375 0.1390625
0 0.484375 0.60703125 0.08046875 0.13984375
0 0.4375 0.671875 0.0765625 0.1203125
0 0.38359375 0.74375 0.0796875 0.13671875
0 0.44609375 0.83515625 0.0828125 0.12578125
0 0.38828125 0.9171875 0.05703125 0.10546875
0 0.3453125 0.965625 0.06640625 0.06875
0 0.584375 0.9328125 0.10625 0.134375
0 0.4828125 0.91875 0.09609375 0.12578125
0 0.51015625 0.98203125 0.09296875 0.0359375
0 0.6859375 0.8015625 0.0828125 0.1296875
0 0.7296875 0.73203125 0.0640625 0.09765625
0 0.7640625 0.7578125 0.0578125 0.0875
0 0.7875 0.65390625 0.071875 0.11484375
0 0.8375 0.56953125 0.08046875 0.12421875
0 0.8859375 0.63828125 0.0921875 0.11953125
0 0.9171875 0.709375 0.078125 0.11328125
0 0.959375 0.8046875 0.0703125 0.1921875
0 0.909375 0.87421875 0.0671875 0.1078125
0 0.871875 0.9484375 0.06953125 0.10234375
0 0.8296875 0.89921875 0.07265625 0.1234375
0 0.8546875 0.77734375 0.10390625 0.1640625
0 0.7875 0.81875 0.078125 0.13125
0 0.7265625 0.8765625 0.0828125 0.125
0 0.6734375 0.94375 0.06328125 0.11171875
0 0.7609375 0.94765625 0.09609375 0.1046875
0 0.8421875 0.4 0.096875 0.16328125
0 0.7890625 0.4734375 0.090625 0.146875
0 0.73203125 0.51796875 0.07109375 0.125
0 0.76171875 0.5828125 0.06171875 0.103125
0 0.6734375 0.603125 0.07734375 0.12578125
0 0.6640625 0.709375 0.0734375 0.11171875
0 0.63984375 0.546875 0.06796875 0.09765625
0 0.684375 0.46484375 0.08046875 0.1109375
0 0.7421875 0.39609375 0.0921875 0.121875
0 0.2703125 0.6953125 0.08046875 0.1640625
0 0.2265625 0.76328125 0.059375 0.10390625
0 0.18046875 0.69375 0.0703125 0.12265625
0 0.17734375 0.5421875 0.08203125 0.153125
0 0.28125 0.5453125 0.09296875 0.165625
0 0.3875 0.575 0.07734375 0.14921875
0 0.33828125 0.63125 0.08515625 0.15
0 0.33671875 0.4828125 0.07265625 0.1140625
0 0.434375 0.50859375 0.07890625 0.1390625
0 0.38828125 0.415625 0.07578125 0.14140625
0 0.34140625 0.33671875 0.07578125 0.13125
0 0.29921875 0.25390625 0.0734375 0.11796875
0 0.25390625 0.1609375 0.08046875 0.134375
0 0.19609375 0.21640625 0.075 0.1171875
0 0.14609375 0.2875 0.0734375 0.11328125
0 0.09921875 0.35546875 0.06953125 0.1046875
0 0.13515625 0.446875 0.06875 0.1
0 0.0921875 0.51484375 0.06171875 0.1046875
0 0.05390625 0.44609375 0.075 0.12109375
0 0.0171875 0.3609375 0.034375 0.12109375
0 0.03671875 0.28203125 0.0734375 0.1359375
0 0.11953125 0.209375 0.08671875 0.1421875
0 0.39375 0.271875 0.06953125 0.109375
0 0.43828125 0.34609375 0.06796875 0.11171875
0 0.48515625 0.28359375 0.08359375 0.13515625
0 0.52734375 0.37421875 0.06875 0.1109375
0 0.4890625 0.41796875 0.06796875 0.11328125
0 0.54140625 0.528125 0.08984375 0.13359375
0 0.5890625 0.4546875 0.090625 0.13828125
0 0.63828125 0.37265625 0.07734375 0.12734375
0 0.68515625 0.3 0.0984375 0.15078125
0 0.63203125 0.21015625 0.084375 0.140625
0 0.58359375 0.30703125 0.07578125 0.1546875
0 0.53359375 0.20859375 0.07421875 0.12890625
0 0.5828125 0.14921875 0.07734375 0.12265625
0 0.3234375 0.81171875 0.0875 0.1640625
0 0.26953125 0.88046875 0.07421875 0.13828125
0 0.128125 0.61796875 0.0703125 0.1203125
0 0.28984375 0.4 0.084375 0.14140625
0 0.23359375 0.459375 0.0703125 0.11796875
0 0.19375 0.38515625 0.0734375 0.121875
0 0.23984375 0.31171875 0.0796875 0.1078125
0 0.14375 0.346875 0.05234375 0.078125
0 0.09140625 0.09609375 0.1203125 0.1921875
0 0.0265625 0.09140625 0.053125 0.1828125
0 0.0078125 0.2 0.015625 0.0765625
0 0.053125 0.65859375 0.06171875 0.12109375
0 0.01796875 0.5265625 0.0359375 0.1046875
0 0.18203125 0.9015625 0.0640625 0.11796875
0 0.11640625 0.7484375 0.05234375 0.115625
0 0.425 0.975 0.06796875 0.05
0 0.6234375 0.98203125 0.06484375 0.0359375
0 0.7140625 0.984375 0.08671875 0.03125
0 0.82578125 0.9828125 0.1296875 0.034375
0 0.95625 0.94765625 0.08359375 0.1046875
0 0.98046875 0.87734375 0.0390625 0.17890625
0 0.9703125 0.646875 0.059375 0.153125
0 0.940625 0.4109375 0.0890625 0.1546875
0 0.9375 0.50859375 0.09609375 0.1328125
0 0.98203125 0.48125 0.0359375 0.1234375
0 0.978125 0.334375 0.04375 0.13125
0 0.89921875 0.325 0.0640625 0.11171875
0 0.83359375 0.2515625 0.08515625 0.1546875
0 0.79453125 0.29921875 0.07421875 0.1109375
0 0.87890625 0.15625 0.0671875 0.11640625
0 0.7875 0.146875 0.08515625 0.14453125
0 0.73828125 0.2046875 0.07734375 0.1296875
0 0.684375 0.13125 0.075 0.128125
0 0.92109375 0.07421875 0.0734375 0.1453125
0 0.84296875 0.0609375 0.04765625 0.109375
0 0.80546875 0.05078125 0.0296875 0.07734375
0 0.7390625 0.0609375 0.0734375 0.11875
0 0.6359375 0.0578125 0.0859375 0.115625
0 0.5375 0.06015625 0.08359375 0.11796875
0 0.48671875 0.1125 0.06640625 0.11171875
0 0.440625 0.2015625 0.059375 0.1234375
0 0.4 0.109375 0.08125 0.1265625
0 0.3828125 0.1640625 0.040625 0.084375
0 0.33671875 0.1671875 0.06328125 0.128125
0 0.2984375 0.0796875 0.0765625 0.1203125
0 0.34453125 0.04375 0.08671875 0.08203125
0 0.446875 0.04921875 0.06875 0.09765625
0 0.96875 0.18046875 0.0625 0.1609375
0 0.9359375 0.25078125 0.0890625 0.13203125
0 0.9796875 0.05390625 0.040625 0.10703125
0 0.19609375 0.06640625 0.1015625 0.1328125