0 0.14609375 0.10078125 0.10625 0.15234375
0 0.2140625 0.1515625 0.07734375 0.1015625
0 0.17109375 0.20859375 0.0703125 0.08125
0 0.275 0.19453125 0.084375 0.09375
0 0.328125 0.23046875 0.06640625 0.08359375
0 0.3734375 0.26796875 0.053125 0.08046875
0 0.43203125 0.31953125 0.06640625 0.096875
0 0.4890625 0.35390625 0.059375 0.08359375
0 0.57109375 0.33359375 0.0828125 0.10859375
0 0.63671875 0.55390625 0.07421875 0.10625
0 0.6640625 0.671875 0.08828125 0.10390625
0 0.73984375 0.771875 0.08671875 0.13984375
0 0.6890625 0.86640625 0.0828125 0.0953125
0 0.625 0.82578125 0.065625 0.071875
0 0.509375 0.94296875 0.09296875 0.11328125
0 0.5796875 0.96484375 0.0859375 0.0703125
0 0.38203125 0.93359375 0.11015625 0.13203125
0 0.31484375 0.8921875 0.05078125 0.08046875
0 0.26328125 0.840625 0.06484375 0.071875
0 0.28671875 0.765625 0.06328125 0.0703125
0 0.23203125 0.715625 0.05390625 0.08125
0 0.1953125 0.58984375 0.04921875 0.0640625
0 0.08203125 0.75 0.08671875 0.1703125
0 0.31796875 0.03359375 0.07890625 0.0671875
0 0.35390625 0.09453125 0.08671875 0.11015625
0 0.525 0.4890625 0.059375 0.0828125
0 0.40859375 0.40390625 0.06796875 0.06875
0 0.46171875 0.43671875 0.0703125 0.08515625
0 0.34609375 0.35 0.06484375 0.08046875
0 0.21640625 0.33046875 0.06484375 0.07421875
0 0.26484375 0.371875 0.08203125 0.103125
0 0.24140625 0.45625 0.065625 0.075
0 0.22109375 0.52265625 0.0640625 0.07734375
0 0.271875 0.571875 0.07890625 0.09375
0 0.33125 0.609375 0.059375 0.06875
0 0.359375 0.54140625 0.059375 0.09296875
0 0.29765625 0.50078125 0.0578125 0.065625
0 0.32265625 0.43671875 0.0734375 0.10546875
0 0.37734375 0.471875 0.0671875 0.08671875
0 0.43671875 0.51875 0.07265625 0.1015625
0 0.41328125 0.59140625 0.078125 0.078125
0 0.3921875 0.66015625 0.0703125 0.0921875
0 0.31796875 0.70703125 0.07421875 0.0921875
0 0.36875 0.73828125 0.06484375 0.0765625
0 0.47109375 0.65 0.06796875 0.09765625
0 0.48359375 0.56640625 0.06953125 0.090625
0 0.55078125 0.5953125 0.065625 0.08984375
0 0.52578125 0.67109375 0.06796875 0.0859375
0 0.50625 0.76015625 0.06328125 0.08828125
0 0.58125 0.709375 0.06484375 0.07578125
0 0.71640625 0.59453125 0.04453125 0.05546875
0 0.19921875 0.89609375 0.0578125 0.06875