0 0.69453125 0.3546875 0.18125 0.16171875
0 0.49296875 0.7671875 0.1625 0.17734375
0 0.8234375 0.64921875 0.15234375 0.17265625
0 0.96796875 0.09921875 0.05703125 0.0703125
0 0.9109375 0.29765625 0.134375 0.27578125
0 0.446875 0.89453125 0.04921875 0.04296875
0 0.66015625 0.6890625 0.03125 0.03984375
0 0.7671875 0.821875 0.04609375 0.04375
0 0.6375 0.8703125 0.0359375 0.04375
0 0.621875 0.81953125 0.034375 0.0375
0 0.6125 0.7765625 0.03125 0.03828125
0 0.496875 0.87734375 0.03515625 0.040625
0 0.8359375 0.534375 0.03671875 0.04453125