0 0.39609375 0.11171875 0.065625 0.0828125
0 0.37421875 0.26484375 0.065625 0.08203125
0 0.33125 0.3765625 0.08125 0.12578125
0 0.1703125 0.4109375 0.05625 0.0953125
0 0.30234375 0.58671875 0.075 0.090625
0 0.45703125 0.64453125 0.046875 0.0671875
0 0.5421875 0.66328125 0.0921875 0.1046875
0 0.63515625 0.4375 0.0625 0.09140625
0 0.67734375 0.3546875 0.03359375 0.06015625
0 0.51640625 0.4078125 0.06640625 0.06796875
0 0.48671875 0.4828125 0.0734375 0.0546875
0 0.328125 0.80078125 0.05234375 0.0671875
0 0.4109375 0.734375 0.0453125 0.05234375
0 0.39296875 0.66796875 0.0359375 0.04453125
0 0.19296875 0.72265625 0.07890625 0.078125
0 0.2640625 0.7734375 0.08359375 0.09921875
0 0.31875 0.6890625 0.04140625 0.07109375
0 0.11015625 0.72265625 0.0421875 0.05078125
0 0.73359375 0.9109375 0.06171875 0.06171875
0 0.79765625 0.9046875 0.046875 0.0546875
0 0.10859375 0.2546875 0.06796875 0.09140625
0 0.91484375 0.6625 0.04140625 0.05625
0 0.9875 0.5484375 0.025 0.059375
0 0.84765625 0.73984375 0.04140625 0.06484375
0 0.8921875 0.7734375 0.05703125 0.075
0 0.93125 0.78359375 0.046875 0.0609375
0 0.98515625 0.93515625 0.0296875 0.06015625
0 0.871875 0.875 0.0453125 0.05078125
0 0.90703125 0.84140625 0.04765625 0.059375
0 0.75390625 0.86328125 0.025 0.05
0 0.74609375 0.775 0.04765625 0.0578125
0 0.85234375 0.82421875 0.0359375 0.04609375
0 0.67421875 0.97109375 0.10859375 0.0578125
0 0.44140625 0.91953125 0.07421875 0.0546875
0 0.396875 0.88671875 0.040625 0.0453125
0 0.5125 0.94296875 0.0546875 0.053125
0 0.553125 0.9515625 0.03515625 0.03828125
0 0.58046875 0.95703125 0.0296875 0.034375
0 0.5015625 0.96875 0.090625 0.0625
0 0.9484375 0.62890625 0.05234375 0.05234375