0 0.58984375 0.61484375 0.05859375 0.08828125
0 0.7703125 0.62890625 0.071875 0.08984375
0 0.46796875 0.5390625 0.0453125 0.07265625
0 0.35625 0.63203125 0.06015625 0.0671875
0 0.70625 0.36640625 0.096875 0.1125
0 0.7125 0.45625 0.10703125 0.09140625
0 0.7234375 0.509375 0.04921875 0.0546875
0 0.64609375 0.440625 0.04765625 0.07734375
0 0.603125 0.44609375 0.06015625 0.1015625
0 0.5921875 0.36015625 0.040625 0.07578125
0 0.49140625 0.3625 0.11875 0.1046875
0 0.40625 0.36015625 0.0625 0.07578125
0 0.55703125 0.4421875 0.04296875 0.08046875
0 0.471875 0.4375 0.165625 0.078125
0 0.36484375 0.2125 0.0328125 0.07578125
0 0.30390625 0.28984375 0.06328125 0.08046875
0 0.25 0.2859375 0.0453125 0.05234375
0 0.21953125 0.2921875 0.034375 0.06171875
0 0.25 0.328125 0.046875 0.05625
0 0.2 0.3375 0.0703125 0.09296875
0 0.13515625 0.3328125 0.0359375 0.04609375
0 0.09609375 0.35859375 0.03203125 0.034375
0 0.078125 0.40703125 0.0453125 0.06484375
0 0.0453125 0.3796875 0.0375 0.05234375
0 0.03125 0.4375 0.0453125 0.03671875
0 0.021875 0.4796875 0.04375 0.065625
0 0.0171875 0.3828125 0.034375 0.078125
0 0.4609375 0.271875 0.0671875 0.0734375
0 0.46875 0.19453125 0.0546875 0.078125
0 0.52578125 0.1953125 0.065625 0.05859375
0 0.52578125 0.27265625 0.04765625 0.0640625
0 0.5890625 0.26953125 0.059375 0.08515625
0 0.5625 0.225 0.05859375 0.05625
0 0.6546875 0.2671875 0.053125 0.05
0 0.7203125 0.28125 0.034375 0.0390625
0 0.73359375 0.2484375 0.03828125 0.05390625
0 0.79296875 0.26796875 0.04609375 0.06171875
0 0.8515625 0.27109375 0.0609375 0.05859375
0 0.76796875 0.20234375 0.04296875 0.0734375
0 0.734375 0.18203125 0.0515625 0.0734375
0 0.6640625 0.17890625 0.05546875 0.05390625
0 0.65390625 0.13515625 0.05 0.059375
0 0.55625 0.121875 0.06171875 0.06484375
0 0.57890625 0.059375 0.03828125 0.0609375
0 0.6203125 0.0453125 0.05625 0.0609375
0 0.765625 0.096875 0.0453125 0.04921875
0 0.69296875 0.10234375 0.0703125 0.06640625
0 0.68203125 0.03984375 0.06875 0.06640625
0 0.83125 0.1140625 0.04765625 0.0796875
0 0.78671875 0.14765625 0.06875 0.075
0 0.89453125 0.13203125 0.0453125 0.078125
0 0.91015625 0.03359375 0.0625 0.06640625
0 0.8484375 0.028125 0.040625 0.05625
0 0.8171875 0.021875 0.04140625 0.04296875
0 0.76171875 0.02421875 0.0828125 0.0484375
0 0.77578125 0.83828125 0.0953125 0.0796875
0 0.47109375 0.84453125 0.0609375 0.0640625
0 0.515625 0.77890625 0.03359375 0.04140625
0 0.58125 0.77109375 0.0359375 0.05390625
0 0.54921875 0.7703125 0.021875 0.0296875