0 0.6640625 0.396875 0.0984375 0.14453125
0 0.96875 0.14375 0.06171875 0.1515625
0 0.73515625 0.11640625 0.1296875 0.15859375
0 0.69609375 0.0234375 0.1296875 0.046875
0 0.86640625 0.06171875 0.10703125 0.11171875
0 0.91875 0.0125 0.071875 0.025
0 0.7984375 0.26015625 0.0765625 0.08671875
0 0.8734375 0.21640625 0.07421875 0.11484375
0 0.92578125 0.24296875 0.1109375 0.10625
0 0.984375 0.01484375 0.03125 0.0296875
0 0.7140625 0.58515625 0.1375 0.13046875
0 0.64140625 0.521875 0.06796875 0.11171875
0 0.571875 0.5609375 0.09296875 0.1046875
0 0.58671875 0.4546875 0.071875 0.0875
0 0.7765625 0.34765625 0.0765625 0.0921875
0 0.8078125 0.5390625 0.07265625 0.06953125
0 0.90546875 0.51484375 0.07578125 0.06484375
0 0.6890625 0.30625 0.08828125 0.10234375
0 0.60234375 0.27265625 0.10546875 0.11484375
0 0.6828125 0.2375 0.07578125 0.078125
0 0.584375 0.11171875 0.05703125 0.0625
0 0.45546875 0.03046875 0.0921875 0.0609375
0 0.3453125 0.02265625 0.090625 0.0453125
0 0.30859375 0.04921875 0.0765625 0.0890625
0 0.3640625 0.27578125 0.059375 0.06640625
0 0.36015625 0.35 0.08671875 0.090625
0 0.16015625 0.33359375 0.0921875 0.08671875
0 0.18828125 0.409375 0.07578125 0.07109375
0 0.12578125 0.38203125 0.071875 0.07265625
0 0.19453125 0.1984375 0.0953125 0.14140625
0 0.3703125 0.19140625 0.08671875 0.0875
0 0.53046875 0.35625 0.0859375 0.075
0 0.47734375 0.39375 0.0890625 0.09375
0 0.5921875 0.0125 0.090625 0.025
0 0.55703125 0.04609375 0.12109375 0.0921875
0 0.6171875 0.18203125 0.08515625 0.0875
0 0.40859375 0.1390625 0.059375 0.07421875
0 0.47578125 0.28984375 0.16328125 0.10234375
0 0.45 0.21015625 0.096875 0.075
0 0.43515625 0.55078125 0.09296875 0.18359375
0 0.31640625 0.4234375 0.06484375 0.07421875
0 0.3953125 0.43203125 0.10390625 0.0828125
0 0.3015625 0.48125 0.12265625 0.12109375
0 0.77578125 0.77890625 0.04765625 0.05703125
0 0.72109375 0.76484375 0.0796875 0.11640625
0 0.88125 0.88515625 0.08984375 0.08984375
0 0.8109375 0.93203125 0.07421875 0.0890625
0 0.86640625 0.95078125 0.04765625 0.05703125
0 0.9765625 0.7046875 0.046875 0.1375
0 0.9546875 0.95625 0.06796875 0.065625
0 0.94453125 0.853125 0.065625 0.065625
0 0.965625 0.90546875 0.06875 0.0796875
0 0.334375 0.80078125 0.084375 0.0828125
0 0.50625 0.6875 0.12734375 0.11875
0 0.58046875 0.7609375 0.12265625 0.0859375
0 0.6984375 0.82890625 0.08203125 0.05
0 0.65390625 0.87890625 0.1265625 0.09375
0 0.59296875 0.81484375 0.12265625 0.07890625
0 0.52109375 0.87734375 0.0765625 0.07890625
0 0.43203125 0.82734375 0.06328125 0.0921875
0 0.44453125 0.70625 0.040625 0.05234375
0 0.3765625 0.68359375 0.0703125 0.05625
0 0.32734375 0.67578125 0.0453125 0.08515625
0 0.2609375 0.678125 0.10234375 0.11875
0 0.36875 0.6015625 0.053125 0.06328125
0 0.1 0.49296875 0.07265625 0.11796875
0 0.13515625 0.72421875 0.07734375 0.0765625
0 0.015625 0.8578125 0.03125 0.084375
0 0.46015625 0.87734375 0.03203125 0.028125
0 0.43984375 0.9140625 0.0375 0.03984375
0 0.47578125 0.90234375 0.03125 0.034375
0 0.49609375 0.9765625 0.03125 0.03671875
0 0.42890625 0.9515625 0.1296875 0.096875
0 0.22265625 0.83359375 0.08515625 0.078125
0 0.29453125 0.865625 0.07421875 0.0546875
0 0.1984375 0.87734375 0.06796875 0.059375
0 0.1734375 0.81171875 0.03125 0.059375
0 0.1390625 0.8171875 0.05 0.05625
0 0.2109375 0.95234375 0.0796875 0.0953125
0 0.8234375 0.82578125 0.0671875 0.05234375
0 0.046875 0.78046875 0.04609375 0.04765625
0 0.24140625 0.559375 0.11328125 0.06953125
0 0.36640625 0.8859375 0.07265625 0.07265625
0 0.41484375 0.76015625 0.05078125 0.075