0 0.31796875 0.50078125 0.025 0.03515625
0 0.35234375 0.60859375 0.03359375 0.0375
0 0.35625 0.64375 0.0390625 0.03984375
0 0.36328125 0.67109375 0.02578125 0.03359375
0 0.3734375 0.703125 0.03125 0.04140625
0 0.3859375 0.734375 0.0375 0.04296875
0 0.3921875 0.7703125 0.040625 0.0453125
0 0.4328125 0.6984375 0.02109375 0.040625
0 0.4609375 0.69140625 0.04375 0.06015625
0 0.4125 0.60546875 0.04296875 0.059375
0 0.440625 0.58984375 0.02734375 0.04296875
0 0.46171875 0.57109375 0.04765625 0.06328125
0 0.478125 0.6171875 0.02890625 0.03359375
0 0.46484375 0.64296875 0.02421875 0.0296875
0 0.5 0.65625 0.03203125 0.0390625
0 0.525 0.6328125 0.03828125 0.04453125
0 0.51171875 0.596875 0.03671875 0.05234375
0 0.50078125 0.55078125 0.02578125 0.0296875
0 0.4484375 0.7484375 0.03125 0.05078125
0 0.478125 0.7390625 0.01953125 0.028125
0 0.51015625 0.8109375 0.0265625 0.04375
0 0.5421875 0.79296875 0.0328125 0.0453125
0 0.57890625 0.77265625 0.021875 0.0234375
0 0.55859375 0.7390625 0.0390625 0.04140625
0 0.53671875 0.7515625 0.03359375 0.04453125
0 0.5421875 0.69765625 0.0390625 0.053125
0 0.51328125 0.7125 0.01640625 0.02578125
0 0.5796875 0.56796875 0.03828125 0.04921875
0 0.62109375 0.62265625 0.03046875 0.034375
0 0.58984375 0.61875 0.03359375 0.034375
0 0.6453125 0.56171875 0.03359375 0.0453125
0 0.68359375 0.58984375 0.0265625 0.03359375
0 0.57265625 0.89140625 0.0328125 0.05078125
0 0.640625 0.86484375 0.03515625 0.04140625
0 0.39375 0.8796875 0.02890625 0.0390625
0 0.43515625 0.90703125 0.03125 0.04453125
0 0.40625 0.9171875 0.03359375 0.0390625
0 0.4421875 0.94140625 0.02578125 0.03125
0 0.42890625 0.96015625 0.02109375 0.028125
0 0.37734375 0.9296875 0.03125 0.034375
0 0.36484375 0.9 0.034375 0.04296875
0 0.334375 0.9203125 0.0390625 0.05546875
0 0.35625 0.98515625 0.03125 0.0296875
0 0.48515625 0.97109375 0.0484375 0.05703125
0 0.17265625 0.9625 0.046875 0.05
0 0.190625 0.940625 0.0203125 0.03671875
0 0.2234375 0.96328125 0.0546875 0.07265625
0 0.12109375 0.86796875 0.03125 0.046875
0 0.4625 0.15703125 0.04765625 0.04765625
0 0.46484375 0.2359375 0.0328125 0.053125
0 0.4625 0.27421875 0.0375 0.03203125
0 0.49765625 0.2703125 0.04609375 0.065625
0 0.51875 0.2140625 0.10234375 0.11328125
0 0.5234375 0.1390625 0.04296875 0.04453125
0 0.58671875 0.178125 0.04609375 0.06640625
0 0.50390625 0.31953125 0.0421875 0.046875
0 0.4796875 0.0734375 0.0296875 0.03828125
0 0.67890625 0.2703125 0.03515625 0.04765625
0 0.6953125 0.203125 0.03359375 0.0390625
0 0.63515625 0.35703125 0.0421875 0.04296875
0 0.66953125 0.38203125 0.02578125 0.034375
0 0.63515625 0.3953125 0.034375 0.03125
0 0.60859375 0.43359375 0.03203125 0.0515625
0 0.634375 0.4125 0.04609375 0.03125
0 0.66171875 0.48046875 0.0171875 0.03203125
0 0.675 0.49140625 0.025 0.0328125
0 0.68046875 0.47265625 0.02265625 0.0296875
0 0.6921875 0.525 0.01953125 0.0234375
0 0.70859375 0.04296875 0.0390625 0.0453125
0 0.53203125 0.0234375 0.01953125 0.03515625
0 0.47734375 0.0140625 0.0296875 0.028125
0 0.80859375 0.10546875 0.0265625 0.034375
0 0.903125 0.25859375 0.03203125 0.040625
0 0.9359375 0.47578125 0.04296875 0.06484375
0 0.9515625 0.53203125 0.0375 0.05234375
0 0.93671875 0.43203125 0.02578125 0.0375
0 0.95078125 0.39453125 0.02890625 0.03828125
0 0.97890625 0.3296875 0.0421875 0.05
0 0.97890625 0.29375 0.0421875 0.053125
0 0.784375 0.8359375 0.02890625 0.03515625
0 0.79609375 0.809375 0.021875 0.02890625
0 0.82109375 0.81796875 0.0265625 0.05078125
0 0.7859375 0.96328125 0.04140625 0.06484375
0 0.83125 0.98515625 0.03125 0.0296875
0 0.853125 0.934375 0.028125 0.03828125
0 0.871875 0.91796875 0.0265625 0.04609375
0 0.89921875 0.91015625 0.034375 0.040625
0 0.93203125 0.909375 0.02734375 0.0359375
0 0.915625 0.9640625 0.0296875 0.0515625
0 0.8828125 0.9734375 0.0265625 0.04375
0 0.8453125 0.95 0.03828125 0.0546875
0 0.975 0.94296875 0.02421875 0.0421875
0 0.9515625 0.98359375 0.04765625 0.0328125
0 0.95546875 0.946875 0.02109375 0.0296875
0 0.97578125 0.875 0.0265625 0.03984375
0 0.95 0.80859375 0.0296875 0.0421875
0 0.88359375 0.72109375 0.0265625 0.021875
0 0.85390625 0.75625 0.03203125 0.04140625
0 0.69921875 0.94765625 0.0421875 0.04609375