0 0.81484375 0.13515625 0.10703125 0.14609375
0 0.6390625 0.1046875 0.06953125 0.084375
0 0.62890625 0.33359375 0.07734375 0.1234375
0 0.10390625 0.3484375 0.0875 0.10390625
0 0.25390625 0.4125 0.12890625 0.17109375
0 0.35390625 0.396875 0.1046875 0.1203125
0 0.271875 0.50078125 0.1265625 0.0984375
0 0.16875 0.38671875 0.065625 0.08046875
0 0.5609375 0.34765625 0.06171875 0.07578125
0 0.49921875 0.35703125 0.05546875 0.0484375
0 0.4484375 0.396875 0.10625 0.1328125
0 0.4 0.4890625 0.0515625 0.0796875
0 0.340625 0.55 0.04921875 0.06953125
0 0.3734375 0.571875 0.04921875 0.0703125
0 0.3453125 0.61171875 0.04609375 0.05625
0 0.54453125 0.72109375 0.10703125 0.12421875
0 0.5890625 0.61796875 0.1046875 0.12734375
0 0.62109375 0.5109375 0.09453125 0.1296875
0 0.54921875 0.53515625 0.0546875 0.07421875
0 0.834375 0.60859375 0.05078125 0.0703125
0 0.8703125 0.590625 0.0375 0.0625
0 0.86328125 0.64375 0.0421875 0.05078125
0 0.9046875 0.62578125 0.0546875 0.0890625
0 0.8453125 0.42421875 0.04609375 0.071875
0 0.90078125 0.44296875 0.05234375 0.0625
0 0.8109375 0.51015625 0.03984375 0.0625
0 0.69140625 0.571875 0.08359375 0.121875
0 0.4078125 0.89921875 0.096875 0.15078125
0 0.2375 0.85234375 0.07265625 0.10390625
0 0.32578125 0.9125 0.05234375 0.075
0 0.1703125 0.82890625 0.071875 0.084375
0 0.32734375 0.81171875 0.08046875 0.11953125
0 0.95703125 0.4984375 0.08515625 0.11171875
0 0.94921875 0.6375 0.0546875 0.08984375
0 0.9796875 0.61328125 0.03984375 0.1046875
0 0.9265625 0.1390625 0.03984375 0.06171875
0 0.07265625 0.03671875 0.059375 0.0734375
0 0.13671875 0.06171875 0.09140625 0.1203125
0 0.19296875 0.0890625 0.04296875 0.08828125
0 0.23515625 0.0453125 0.0625 0.07578125
0 0.48359375 0.8109375 0.0640625 0.1
0 0.3328125 0.11640625 0.08203125 0.09765625