0 0.9109375 0.3734375 0.059375 0.08984375
0 0.93515625 0.4515625 0.059375 0.07421875
0 0.7078125 0.440625 0.07421875 0.1
0 0.72734375 0.53046875 0.0546875 0.0765625
0 0.8203125 0.56640625 0.06953125 0.08046875
0 0.7546875 0.603125 0.0734375 0.07890625
0 0.80390625 0.48671875 0.05390625 0.05859375
0 0.85 0.6484375 0.0625 0.08046875
0 0.78984375 0.68125 0.0734375 0.078125
0 0.6796875 0.61484375 0.0765625 0.08515625
0 0.6578125 0.553125 0.07421875 0.08359375
0 0.640625 0.47109375 0.08359375 0.0984375
0 0.61328125 0.3953125 0.0875 0.10078125
0 0.5921875 0.303125 0.07109375 0.1109375
0 0.61484375 0.6359375 0.05625 0.0859375
0 0.596875 0.571875 0.078125 0.0765625
0 0.58046875 0.496875 0.08125 0.10234375
0 0.5359375 0.4078125 0.08125 0.10625
0 0.40078125 0.4578125 0.07265625 0.0953125
0 0.375 0.38359375 0.071875 0.08359375
0 0.4671875 0.44296875 0.08359375 0.09609375
0 0.4921875 0.528125 0.084375 0.09375
0 0.521875 0.596875 0.084375 0.06953125
0 0.54765625 0.6625 0.06328125 0.0578125
0 0.3875 0.86796875 0.0515625 0.08203125
0 0.415625 0.95625 0.06953125 0.0765625
0 0.48828125 0.9296875 0.05546875 0.0625
0 0.63515625 0.88828125 0.12578125 0.115625
0 0.74140625 0.815625 0.09296875 0.1265625
0 0.5046875 0.753125 0.059375 0.0640625
0 0.6375 0.72109375 0.0671875 0.0859375
0 0.87421875 0.91953125 0.09375 0.0890625
0 0.4734375 0.69921875 0.07109375 0.078125
0 0.446875 0.621875 0.06953125 0.07421875
0 0.4328125 0.5421875 0.065625 0.07109375
0 0.33125 0.496875 0.0796875 0.07578125
0 0.425 0.29609375 0.08046875 0.096875
0 0.3609375 0.0890625 0.07578125 0.08203125
0 0.87578125 0.484375 0.07578125 0.07109375
0 0.2515625 0.421875 0.0578125 0.07421875
0 0.359375 0.5703125 0.07109375 0.0703125
0 0.38046875 0.63984375 0.0765625 0.07578125
0 0.41171875 0.70546875 0.07734375 0.0734375
0 0.3375 0.74140625 0.071875 0.0828125
0 0.3203125 0.66640625 0.08125 0.06875
0 0.26171875 0.74765625 0.1 0.115625
0 0.29296875 0.83984375 0.08359375 0.08203125
0 0.059375 0.84453125 0.0765625 0.09765625
0 0.05546875 0.75703125 0.0640625 0.0734375
0 0.1578125 0.66171875 0.08203125 0.075
0 0.171875 0.72421875 0.11015625 0.09296875
0 0.26484375 0.5140625 0.059375 0.07734375
0 0.10625 0.49375 0.0734375 0.075
0 0.0984375 0.29765625 0.14765625 0.18125
0 0.046875 0.2015625 0.09375 0.109375
0 0.22265625 0.85859375 0.07421875 0.07890625
0 0.17109375 0.953125 0.0953125 0.0828125
0 0.2546875 0.18125 0.06640625 0.06953125
0 0.1875 0.121875 0.0765625 0.0796875
0 0.66796875 0.3125 0.08515625 0.08515625
0 0.79609375 0.4140625 0.11171875 0.096875
0 0.73125 0.2796875 0.08046875 0.084375
0 0.93203125 0.121875 0.1078125 0.09140625
0 0.52734375 0.1265625 0.0921875 0.07109375
0 0.4953125 0.26484375 0.08203125 0.0796875
0 0.559375 0.028125 0.10625 0.05625