0 0.51484375 0.42890625 0.0828125 0.140625
0 0.3671875 0.39140625 0.0671875 0.1125
0 0.4359375 0.33125 0.08984375 0.09140625
0 0.4828125 0.28828125 0.0578125 0.10546875
0 0.5453125 0.31171875 0.09375 0.1203125
0 0.61171875 0.228125 0.08203125 0.0828125
0 0.68671875 0.30546875 0.0796875 0.12578125
0 0.74296875 0.328125 0.05078125 0.0859375
0 0.8296875 0.31953125 0.075 0.065625
0 0.8265625 0.26484375 0.07265625 0.0796875
0 0.86328125 0.20390625 0.0703125 0.08984375
0 0.80625 0.17421875 0.06875 0.0796875
0 0.7453125 0.1640625 0.0390625 0.05625
0 0.73203125 0.40234375 0.06640625 0.06171875
0 0.740625 0.45625 0.0625 0.08359375
0 0.79453125 0.425 0.0453125 0.065625
0 0.78046875 0.46328125 0.0390625 0.04140625
0 0.76171875 0.5125 0.0359375 0.0515625
0 0.7953125 0.50390625 0.0484375 0.04921875
0 0.79921875 0.57890625 0.0671875 0.059375
0 0.5859375 0.50234375 0.08671875 0.1015625
0 0.61328125 0.4625 0.04140625 0.05078125
0 0.65234375 0.39375 0.06015625 0.084375
0 0.49921875 0.61953125 0.0953125 0.0921875
0 0.58984375 0.640625 0.09296875 0.07421875
0 0.5765625 0.58203125 0.06171875 0.07578125
0 0.521875 0.55 0.07421875 0.075
0 0.459375 0.5125 0.06796875 0.09375
0 0.65078125 0.61328125 0.07421875 0.06015625
0 0.70703125 0.63515625 0.08359375 0.096875
0 0.66328125 0.4671875 0.0265625 0.04921875
0 0.64375 0.55 0.03359375 0.05234375
0 0.6046875 0.3828125 0.04375 0.04453125
0 0.30078125 0.4828125 0.06328125 0.0875
0 0.29453125 0.62734375 0.03671875 0.06484375
0 0.25546875 0.63984375 0.07421875 0.08203125
0 0.31640625 0.56328125 0.090625 0.09921875
0 0.3890625 0.621875 0.11796875 0.08515625
0 0.365625 0.71171875 0.0625 0.084375
0 0.4203125 0.646875 0.04609375 0.06796875
0 0.3765625 0.51640625 0.065625 0.065625
0 0.24296875 0.3375 0.028125 0.04140625
0 0.31171875 0.284375 0.053125 0.0640625
0 0.33828125 0.30390625 0.0328125 0.046875
0 0.19453125 0.409375 0.06171875 0.075
0 0.02734375 0.38203125 0.0546875 0.0875
0 0.125 0.4125 0.1078125 0.153125
0 0.03984375 0.44140625 0.06328125 0.05859375
0 0.009375 0.46328125 0.01796875 0.0515625
0 0.03359375 0.5078125 0.06640625 0.06484375
0 0.059375 0.575 0.08203125 0.1
0 0.18828125 0.528125 0.15390625 0.12734375
0 0.17421875 0.6328125 0.10234375 0.09609375
0 0.125 0.66171875 0.06015625 0.0828125
0 0.078125 0.6703125 0.0484375 0.0609375
0 0.040625 0.64609375 0.06015625 0.0828125
0 0.00703125 0.62890625 0.01328125 0.05703125
0 0.00546875 0.68984375 0.0109375 0.05703125
0 0.05078125 0.79453125 0.06953125 0.11328125
0 0.18046875 0.715625 0.08203125 0.07890625
0 0.20546875 0.78359375 0.07109375 0.0859375
0 0.14453125 0.87890625 0.0859375 0.10234375
0 0.24453125 0.98828125 0.07265625 0.02265625
0 0.29453125 0.90703125 0.0890625 0.0953125
0 0.34140625 0.87890625 0.06171875 0.1125
0 0.3046875 0.95390625 0.0625 0.0921875
0 0.353125 0.9609375 0.06015625 0.078125
0 0.42109375 0.8625 0.08359375 0.1453125
0 0.5046875 0.90390625 0.121875 0.12578125
0 0.54375 0.8296875 0.04765625 0.07109375
0 0.50546875 0.809375 0.04921875 0.07109375
0 0.4875 0.734375 0.06484375 0.09921875
0 0.58046875 0.73671875 0.140625 0.134375
0 0.55078125 0.67109375 0.075 0.08203125
0 0.640625 0.82109375 0.08359375 0.1125
0 0.70390625 0.8484375 0.06171875 0.0796875
0 0.73046875 0.8109375 0.065625 0.0640625
0 0.8046875 0.775 0.11015625 0.15
0 0.83046875 0.65 0.05625 0.071875
0 0.76953125 0.6875 0.071875 0.0609375
0 0.74765625 0.88671875 0.071875 0.071875
0 0.784375 0.909375 0.06171875 0.0859375
0 0.85234375 0.98046875 0.1015625 0.0390625
0 0.63359375 0.97109375 0.05 0.05703125
0 0.55859375 0.97109375 0.11171875 0.05703125
0 0.19140625 0.9578125 0.053125 0.08359375
0 0.221875 0.8765625 0.0765625 0.11015625
0 0.90078125 0.55546875 0.11484375 0.11015625
0 0.91484375 0.64296875 0.109375 0.0765625
0 0.93984375 0.59609375 0.078125 0.06171875
0 0.98359375 0.57734375 0.0328125 0.0453125
0 0.99375 0.68515625 0.01171875 0.09296875
0 0.97109375 0.70703125 0.05 0.0796875
0 0.9375 0.7453125 0.04140625 0.0578125
0 0.95859375 0.4421875 0.0828125 0.09296875
0 0.9828125 0.5046875 0.034375 0.0625
0 0.99453125 0.37578125 0.0109375 0.11953125
0 0.8984375 0.3609375 0.08203125 0.0796875
0 0.846875 0.40703125 0.075 0.0859375
0 0.9546875 0.26328125 0.06796875 0.0671875
0 0.88828125 0.29921875 0.0640625 0.078125
0 0.953125 0.315625 0.08125 0.07109375
0 0.821875 0.09453125 0.07421875 0.0875
0 0.8921875 0.065625 0.0859375 0.11015625
0 0.5203125 0.06484375 0.0765625 0.121875
0 0.5640625 0.04296875 0.0515625 0.0859375
0 0.59921875 0.025 0.06171875 0.04921875
0 0.41953125 0.12265625 0.05703125 0.06484375
0 0.28125 0.11875 0.04609375 0.0765625
0 0.3265625 0.0984375 0.065625 0.07265625
0 0.17890625 0.075 0.03828125 0.04375
0 0.19140625 0.13203125 0.02734375 0.03984375
0 0.2421875 0.03984375 0.0828125 0.0796875
0 0.0125 0.16328125 0.025 0.0515625
0 0.04375 0.13359375 0.0375 0.06171875
0 0.07421875 0.24140625 0.04140625 0.04140625
0 0.06171875 0.97734375 0.0515625 0.0453125
0 0.01796875 0.98046875 0.0359375 0.0390625