0 0.28515625 0.44296875 0.096875 0.1078125
0 0.63046875 0.3390625 0.10703125 0.109375
0 0.3578125 0.44609375 0.08203125 0.07734375
0 0.26640625 0.6515625 0.1265625 0.14453125
0 0.46640625 0.6859375 0.08203125 0.08515625
0 0.48828125 0.609375 0.1125 0.0828125
0 0.45703125 0.30390625 0.0828125 0.1109375
0 0.6265625 0.18046875 0.13984375 0.12890625
0 0.690625 0.08046875 0.1109375 0.11640625
0 0.803125 0.32265625 0.0765625 0.0921875
0 0.871875 0.9640625 0.11015625 0.071875
0 0.953125 0.9703125 0.078125 0.059375
0 0.59453125 0.953125 0.1 0.09296875
0 0.11484375 0.76640625 0.0671875 0.12734375
0 0.1828125 0.7546875 0.1046875 0.11953125
0 0.27734375 0.7875 0.08046875 0.0890625
0 0.35703125 0.79375 0.0921875 0.0859375
0 0.38828125 0.640625 0.08828125 0.14140625
0 0.08125 0.46640625 0.06484375 0.07421875
0 0.25078125 0.10703125 0.0671875 0.075
0 0.2375 0.2546875 0.0703125 0.084375
0 0.35859375 0.2625 0.1125 0.1109375
0 0.1515625 0.96875 0.06796875 0.0625
0 0.3140625 0.96796875 0.10859375 0.0640625
0 0.62578125 0.6953125 0.08984375 0.1046875
0 0.94453125 0.78671875 0.0671875 0.10390625
0 0.9265625 0.5546875 0.0875 0.1046875
0 0.528125 0.4265625 0.09765625 0.08984375
0 0.78203125 0.69296875 0.084375 0.09921875
0 0.578125 0.8625 0.0796875 0.05703125
0 0.86796875 0.30546875 0.065625 0.07265625
0 0.88671875 0.06328125 0.0640625 0.0703125
0 0.78203125 0.8625 0.059375 0.0765625
0 0.4375 0.7859375 0.06640625 0.059375
0 0.4953125 0.8046875 0.05703125 0.05078125
0 0.53671875 0.7859375 0.05 0.04921875
0 0.2203125 0.484375 0.04453125 0.0671875
0 0.153125 0.42265625 0.059375 0.0875
0 0.76875 0.4734375 0.1546875 0.10625
0 0.7484375 0.590625 0.09453125 0.06015625
0 0.95703125 0.29140625 0.0859375 0.096875
0 0.98046875 0.078125 0.0390625 0.09609375
0 0.921875 0.1375 0.10078125 0.11953125
0 0.903125 0.66484375 0.11640625 0.0859375
0 0.9859375 0.6578125 0.028125 0.090625
0 0.93515625 0.446875 0.12421875 0.134375
0 0.83515625 0.5640625 0.1015625 0.115625
0 0.8859375 0.85703125 0.10078125 0.09921875
0 0.70625 0.7078125 0.0859375 0.084375