0 0.690625 0.5015625 0.05859375 0.0984375
0 0.6484375 0.50234375 0.04140625 0.084375
0 0.61640625 0.509375 0.046875 0.07421875
0 0.584375 0.50078125 0.0359375 0.06328125
0 0.553125 0.49296875 0.03359375 0.06484375
0 0.5140625 0.50234375 0.03046875 0.05625
0 0.4765625 0.503125 0.0359375 0.078125
0 0.49140625 0.55 0.0328125 0.040625
0 0.46328125 0.5734375 0.0515625 0.07734375
0 0.39375 0.5359375 0.06953125 0.1484375
0 0.465625 0.6375 0.059375 0.07265625
0 0.3859375 0.684375 0.1765625 0.1890625
0 0.55703125 0.68125 0.0328125 0.0546875
0 0.55078125 0.603125 0.0375 0.05703125
0 0.596875 0.59765625 0.0453125 0.0640625
0 0.671875 0.60390625 0.09765625 0.07578125
0 0.63046875 0.69921875 0.05 0.08125
0 0.59296875 0.6953125 0.03671875 0.065625
0 0.68515625 0.7078125 0.03671875 0.059375
0 0.66953125 0.80078125 0.05 0.10859375
0 0.6171875 0.78203125 0.06171875 0.08515625
0 0.5359375 0.82890625 0.0421875 0.06640625
0 0.54609375 0.78828125 0.06640625 0.07734375
0 0.73515625 0.69921875 0.0890625 0.10859375
0 0.7375 0.7671875 0.06796875 0.07109375
0 0.72265625 0.83828125 0.05078125 0.06640625
0 0.77109375 0.4390625 0.06953125 0.08984375
0 0.7734375 0.49921875 0.0578125 0.06484375
0 0.8125 0.5609375 0.040625 0.06484375
0 0.69921875 0.04296875 0.04609375 0.06171875
0 0.60625 0.06484375 0.0515625 0.07734375
0 0.5765625 0.20390625 0.03515625 0.0546875
0 0.575 0.271875 0.0421875 0.06484375
0 0.684375 0.2640625 0.0609375 0.1046875
0 0.6265625 0.27890625 0.0421875 0.05859375
0 0.69765625 0.3484375 0.04609375 0.0640625
0 0.665625 0.346875 0.0453125 0.05859375
0 0.66171875 0.4109375 0.046875 0.0609375
0 0.6453125 0.20546875 0.059375 0.08046875
0 0.446875 0.81171875 0.0359375 0.0578125
0 0.44609375 0.86953125 0.05546875 0.053125
0 0.44296875 0.90390625 0.040625 0.04765625
0 0.43984375 0.953125 0.0390625 0.0796875
0 0.55390625 0.934375 0.0296875 0.05546875
0 0.10546875 0.89921875 0.03359375 0.06171875
0 0.12734375 0.93828125 0.040625 0.0484375
0 0.03046875 0.72578125 0.03125 0.071875
0 0.0078125 0.74296875 0.015625 0.14453125
0 0.140625 0.609375 0.04375 0.05
0 0.1484375 0.51015625 0.0296875 0.06171875
0 0.1171875 0.49609375 0.03359375 0.05078125
0 0.0953125 0.46015625 0.034375 0.05
0 0.11328125 0.40546875 0.02109375 0.0328125
0 0.11484375 0.36796875 0.03359375 0.05078125
0 0.09140625 0.3640625 0.02421875 0.0296875
0 0.0828125 0.39375 0.0546875 0.0984375
0 0.1359375 0.32421875 0.03125 0.04140625
0 0.13984375 0.2875 0.03203125 0.04453125
0 0.13828125 0.3953125 0.03046875 0.03515625
0 0.13671875 0.4671875 0.0234375 0.03203125
0 0.1265625 0.44609375 0.02578125 0.0421875
0 0.13984375 0.56484375 0.0359375 0.0578125
0 0.09921875 0.54453125 0.0484375 0.04609375
0 0.09765625 0.5875 0.0546875 0.046875
0 0.1453125 0.6484375 0.04921875 0.03671875
0 0.10703125 0.69453125 0.11015625 0.1171875
0 0.1078125 0.73828125 0.02578125 0.05078125
0 0.13203125 0.78203125 0.03046875 0.07265625
0 0.1359375 0.8375 0.04140625 0.05703125
0 0.08828125 0.296875 0.05078125 0.0640625
0 0.1046875 0.25390625 0.04140625 0.0421875
0 0.1140625 0.3125 0.0328125 0.0484375
0 0.5484375 0.375 0.03125 0.04296875
0 0.54296875 0.309375 0.03515625 0.053125
0 0.67421875 0.09140625 0.0453125 0.0640625