0 0.06875 0.11484375 0.1375 0.13203125
0 0.109375 0.2015625 0.11796875 0.14453125
0 0.0765625 0.44140625 0.11484375 0.13828125
0 0.07734375 0.54921875 0.09375 0.12265625
0 0.1625 0.421875 0.09140625 0.121875
0 0.028125 0.73984375 0.05625 0.1046875
0 0.06953125 0.85390625 0.1390625 0.1359375
0 0.23046875 0.70390625 0.14453125 0.16796875
0 0.25078125 0.834375 0.153125 0.1375
0 0.3140625 0.93046875 0.125 0.1390625
0 0.45625 0.8984375 0.09453125 0.12578125
0 0.5453125 0.884375 0.1046875 0.13515625
0 0.67265625 0.8375 0.12890625 0.15546875
0 0.4375 0.69296875 0.08984375 0.10234375
0 0.496875 0.5453125 0.08125 0.1046875
0 0.5953125 0.53515625 0.09140625 0.1234375
0 0.59921875 0.10703125 0.10234375 0.1171875
0 0.4515625 0.034375 0.15390625 0.06875
0 0.35546875 0.1453125 0.07890625 0.07890625
0 0.684375 0.2703125 0.09609375 0.1171875
0 0.5125 0.37265625 0.11640625 0.15234375
0 0.265625 0.3140625 0.15 0.175
0 0.3796875 0.34765625 0.12734375 0.14296875
0 0.3828125 0.4484375 0.14609375 0.11875
0 0.27890625 0.42421875 0.08515625 0.09609375
0 0.2484375 0.528125 0.10703125 0.1171875
0 0.3359375 0.5375 0.078125 0.09609375
0 0.76171875 0.10546875 0.18046875 0.18359375
0 0.83359375 0.72265625 0.16328125 0.1546875
0 0.73125 0.6328125 0.07109375 0.125
0 0.69140625 0.675 0.08671875 0.07890625
0 0.965625 0.38125 0.06875 0.09375
0 0.95703125 0.08359375 0.0859375 0.0859375
0 0.80703125 0.28359375 0.1015625 0.16015625
0 0.8953125 0.2625 0.0953125 0.14140625
0 0.96875 0.2296875 0.0625 0.14453125
0 0.8515625 0.146875 0.06015625 0.084375
0 0.71484375 0.43125 0.19765625 0.2109375
0 0.6359375 0.36328125 0.096875 0.146875
0 0.8890625 0.45234375 0.14765625 0.12109375
0 0.95 0.65703125 0.09921875 0.19296875
0 0.834375 0.56328125 0.1859375 0.1796875
0 0.446875 0.79921875 0.07265625 0.06015625
0 0.1828125 0.06015625 0.14296875 0.1203125
0 0.20859375 0.20234375 0.11953125 0.1828125