0 0.41015625 0.578125 0.05625 0.0859375
0 0.54609375 0.4765625 0.0671875 0.10859375
0 0.40546875 0.4375 0.06015625 0.125
0 0.75625 0.60625 0.04453125 0.05546875
0 0.72109375 0.6578125 0.046875 0.08046875
0 0.67265625 0.65625 0.053125 0.08203125
0 0.31171875 0.609375 0.06328125 0.10078125
0 0.1546875 0.34296875 0.0484375 0.08046875
0 0.39765625 0.3328125 0.05859375 0.09296875
0 0.74296875 0.24296875 0.053125 0.0640625
0 0.4984375 0.2515625 0.04921875 0.06953125
0 0.66953125 0.45546875 0.04765625 0.06328125
0 0.59453125 0.509375 0.04921875 0.07421875
0 0.5375 0.55546875 0.084375 0.071875
0 0.46953125 0.56484375 0.05703125 0.1140625
0 0.4609375 0.35234375 0.06484375 0.1484375
0 0.33359375 0.2828125 0.05859375 0.084375
0 0.27734375 0.28515625 0.06328125 0.096875
0 0.91171875 0.6203125 0.0390625 0.0375
0 0.92578125 0.5890625 0.05703125 0.05546875
0 0.8734375 0.771875 0.04375 0.0671875
0 0.83828125 0.73125 0.05 0.0625
0 0.71640625 0.76015625 0.04453125 0.0765625
0 0.64921875 0.82109375 0.05078125 0.06015625
0 0.61015625 0.65546875 0.034375 0.05546875
0 0.55 0.65703125 0.09453125 0.08125
0 0.41875 0.659375 0.06875 0.07578125
0 0.35 0.690625 0.071875 0.09921875
0 0.40703125 0.72578125 0.05703125 0.0796875
0 0.35546875 0.821875 0.053125 0.0703125
0 0.2421875 0.784375 0.05703125 0.07421875
0 0.3 0.76015625 0.06796875 0.0765625
0 0.29296875 0.840625 0.07890625 0.09453125
0 0.14296875 0.75234375 0.04765625 0.0828125
0 0.1421875 0.66484375 0.071875 0.1140625
0 0.071875 0.68515625 0.06015625 0.0828125
0 0.2234375 0.25 0.0625 0.10546875
0 0.0625 0.29296875 0.0484375 0.08046875
0 0.11953125 0.2828125 0.0546875 0.0796875
0 0.1734375 0.26953125 0.05625 0.0828125
0 0.20390625 0.321875 0.0640625 0.07890625
0 0.23359375 0.4 0.05390625 0.07578125
0 0.29296875 0.36953125 0.07109375 0.07890625
0 0.346875 0.43515625 0.0640625 0.09765625
0 0.31484375 0.52109375 0.05 0.09296875
0 0.23359375 0.4859375 0.05859375 0.0734375
0 0.28671875 0.45234375 0.06796875 0.08984375
0 0.17890625 0.48671875 0.053125 0.07421875
0 0.16015625 0.4390625 0.05546875 0.08359375
0 0.075 0.52890625 0.06328125 0.07421875
0 0.059375 0.37265625 0.040625 0.0578125
0 0.103125 0.3734375 0.05 0.0796875
0 0.1265625 0.490625 0.05 0.05234375
0 0.11640625 0.4421875 0.0625 0.0796875
0 0.0609375 0.46640625 0.06328125 0.0765625
0 0.75390625 0.55234375 0.0484375 0.053125
0 0.70390625 0.39765625 0.053125 0.0671875
0 0.671875 0.290625 0.034375 0.0515625
0 0.671875 0.3390625 0.0609375 0.06015625
0 0.54375 0.3 0.03359375 0.05234375
0 0.54921875 0.34375 0.034375 0.046875
0 0.60078125 0.3546875 0.04453125 0.046875
0 0.5859375 0.4078125 0.03125 0.0703125
0 0.55859375 0.38515625 0.0484375 0.06484375
0 0.38359375 0.19921875 0.06796875 0.109375
0 0.40390625 0.25859375 0.07890625 0.08046875
0 0.315625 0.15078125 0.07265625 0.09453125
0 0.54296875 0.171875 0.04921875 0.0828125
0 0.640625 0.2421875 0.046875 0.05625
0 0.82734375 0.58359375 0.04921875 0.0703125
0 0.79921875 0.6640625 0.03828125 0.05546875
0 0.7671875 0.65703125 0.046875 0.05703125
0 0.6765625 0.5828125 0.040625 0.08828125
0 0.7140625 0.578125 0.05 0.0890625
0 0.67421875 0.515625 0.0484375 0.05625
0 0.71171875 0.5015625 0.0546875 0.059375
0 0.21953125 0.7296875 0.11796875 0.10703125
0 0.11328125 0.759375 0.02890625 0.05859375
0 0.08359375 0.7765625 0.0421875 0.071875
0 0.2453125 0.62890625 0.05859375 0.0953125
0 0.19453125 0.57421875 0.05859375 0.09765625
0 0.1328125 0.56640625 0.0765625 0.11015625
0 0.25546875 0.54765625 0.06953125 0.078125
0 0.40390625 0.80625 0.06328125 0.09375
0 0.8796875 0.503125 0.04921875 0.09609375
0 0.01796875 0.24453125 0.0359375 0.09375
0 0.01640625 0.1328125 0.03203125 0.12265625
0 0.096875 0.13046875 0.06015625 0.07578125
0 0.13984375 0.11328125 0.0546875 0.0765625
0 0.1890625 0.10625 0.065625 0.090625
0 0.253125 0.11796875 0.0625 0.13828125
0 0.30546875 0.078125 0.06015625 0.07734375
0 0.1375 0.2171875 0.04765625 0.06875
0 0.07890625 0.2203125 0.05703125 0.0796875
0 0.19140625 0.18359375 0.06015625 0.0796875
0 0.0171875 0.3828125 0.03359375 0.06953125
0 0.02265625 0.32265625 0.04453125 0.0828125
0 0.19453125 0.82734375 0.04140625 0.0578125
0 0.1421875 0.8375 0.065625 0.0953125
0 0.08125 0.915625 0.06796875 0.08671875
0 0.01953125 0.4671875 0.03828125 0.07890625
0 0.01875 0.60390625 0.0375 0.06015625
0 0.0265625 0.7953125 0.05234375 0.0765625
0 0.0890625 0.84375 0.05234375 0.0734375
0 0.05 0.8546875 0.03984375 0.06796875
0 0.30703125 0.97265625 0.05859375 0.0546875
0 0.26328125 0.98125 0.05703125 0.0375
0 0.24453125 0.93125 0.06640625 0.1140625
0 0.1953125 0.95078125 0.053125 0.09140625
0 0.1453125 0.9578125 0.07109375 0.084375
0 0.078125 0.97265625 0.05625 0.0546875
0 0.03515625 0.99140625 0.0484375 0.0171875
0 0.4171875 0.9484375 0.059375 0.0953125
0 0.35859375 0.8984375 0.05 0.0875
0 0.31484375 0.91796875 0.06328125 0.07421875
0 0.46953125 0.9875 0.05390625 0.02421875
0 0.64453125 0.89765625 0.040625 0.05625
0 0.63984375 0.70546875 0.046875 0.08125
0 0.63125 0.58359375 0.0671875 0.13984375
0 0.67578125 0.7140625 0.0390625 0.0640625
0 0.51171875 0.8453125 0.04296875 0.0640625
0 0.69453125 0.05 0.034375 0.046875
0 0.69765625 0.096875 0.034375 0.05078125
0 0.41015625 0.03984375 0.059375 0.07890625
0 0.37734375 0.10703125 0.0703125 0.0890625
0 0.35 0.0390625 0.06328125 0.078125
0 0.29453125 0.01640625 0.0375 0.028125
0 0.471875 0.46953125 0.07109375 0.0890625
0 0.640625 0.415625 0.0828125 0.078125
0 0.60625 0.30390625 0.09765625 0.0640625
0 0.77578125 0.28359375 0.03515625 0.05390625
0 0.83359375 0.328125 0.0421875 0.0421875
0 0.778125 0.38671875 0.0546875 0.075
0 0.74375 0.321875 0.06328125 0.0828125
0 0.734375 0.1 0.04296875 0.059375
0 0.73046875 0.05234375 0.040625 0.05390625
0 0.77421875 0.0703125 0.0515625 0.07265625
0 0.98515625 0.865625 0.0296875 0.06171875
0 0.94296875 0.6703125 0.0375 0.05234375
0 0.94453125 0.7296875 0.04375 0.0640625
0 0.76171875 0.915625 0.0421875 0.07265625
0 0.63828125 0.99296875 0.0421875 0.0140625
0 0.52109375 0.92578125 0.04296875 0.09296875
0 0.4671875 0.92734375 0.04609375 0.06953125
0 0.41328125 0.87890625 0.0625 0.075
0 0.4546875 0.7984375 0.04375 0.0609375
0 0.49453125 0.78671875 0.07265625 0.06875
0 0.46328125 0.72578125 0.04921875 0.08359375
0 0.56015625 0.9796875 0.03515625 0.040625
0 0.60703125 0.96875 0.0546875 0.0625
0 0.5859375 0.91640625 0.04140625 0.065625
0 0.55625 0.90078125 0.04375 0.08203125
0 0.59609375 0.82421875 0.07421875 0.06484375
0 0.6015625 0.7671875 0.04296875 0.0578125
0 0.56328125 0.76953125 0.04375 0.0578125
0 0.5546875 0.71640625 0.04921875 0.071875
0 0.6 0.7171875 0.04765625 0.053125
0 0.66953125 0.76640625 0.04140625 0.05390625
0 0.68671875 0.86015625 0.05234375 0.06640625
0 0.64921875 0.859375 0.0375 0.0453125
0 0.725 0.9171875 0.040625 0.05546875
0 0.79375 0.71875 0.0265625 0.03828125
0 0.7453125 0.72734375 0.0625 0.07578125
0 0.7875 0.78359375 0.0359375 0.04375
0 0.83828125 0.66171875 0.046875 0.0734375
0 0.62734375 0.08984375 0.0375 0.05390625
0 0.66484375 0.09296875 0.046875 0.05
0 0.58515625 0.05 0.0515625 0.0609375
0 0.5421875 0.05078125 0.04921875 0.071875
0 0.5453125 0.1078125 0.046875 0.065625
0 0.66171875 0.140625 0.040625 0.06953125
0 0.7078125 0.17578125 0.04609375 0.06640625
0 0.67109375 0.196875 0.05234375 0.0609375
0 0.70625 0.24296875 0.0375 0.0578125
0 0.67734375 0.24296875 0.04453125 0.05625
0 0.6296875 0.1421875 0.0359375 0.05546875
0 0.59296875 0.1625 0.05390625 0.090625
0 0.596875 0.09921875 0.04375 0.05625
0 0.59453125 0.24140625 0.04609375 0.07265625
0 0.5484375 0.24140625 0.0453125 0.065625
0 0.471875 0.02734375 0.0625 0.0546875
0 0.4921875 0.08203125 0.03125 0.04296875
0 0.4625 0.0765625 0.028125 0.0359375
0 0.46015625 0.13359375 0.0328125 0.03984375
0 0.45234375 0.17109375 0.053125 0.05859375
0 0.496875 0.16875 0.04140625 0.0484375
0 0.50234375 0.1234375 0.046875 0.06015625
0 0.42734375 0.12421875 0.03828125 0.05390625
0 0.4515625 0.24140625 0.0375 0.07265625
0 0.8875 0.19375 0.04609375 0.05703125
0 0.89453125 0.1453125 0.0453125 0.06953125
0 0.946875 0.1375 0.040625 0.03828125
0 0.98515625 0.16953125 0.0296875 0.0453125
0 0.85390625 0.03671875 0.0796875 0.0640625
0 0.78046875 0.0234375 0.05 0.046875
0 0.86640625 0.10703125 0.05703125 0.05234375
0 0.8984375 0.45546875 0.0453125 0.06484375
0 0.88671875 0.35859375 0.025 0.03125
0 0.87578125 0.3359375 0.02890625 0.0375
0 0.92734375 0.38203125 0.03359375 0.046875
0 0.95703125 0.375 0.05234375 0.0484375
0 0.9890625 0.38828125 0.021875 0.0421875
0 0.9265625 0.2375 0.05390625 0.08828125
0 0.984375 0.22265625 0.03125 0.06953125
0 0.93984375 0.08671875 0.05078125 0.06484375
0 0.90234375 0.06484375 0.0453125 0.07109375
0 0.9359375 0.0359375 0.075 0.071875
0 0.78828125 0.44453125 0.0484375 0.04375
0 0.78984375 0.503125 0.053125 0.06953125
0 0.83671875 0.45625 0.0609375 0.06171875
0 0.81171875 0.28203125 0.04453125 0.0515625
0 0.79375 0.13984375 0.04296875 0.06328125
0 0.74765625 0.15 0.053125 0.06328125
0 0.82734375 0.10703125 0.04609375 0.06015625
0 0.84765625 0.1640625 0.0671875 0.075