0 0.2578125 0.09453125 0.10703125 0.153125
0 0.3265625 0.14453125 0.078125 0.1015625
0 0.2828125 0.203125 0.07109375 0.08125
0 0.3875 0.18828125 0.084375 0.09375
0 0.44140625 0.225 0.06640625 0.084375
0 0.48671875 0.2625 0.053125 0.08125
0 0.54609375 0.3140625 0.06640625 0.09765625
0 0.603125 0.3484375 0.06015625 0.084375
0 0.68671875 0.328125 0.08359375 0.10859375
0 0.75234375 0.55 0.075 0.10703125
0 0.7796875 0.66875 0.0890625 0.1046875
0 0.85625 0.76953125 0.0875 0.140625
0 0.8046875 0.8640625 0.0828125 0.09609375
0 0.740625 0.8234375 0.06640625 0.071875
0 0.6234375 0.9421875 0.09375 0.115625
0 0.69453125 0.9640625 0.08671875 0.071875
0 0.49609375 0.9328125 0.11015625 0.13359375
0 0.428125 0.88984375 0.05078125 0.08125
0 0.3765625 0.83828125 0.065625 0.07265625
0 0.4 0.76328125 0.06328125 0.07109375
0 0.34453125 0.71328125 0.05390625 0.08203125
0 0.3078125 0.58671875 0.05 0.0640625
0 0.19375 0.74765625 0.0875 0.17109375
0 0.04765625 0.1 0.0671875 0.10625
0 0.43125 0.03046875 0.07890625 0.0609375
0 0.4671875 0.0875 0.0875 0.1109375
0 0.63984375 0.484375 0.059375 0.08359375
0 0.52265625 0.39921875 0.06875 0.06953125
0 0.57578125 0.43203125 0.07109375 0.0859375
0 0.46015625 0.3453125 0.065625 0.08125
0 0.32890625 0.325 0.06484375 0.07421875
0 0.37734375 0.36640625 0.08203125 0.10390625
0 0.35390625 0.4515625 0.065625 0.07578125
0 0.33359375 0.51875 0.0640625 0.07734375
0 0.38515625 0.56796875 0.07890625 0.09375
0 0.44453125 0.60546875 0.059375 0.06875
0 0.47265625 0.53671875 0.059375 0.09375
0 0.4109375 0.49609375 0.0578125 0.065625
0 0.4359375 0.43203125 0.07421875 0.10625
0 0.490625 0.46796875 0.06796875 0.08671875
0 0.55078125 0.51484375 0.0734375 0.10234375
0 0.52734375 0.5875 0.078125 0.07890625
0 0.50625 0.65625 0.07109375 0.09296875
0 0.43125 0.70390625 0.075 0.09296875
0 0.48203125 0.73515625 0.06484375 0.0765625
0 0.58515625 0.646875 0.06875 0.0984375
0 0.5984375 0.5625 0.0703125 0.09140625
0 0.665625 0.59140625 0.06640625 0.090625
0 0.640625 0.66796875 0.06875 0.08671875
0 0.62109375 0.7578125 0.0640625 0.08828125
0 0.696875 0.70625 0.065625 0.07578125
0 0.8328125 0.590625 0.04453125 0.05625
0 0.31171875 0.89453125 0.05859375 0.06875