0 0.26953125 0.1953125 0.13125 0.11171875
0 0.4 0.27578125 0.07578125 0.090625
0 0.4859375 0.25234375 0.140625 0.134375
0 0.590625 0.2453125 0.0828125 0.07265625
0 0.06328125 0.26875 0.09921875 0.11953125
0 0.17109375 0.31171875 0.22265625 0.1703125
0 0.29765625 0.37265625 0.06875 0.0953125
0 0.38125 0.36796875 0.0796875 0.11328125
0 0.48515625 0.40078125 0.1125 0.13046875
0 0.65390625 0.36640625 0.20546875 0.13828125
0 0.07890625 0.4796875 0.1171875 0.13046875
0 0.1703125 0.5328125 0.10703125 0.10703125
0 0.234375 0.65078125 0.0921875 0.08125
0 0.07578125 0.615625 0.1296875 0.1265625
0 0.3328125 0.54609375 0.16796875 0.24921875
0 0.46640625 0.54375 0.16171875 0.15
0 0.596875 0.60859375 0.1390625 0.13671875
0 0.50234375 0.6828125 0.090625 0.08359375
0 0.5984375 0.80078125 0.09765625 0.103125
0 0.7890625 0.73828125 0.1375 0.13125
0 0.8109375 0.840625 0.09609375 0.12734375
0 0.6921875 0.6828125 0.08515625 0.11171875
0 0.978125 0.6421875 0.04375 0.1125
0 0.9671875 0.5265625 0.06484375 0.15625
0 0.8703125 0.6671875 0.11953125 0.12421875
0 0.85390625 0.36015625 0.134375 0.12578125
0 0.925 0.9421875 0.09375 0.115625
0 0.25390625 0.903125 0.05078125 0.05390625
0 0.69921875 0.90234375 0.06171875 0.084375
0 0.1515625 0.7328125 0.05390625 0.07265625
0 0.725 0.53984375 0.125 0.1421875