0 0.41640625 0.11875 0.0765625 0.096875
0 0.390625 0.2984375 0.0765625 0.09609375
0 0.33984375 0.428125 0.09453125 0.14765625
0 0.1515625 0.46875 0.065625 0.11171875
0 0.30625 0.675 0.08828125 0.10546875
0 0.4875 0.7421875 0.0546875 0.07890625
0 0.58671875 0.7640625 0.1078125 0.12265625
0 0.6953125 0.5 0.07265625 0.10703125
0 0.74453125 0.403125 0.0390625 0.0703125
0 0.55703125 0.465625 0.078125 0.0796875
0 0.521875 0.553125 0.0859375 0.0640625
0 0.3359375 0.92578125 0.06171875 0.07890625
0 0.4328125 0.84765625 0.053125 0.06171875
0 0.41171875 0.7703125 0.0421875 0.05234375
0 0.178125 0.834375 0.0921875 0.09140625
0 0.26171875 0.89375 0.0984375 0.11640625
0 0.325 0.7953125 0.0484375 0.0828125
0 0.08125 0.83359375 0.05 0.059375
0 0.0796875 0.28671875 0.07890625 0.10703125
0 0.94375 0.8546875 0.0484375 0.07578125
0 0.98125 0.89296875 0.0375 0.08828125
0 0.97109375 0.990625 0.0546875 0.01875
0 0.9921875 0.96875 0.015625 0.0625
0 0.83359375 0.984375 0.0296875 0.03125
0 0.825 0.8953125 0.05546875 0.06796875
0 0.94921875 0.953125 0.0421875 0.05390625