0 0.14921875 0.64609375 0.134375 0.1328125
0 0.3546875 0.6359375 0.10703125 0.1171875
0 0.55625 0.6609375 0.1375 0.1515625
0 0.51640625 0.7546875 0.06640625 0.078125
0 0.365625 0.8953125 0.14765625 0.196875
0 0.565625 0.9203125 0.1296875 0.14453125
0 0.07421875 0.86484375 0.1484375 0.2703125
0 0.17265625 0.875 0.1078125 0.19609375
0 0.1140625 0.37265625 0.13359375 0.14453125
0 0.04375 0.24921875 0.0875 0.16640625
0 0.1390625 0.08359375 0.121875 0.1671875
0 0.06328125 0.02265625 0.0859375 0.0453125
0 0.3171875 0.1078125 0.1109375 0.140625
0 0.51953125 0.13515625 0.1265625 0.16328125
0 0.7203125 0.13671875 0.1359375 0.1734375
0 0.52890625 0.390625 0.07890625 0.08984375
0 0.45546875 0.52265625 0.059375 0.0671875
0 0.33671875 0.371875 0.11484375 0.1109375
0 0.67578125 0.80234375 0.0453125 0.075
0 0.77890625 0.9484375 0.06875 0.090625
0 0.96171875 0.953125 0.0765625 0.09375
0 0.77734375 0.70546875 0.09375 0.1703125
0 0.946875 0.1484375 0.08125 0.11171875
0 0.92421875 0.0390625 0.06796875 0.078125