0 0.9296875 0.11484375 0.140625 0.1328125
0 0.8875 0.2 0.11796875 0.14453125
0 0.9203125 0.43984375 0.11484375 0.13828125
0 0.91875 0.5484375 0.09375 0.12265625
0 0.834375 0.4203125 0.09140625 0.121875
0 0.96953125 0.73984375 0.06015625 0.10625
0 0.928125 0.853125 0.14296875 0.13515625
0 0.76640625 0.703125 0.14453125 0.16796875
0 0.7453125 0.8328125 0.153125 0.1375
0 0.68203125 0.9296875 0.125 0.13984375
0 0.53984375 0.896875 0.09453125 0.12578125
0 0.45078125 0.88359375 0.1046875 0.13515625
0 0.3234375 0.8359375 0.12890625 0.15546875
0 0.55859375 0.6921875 0.08984375 0.10234375
0 0.49921875 0.54375 0.08125 0.1046875
0 0.4015625 0.53359375 0.09140625 0.1234375
0 0.39765625 0.10546875 0.10234375 0.1171875
0 0.54453125 0.03359375 0.15390625 0.0671875
0 0.64140625 0.14453125 0.07890625 0.07890625
0 0.31171875 0.26953125 0.09609375 0.1171875
0 0.48359375 0.37109375 0.11640625 0.15234375
0 0.73125 0.31328125 0.15 0.175
0 0.6171875 0.346875 0.12734375 0.14296875
0 0.61328125 0.446875 0.14609375 0.11875
0 0.71796875 0.42265625 0.08515625 0.09609375
0 0.7484375 0.52734375 0.10703125 0.1171875
0 0.6609375 0.53671875 0.078125 0.09609375
0 0.234375 0.10390625 0.18046875 0.18359375
0 0.16328125 0.72109375 0.16328125 0.1546875
0 0.26484375 0.63203125 0.07109375 0.125
0 0.3046875 0.6734375 0.08671875 0.07890625
0 0.0328125 0.38046875 0.06484375 0.09375
0 0.040625 0.0828125 0.08125 0.0859375
0 0.1890625 0.28203125 0.1015625 0.16015625
0 0.10078125 0.26171875 0.0953125 0.14140625
0 0.0296875 0.228125 0.059375 0.14453125
0 0.1453125 0.1453125 0.06015625 0.084375
0 0.28203125 0.43046875 0.19765625 0.2109375
0 0.36015625 0.36171875 0.096875 0.146875
0 0.10703125 0.4515625 0.14765625 0.12109375
0 0.0484375 0.65546875 0.096875 0.1921875
0 0.16171875 0.56171875 0.1859375 0.1796875
0 0.54921875 0.79765625 0.07265625 0.06015625
0 0.8140625 0.059375 0.14296875 0.11875
0 0.7875 0.20078125 0.11953125 0.1828125