0 0.4765625 0.484375 0.15234375 0.10546875
0 0.42265625 0.5984375 0.15390625 0.1296875
0 0.5171875 0.578125 0.05234375 0.06796875
0 0.1875 0.66953125 0.075 0.0953125
0 0.28046875 0.52578125 0.06328125 0.09921875
0 0.340625 0.55703125 0.08515625 0.1171875
0 0.19375 0.5234375 0.1046875 0.1015625
0 0.2546875 0.38828125 0.12265625 0.12890625
0 0.06796875 0.54921875 0.12109375 0.08984375
0 0.0125 0.59921875 0.025 0.0703125
0 0.01015625 0.403125 0.0203125 0.078125
0 0.0953125 0.4546875 0.190625 0.17109375
0 0.29296875 0.2765625 0.10546875 0.11953125
0 0.153125 0.17734375 0.065625 0.08046875
0 0.134375 0.06171875 0.146875 0.1234375
0 0.40546875 0.04375 0.090625 0.0875
0 0.3140625 0.13203125 0.0859375 0.10390625
0 0.4375 0.1640625 0.08125 0.1015625
0 0.40859375 0.21484375 0.0546875 0.059375
0 0.53671875 0.15546875 0.06796875 0.06484375
0 0.4859375 0.07265625 0.05859375 0.06171875
0 0.5515625 0.103125 0.04765625 0.0765625
0 0.5765625 0.209375 0.06171875 0.10390625
0 0.534375 0.303125 0.06953125 0.090625
0 0.6390625 0.35234375 0.053125 0.05625
0 0.66953125 0.48828125 0.053125 0.06640625
0 0.9453125 0.1640625 0.06171875 0.06796875
0 0.94765625 0.065625 0.075 0.109375
0 0.975 0.025 0.04921875 0.05