0 0.503125 0.1140625 0.1546875 0.1296875
0 0.35859375 0.17890625 0.08125 0.1046875
0 0.29921875 0.2234375 0.08125 0.1
0 0.2515625 0.12890625 0.06875 0.08203125
0 0.23125 0.2703125 0.08203125 0.0984375
0 0.76953125 0.05859375 0.09140625 0.0953125
0 0.92265625 0.0578125 0.140625 0.11484375
0 0.9140625 0.14140625 0.171875 0.1359375
0 0.903125 0.28046875 0.10390625 0.10625
0 0.859375 0.21640625 0.11640625 0.08671875
0 0.8875 0.3546875 0.07109375 0.078125
0 0.796875 0.41171875 0.18671875 0.2265625
0 0.7453125 0.5578125 0.10546875 0.13203125
0 0.96640625 0.55 0.0671875 0.128125
0 0.95703125 0.68359375 0.06640625 0.090625
0 0.9078125 0.71953125 0.06875 0.065625
0 0.8703125 0.87890625 0.05078125 0.05234375
0 0.9515625 0.8609375 0.05234375 0.059375
0 0.809375 0.88046875 0.0515625 0.0484375
0 0.83046875 0.74453125 0.0484375 0.0546875
0 0.8046875 0.784375 0.059375 0.06484375
0 0.77734375 0.67421875 0.12109375 0.13359375
0 0.84921875 0.56796875 0.0953125 0.1109375
0 0.71171875 0.17421875 0.09140625 0.0875
0 0.65234375 0.12109375 0.134375 0.13515625
0 0.7390625 0.24140625 0.0859375 0.090625
0 0.6375 0.34140625 0.08984375 0.0828125
0 0.55234375 0.31875 0.0890625 0.07578125
0 0.64140625 0.24453125 0.0671875 0.0765625
0 0.428125 0.303125 0.06953125 0.07578125
0 0.3546875 0.2796875 0.096875 0.0859375
0 0.440625 0.24375 0.07421875 0.08359375
0 0.2828125 0.36796875 0.08046875 0.12265625
0 0.24609375 0.528125 0.08203125 0.1046875
0 0.18671875 0.56484375 0.07890625 0.08125
0 0.43203125 0.46796875 0.07578125 0.0921875
0 0.34375 0.45703125 0.07109375 0.07421875
0 0.47734375 0.440625 0.0609375 0.07265625
0 0.446875 0.38046875 0.06875 0.07578125
0 0.5078125 0.36953125 0.07421875 0.09140625
0 0.578125 0.4078125 0.1015625 0.10234375
0 0.61875 0.50234375 0.0609375 0.07578125
0 0.55546875 0.49453125 0.14375 0.16484375
0 0.53125 0.55546875 0.06796875 0.08984375
0 0.4796875 0.5640625 0.0546875 0.0671875
0 0.61484375 0.6453125 0.0734375 0.1109375
0 0.25703125 0.6765625 0.09453125 0.115625
0 0.18125 0.69765625 0.0859375 0.1109375
0 0.28671875 0.8484375 0.190625 0.15
0 0.4296875 0.92109375 0.121875 0.125
0 0.2609375 0.89609375 0.090625 0.103125
0 0.3875 0.78671875 0.0984375 0.08828125
0 0.4125 0.53359375 0.05625 0.06875
0 0.42265625 0.59140625 0.065625 0.06484375
0 0.29921875 0.0171875 0.0578125 0.034375
0 0.2234375 0.0296875 0.11484375 0.059375
0 0.7703125 0.84140625 0.0484375 0.0671875
0 0.690625 0.8328125 0.0671875 0.0640625
0 0.709375 0.87734375 0.0546875 0.04921875