0 0.5609375 0.43125 0.06953125 0.1171875
0 0.4375 0.4 0.05625 0.09375
0 0.49453125 0.34921875 0.075 0.07578125
0 0.53359375 0.3140625 0.0484375 0.0875
0 0.5859375 0.3328125 0.07890625 0.10078125
0 0.64140625 0.26328125 0.06875 0.06875
0 0.70390625 0.328125 0.06640625 0.10546875
0 0.75078125 0.34765625 0.0421875 0.071875
0 0.8234375 0.33984375 0.06328125 0.0546875
0 0.82109375 0.29375 0.0609375 0.0671875
0 0.8515625 0.24296875 0.05859375 0.075
0 0.80390625 0.21875 0.0578125 0.06640625
0 0.75234375 0.21015625 0.03203125 0.046875
0 0.74140625 0.409375 0.05546875 0.0515625
0 0.74921875 0.45390625 0.0515625 0.06953125
0 0.79453125 0.42734375 0.03828125 0.0546875
0 0.78203125 0.46015625 0.0328125 0.034375
0 0.76640625 0.5015625 0.0296875 0.04296875
0 0.79453125 0.49375 0.040625 0.04140625
0 0.7984375 0.55625 0.05625 0.05
0 0.61953125 0.4921875 0.07265625 0.084375
0 0.64296875 0.459375 0.034375 0.0421875
0 0.675 0.4015625 0.05078125 0.0703125
0 0.54765625 0.58984375 0.0796875 0.07734375
0 0.62265625 0.6078125 0.07734375 0.06171875
0 0.61171875 0.55859375 0.0515625 0.06328125
0 0.56640625 0.53203125 0.06171875 0.0625
0 0.5140625 0.50078125 0.05703125 0.078125
0 0.67421875 0.58515625 0.06171875 0.05
0 0.72109375 0.60390625 0.0703125 0.08046875
0 0.684375 0.46328125 0.021875 0.04140625
0 0.66796875 0.53203125 0.028125 0.04375
0 0.63515625 0.3921875 0.03671875 0.0375
0 0.38203125 0.47578125 0.053125 0.0734375
0 0.3765625 0.596875 0.03046875 0.05390625
0 0.34375 0.60703125 0.0625 0.06875
0 0.39453125 0.54296875 0.07578125 0.0828125
0 0.4546875 0.5921875 0.0984375 0.07109375
0 0.4359375 0.6671875 0.05234375 0.0703125
0 0.48125 0.6125 0.03828125 0.05703125
0 0.44453125 0.50390625 0.0546875 0.0546875
0 0.3328125 0.3546875 0.0234375 0.034375
0 0.390625 0.3109375 0.04453125 0.05390625
0 0.4125 0.3265625 0.02734375 0.0390625
0 0.29296875 0.41484375 0.0515625 0.0625
0 0.1453125 0.39296875 0.0609375 0.071875
0 0.234375 0.4171875 0.08984375 0.12734375
0 0.16328125 0.44140625 0.053125 0.04921875
0 0.103125 0.4375 0.0359375 0.040625
0 0.12421875 0.4609375 0.04296875 0.04296875
0 0.0703125 0.4796875 0.05546875 0.0484375
0 0.0984375 0.528125 0.05625 0.06953125
0 0.15078125 0.49765625 0.071875 0.053125
0 0.1796875 0.553125 0.06875 0.08359375
0 0.2875 0.5140625 0.128125 0.10625
0 0.27578125 0.6015625 0.08515625 0.08046875
0 0.23515625 0.625 0.05078125 0.06953125
0 0.1953125 0.6328125 0.040625 0.05078125
0 0.1640625 0.6125 0.05078125 0.06953125
0 0.12109375 0.59921875 0.04140625 0.0484375
0 0.1046875 0.640625 0.03203125 0.04921875
0 0.1234375 0.65 0.0328125 0.0484375
0 0.17265625 0.7359375 0.05859375 0.09453125
0 0.28125 0.6703125 0.06875 0.065625
0 0.3015625 0.72734375 0.059375 0.071875
0 0.25078125 0.80703125 0.071875 0.08515625
0 0.33515625 0.92734375 0.0609375 0.0765625
0 0.35 0.96328125 0.04296875 0.0515625
0 0.39609375 0.96484375 0.08046875 0.06953125
0 0.3765625 0.83046875 0.07421875 0.0796875
0 0.415625 0.80703125 0.0515625 0.09375
0 0.3859375 0.8734375 0.053125 0.08125
0 0.42578125 0.88828125 0.05 0.0890625
0 0.48203125 0.79296875 0.06953125 0.12109375
0 0.5515625 0.82734375 0.10234375 0.1046875
0 0.584375 0.765625 0.03984375 0.059375
0 0.55234375 0.7484375 0.04140625 0.059375
0 0.5375 0.6859375 0.0546875 0.0828125
0 0.61484375 0.68828125 0.1171875 0.1125
0 0.590625 0.63359375 0.06328125 0.06796875
0 0.665625 0.75859375 0.0703125 0.09375
0 0.71875 0.78125 0.0515625 0.06640625
0 0.740625 0.75 0.0546875 0.05390625
0 0.80234375 0.7203125 0.0921875 0.125
0 0.82421875 0.615625 0.046875 0.06015625
0 0.7734375 0.646875 0.06015625 0.05078125
0 0.7546875 0.81328125 0.06015625 0.06015625
0 0.7859375 0.83203125 0.0515625 0.071875
0 0.84375 0.92265625 0.08671875 0.09296875
0 0.66015625 0.89296875 0.0421875 0.0640625
0 0.68828125 0.93984375 0.06015625 0.06953125
0 0.74140625 0.9453125 0.05859375 0.0609375
0 0.634375 0.98046875 0.040625 0.0390625
0 0.66875 0.9765625 0.05234375 0.04609375
0 0.59765625 0.9046875 0.09375 0.0890625
0 0.5046875 0.9421875 0.08125 0.1125
0 0.44765625 0.97890625 0.0421875 0.0421875
0 0.290625 0.8796875 0.04453125 0.08046875
0 0.315625 0.8046875 0.0640625 0.0921875
0 0.8828125 0.53671875 0.09609375 0.09140625
0 0.8953125 0.61015625 0.09140625 0.0640625
0 0.915625 0.57109375 0.06484375 0.0515625
0 0.95625 0.55703125 0.03203125 0.03828125
0 0.978125 0.64609375 0.04375 0.0765625
0 0.9421875 0.66328125 0.0421875 0.06640625
0 0.9140625 0.6953125 0.03515625 0.0484375
0 0.98828125 0.57265625 0.02265625 0.05625
0 0.93984375 0.44296875 0.084375 0.07890625
0 0.95390625 0.4953125 0.0328125 0.053125
0 0.98203125 0.528125 0.02421875 0.034375
0 0.978125 0.3859375 0.04375 0.1
0 0.88125 0.37421875 0.06796875 0.06640625
0 0.8375 0.4125 0.06328125 0.07109375
0 0.928125 0.29296875 0.05703125 0.05546875
0 0.87265625 0.32265625 0.05390625 0.06484375
0 0.92734375 0.33671875 0.06796875 0.059375
0 0.8171875 0.15234375 0.0625 0.07265625
0 0.87578125 0.12734375 0.071875 0.0921875
0 0.56484375 0.12734375 0.0640625 0.1015625
0 0.6015625 0.109375 0.04296875 0.071875
0 0.63125 0.0859375 0.0515625 0.05859375
0 0.48046875 0.17578125 0.04765625 0.05390625
0 0.365625 0.171875 0.0390625 0.0640625
0 0.403125 0.15546875 0.05546875 0.06015625
0 0.2796875 0.1359375 0.03203125 0.03671875
0 0.28984375 0.1828125 0.02265625 0.03359375
0 0.33359375 0.09921875 0.0703125 0.0828125
0 0.13203125 0.2109375 0.0390625 0.0421875
0 0.16640625 0.18515625 0.03125 0.0515625
0 0.04296875 0.1828125 0.05859375 0.05625
0 0.0375 0.240625 0.04453125 0.0515625
0 0.07578125 0.246875 0.0453125 0.0515625
0 0.1015625 0.2671875 0.03828125 0.0484375
0 0.1921875 0.275 0.034375 0.034375
0 0.084375 0.33515625 0.02421875 0.03515625
0 0.03828125 0.328125 0.03984375 0.0421875
0 0.0328125 0.40390625 0.0328125 0.05078125
0 0.02890625 0.53828125 0.03203125 0.05625
0 0.04140625 0.5890625 0.04375 0.06640625
0 0.0390625 0.64453125 0.05390625 0.04453125
0 0.1203125 0.91328125 0.03046875 0.05703125
0 0.14765625 0.9671875 0.0453125 0.0453125
0 0.06015625 0.95859375 0.0234375 0.03046875
0 0.04140625 0.92109375 0.0234375 0.02578125
0 0.18203125 0.88984375 0.04296875 0.0375
0 0.14609375 0.8953125 0.0296875 0.03828125
0 0.09453125 0.97109375 0.025 0.0265625
0 0.0875 0.9875 0.059375 0.025
0 0.31328125 0.98203125 0.0328125 0.0359375