0 0.6234375 0.57734375 0.0578125 0.08828125
0 0.4828125 0.47265625 0.06875 0.11171875
0 0.628125 0.43203125 0.0625 0.12890625
0 0.2671875 0.60625 0.04609375 0.05703125
0 0.303125 0.659375 0.0484375 0.0828125
0 0.35234375 0.65703125 0.0546875 0.084375
0 0.72421875 0.609375 0.065625 0.10390625
0 0.8875 0.33515625 0.05 0.0828125
0 0.6359375 0.32421875 0.06015625 0.0953125
0 0.28046875 0.23203125 0.0546875 0.06640625
0 0.5328125 0.240625 0.05078125 0.071875
0 0.35625 0.45078125 0.04921875 0.065625
0 0.43359375 0.50625 0.05078125 0.0765625
0 0.4921875 0.55390625 0.0875 0.07421875
0 0.56171875 0.5640625 0.05859375 0.1171875
0 0.57109375 0.34453125 0.0671875 0.15234375
0 0.70234375 0.27265625 0.0609375 0.08671875
0 0.76015625 0.275 0.065625 0.1
0 0.10625 0.6203125 0.040625 0.0390625
0 0.0921875 0.5890625 0.05859375 0.05703125
0 0.14609375 0.7765625 0.04453125 0.06875
0 0.18203125 0.73515625 0.0515625 0.06484375
0 0.3078125 0.76484375 0.04609375 0.07890625
0 0.3765625 0.82734375 0.05234375 0.0625
0 0.4171875 0.65625 0.03515625 0.05703125
0 0.4796875 0.65859375 0.096875 0.08359375
0 0.61484375 0.6609375 0.0703125 0.078125
0 0.68515625 0.69375 0.07421875 0.10234375
0 0.6265625 0.72890625 0.059375 0.08203125
0 0.6796875 0.828125 0.05546875 0.07265625
0 0.796875 0.7890625 0.059375 0.0765625
0 0.73671875 0.76484375 0.06953125 0.07890625
0 0.74453125 0.84765625 0.08125 0.09765625
0 0.8984375 0.75625 0.04921875 0.08515625
0 0.9 0.66640625 0.0734375 0.1171875
0 0.9703125 0.68671875 0.059375 0.08671875
0 0.81640625 0.2390625 0.0640625 0.10859375
0 0.978125 0.28359375 0.04375 0.08359375
0 0.92265625 0.27265625 0.05625 0.08203125
0 0.8671875 0.259375 0.05859375 0.08515625
0 0.8359375 0.31328125 0.06640625 0.08125
0 0.80546875 0.39375 0.05546875 0.078125
0 0.74453125 0.3625 0.0734375 0.08125
0 0.68828125 0.4296875 0.06640625 0.10078125
0 0.72109375 0.51796875 0.05078125 0.09609375
0 0.80546875 0.48203125 0.0609375 0.075
0 0.75078125 0.446875 0.0703125 0.0921875
0 0.86171875 0.4828125 0.0546875 0.0765625
0 0.88125 0.43359375 0.05703125 0.0859375
0 0.96796875 0.5265625 0.0640625 0.0765625
0 0.98125 0.3640625 0.0375 0.05859375
0 0.93984375 0.36640625 0.0515625 0.08203125
0 0.915625 0.48671875 0.0515625 0.05390625
0 0.92578125 0.43671875 0.06484375 0.08203125
0 0.975 0.4609375 0.05 0.078125
0 0.26875 0.55 0.05 0.0546875
0 0.32109375 0.390625 0.0546875 0.06953125
0 0.35390625 0.28125 0.03515625 0.053125
0 0.353125 0.33125 0.0625 0.0625
0 0.4859375 0.290625 0.034375 0.05390625
0 0.48046875 0.3359375 0.03515625 0.0484375
0 0.42734375 0.346875 0.0453125 0.0484375
0 0.4421875 0.4015625 0.0328125 0.07265625
0 0.4703125 0.378125 0.05 0.06640625
0 0.65078125 0.18671875 0.0703125 0.1125
0 0.6296875 0.24765625 0.08125 0.0828125
0 0.7203125 0.13671875 0.075 0.096875
0 0.48671875 0.15859375 0.05078125 0.0859375
0 0.3859375 0.23125 0.0484375 0.0578125
0 0.19296875 0.5828125 0.05078125 0.071875
0 0.221875 0.665625 0.0390625 0.05703125
0 0.25546875 0.65859375 0.0484375 0.05859375
0 0.34921875 0.58203125 0.04140625 0.090625
0 0.31015625 0.57734375 0.0515625 0.09140625
0 0.35078125 0.51328125 0.05 0.0578125
0 0.3125 0.4984375 0.05625 0.06171875
0 0.81953125 0.7328125 0.121875 0.1109375
0 0.92890625 0.7640625 0.0296875 0.06015625
0 0.96015625 0.78125 0.04375 0.0734375
0 0.79375 0.6296875 0.0609375 0.0984375
0 0.84609375 0.57265625 0.06015625 0.10078125
0 0.909375 0.565625 0.07890625 0.1140625
0 0.7828125 0.54609375 0.071875 0.08046875
0 0.6296875 0.81171875 0.065625 0.09609375
0 0.13984375 0.5 0.05078125 0.0984375
0 0.94609375 0.11640625 0.06171875 0.07734375
0 0.90234375 0.09765625 0.05625 0.07890625
0 0.8515625 0.090625 0.06796875 0.09296875
0 0.78515625 0.103125 0.0640625 0.14296875
0 0.73125 0.06171875 0.0625 0.0796875
0 0.9046875 0.2046875 0.04921875 0.07109375
0 0.965625 0.20859375 0.059375 0.08203125
0 0.84921875 0.17109375 0.06171875 0.08203125
0 0.84609375 0.83359375 0.04296875 0.059375
0 0.89921875 0.84453125 0.06796875 0.0984375
0 0.9625 0.92421875 0.0703125 0.08984375
0 0.95390625 0.85078125 0.05390625 0.075
0 0.9859375 0.86171875 0.028125 0.0703125
0 0.7296875 0.97734375 0.06015625 0.0453125
0 0.775 0.98671875 0.059375 0.0265625
0 0.79453125 0.940625 0.06875 0.11796875
0 0.84375 0.95625 0.053125 0.0875
0 0.896875 0.9625 0.0734375 0.075
0 0.965625 0.97734375 0.0578125 0.0453125
0 0.615625 0.95390625 0.06171875 0.09140625
0 0.6765625 0.90703125 0.0515625 0.08984375
0 0.72109375 0.9265625 0.06484375 0.0765625
0 0.38125 0.90625 0.04140625 0.0578125
0 0.38671875 0.7078125 0.0484375 0.08359375
0 0.3953125 0.5828125 0.06953125 0.14375
0 0.35 0.7171875 0.03984375 0.065625
0 0.51875 0.85234375 0.04453125 0.06640625
0 0.33046875 0.0328125 0.03515625 0.0484375
0 0.32734375 0.08125 0.03515625 0.05234375
0 0.621875 0.03046875 0.059375 0.0609375
0 0.6578125 0.0921875 0.07265625 0.09140625
0 0.68515625 0.03046875 0.0640625 0.0609375
0 0.74140625 0.00703125 0.03828125 0.01328125
0 0.56015625 0.465625 0.0734375 0.09140625
0 0.3859375 0.41015625 0.08515625 0.08046875
0 0.42109375 0.29453125 0.10078125 0.065625
0 0.24609375 0.27421875 0.03671875 0.05546875
0 0.1875 0.31953125 0.04375 0.04375
0 0.24375 0.3796875 0.05625 0.07734375
0 0.27890625 0.31328125 0.06484375 0.08515625
0 0.28984375 0.084375 0.04453125 0.0609375
0 0.29375 0.03515625 0.0421875 0.05546875
0 0.2484375 0.05390625 0.053125 0.075
0 0.028125 0.87421875 0.03671875 0.06171875
0 0.07421875 0.671875 0.0390625 0.05390625
0 0.07265625 0.73359375 0.0453125 0.065625
0 0.2609375 0.925 0.04375 0.07421875
0 0.50859375 0.93515625 0.04453125 0.09609375
0 0.56484375 0.93671875 0.04765625 0.071875
0 0.6203125 0.88671875 0.0640625 0.07734375
0 0.57734375 0.8046875 0.04453125 0.0625
0 0.53671875 0.79140625 0.07421875 0.0703125
0 0.56875 0.7296875 0.05078125 0.08671875
0 0.46953125 0.98515625 0.0359375 0.0296875
0 0.421875 0.97421875 0.05625 0.0515625
0 0.4421875 0.92578125 0.0421875 0.0671875
0 0.47265625 0.91015625 0.0453125 0.084375
0 0.43125 0.83046875 0.0765625 0.06640625
0 0.42578125 0.771875 0.04453125 0.059375
0 0.465625 0.77421875 0.04453125 0.059375
0 0.47421875 0.71953125 0.05 0.0734375
0 0.42734375 0.7203125 0.04921875 0.0546875
0 0.35625 0.77109375 0.0421875 0.05546875
0 0.33828125 0.8671875 0.05390625 0.06875
0 0.37734375 0.86640625 0.03828125 0.046875
0 0.2984375 0.92578125 0.0421875 0.05703125
0 0.228125 0.721875 0.02734375 0.03984375
0 0.278125 0.73125 0.0640625 0.078125
0 0.234375 0.7890625 0.0375 0.0453125
0 0.18203125 0.66328125 0.0484375 0.07578125
0 0.4 0.07421875 0.03828125 0.05625
0 0.3609375 0.07734375 0.0484375 0.0515625
0 0.44296875 0.03359375 0.053125 0.06328125
0 0.48671875 0.03515625 0.05 0.0703125
0 0.484375 0.0921875 0.0484375 0.06796875
0 0.3640625 0.1265625 0.0421875 0.071875
0 0.3171875 0.16328125 0.04765625 0.06875
0 0.3546875 0.184375 0.05390625 0.06328125
0 0.31796875 0.23125 0.03828125 0.059375
0 0.34765625 0.23203125 0.04609375 0.05859375
0 0.396875 0.128125 0.03671875 0.05703125
0 0.43515625 0.1484375 0.05546875 0.09375
0 0.43046875 0.084375 0.0453125 0.0578125
0 0.4328125 0.23046875 0.046875 0.07421875
0 0.48125 0.23046875 0.046875 0.06796875
0 0.55859375 0.01796875 0.0640625 0.0359375
0 0.5390625 0.06640625 0.03203125 0.04375
0 0.56953125 0.06015625 0.02890625 0.0375
0 0.571875 0.11875 0.03359375 0.04140625
0 0.58046875 0.1578125 0.0546875 0.06015625
0 0.53359375 0.15546875 0.04296875 0.05
0 0.52890625 0.10859375 0.04765625 0.0625
0 0.60625 0.11015625 0.03984375 0.05625
0 0.58046875 0.23046875 0.03828125 0.07421875
0 0.13125 0.18125 0.046875 0.05859375
0 0.12421875 0.13125 0.046875 0.071875
0 0.0703125 0.1234375 0.04140625 0.0390625
0 0.025 0.15703125 0.04453125 0.04609375
0 0.165625 0.02578125 0.08203125 0.0515625
0 0.24140625 0.01484375 0.0515625 0.0296875
0 0.153125 0.0921875 0.059375 0.05390625
0 0.1203125 0.45078125 0.046875 0.0671875
0 0.13203125 0.35078125 0.02578125 0.03203125
0 0.14375 0.328125 0.0296875 0.0390625
0 0.08984375 0.375 0.034375 0.0484375
0 0.059375 0.36796875 0.05390625 0.05
0 0.01953125 0.38203125 0.03828125 0.04296875
0 0.09140625 0.2265625 0.05546875 0.09140625
0 0.0234375 0.2109375 0.046875 0.071875
0 0.07734375 0.07109375 0.05234375 0.06640625
0 0.115625 0.0484375 0.046875 0.0734375
0 0.08125 0.02734375 0.07734375 0.0546875
0 0.23359375 0.43984375 0.04921875 0.04453125
0 0.23203125 0.5 0.0546875 0.071875
0 0.184375 0.4515625 0.06328125 0.0640625
0 0.209375 0.271875 0.04609375 0.053125
0 0.22734375 0.12578125 0.04375 0.065625
0 0.27578125 0.13671875 0.0546875 0.06484375
0 0.19296875 0.09140625 0.046875 0.06171875
0 0.17265625 0.15078125 0.06953125 0.07734375