0 0.6734375 0.37265625 0.14140625 0.12109375
0 0.765625 0.2984375 0.06328125 0.07109375
0 0.87265625 0.2796875 0.12421875 0.12421875
0 0.86875 0.38515625 0.1 0.11328125
0 0.8875 0.65546875 0.2046875 0.25390625
0 0.76484375 0.6765625 0.0578125 0.0546875
0 0.5421875 0.72109375 0.1875 0.19609375
0 0.4703125 0.57109375 0.06640625 0.0796875
0 0.9484375 0.953125 0.103125 0.09296875
0 0.9734375 0.8171875 0.053125 0.1296875
0 0.07578125 0.928125 0.025 0.025
0 0.12421875 0.96484375 0.03359375 0.03359375
0 0.03359375 0.9765625 0.03359375 0.03359375
0 0.18125 0.99453125 0.0375 0.0109375
0 0.16796875 0.91171875 0.0296875 0.0296875
0 0.225 0.953125 0.025 0.0296875
0 0.2734375 0.98828125 0.03828125 0.0234375
0 0.02578125 0.88984375 0.025 0.025
0 0.1125 0.87890625 0.025 0.0296875
0 0.9734375 0.0375 0.053125 0.07109375
0 0.91328125 0.178125 0.05 0.046875
0 0.97421875 0.22890625 0.03828125 0.03359375
0 0.6421875 0.840625 0.07109375 0.0828125
0 0.70234375 0.77890625 0.1 0.1296875
0 0.10625 0.40625 0.06328125 0.07109375
0 0.1671875 0.45859375 0.0578125 0.06640625
0 0.24296875 0.4140625 0.0546875 0.0546875
0 0.2953125 0.45625 0.05 0.0546875
0 0.2984375 0.7984375 0.17109375 0.1578125
0 0.1421875 0.6 0.075 0.0828125
0 0.48203125 0.23203125 0.06640625 0.07109375
0 0.4296875 0.315625 0.078125 0.103125
0 0.61796875 0.28125 0.11640625 0.1078125
0 0.03671875 0.0296875 0.0734375 0.059375