0 0.05859375 0.6796875 0.1171875 0.125
0 0.2546875 0.6140625 0.15625 0.125
0 0.1875 0.85625 0.15625 0.140625
0 0.07421875 0.9046875 0.0703125 0.075
0 0.36875 0.79921875 0.10625 0.0984375
0 0.28359375 0.80078125 0.0359375 0.0390625
0 0.12109375 0.4765625 0.0859375 0.078125
0 0.2546875 0.39140625 0.0625 0.0546875
0 0.22578125 0.4984375 0.0515625 0.059375
0 0.40234375 0.22578125 0.1640625 0.1140625
0 0.7859375 0.51640625 0.1875 0.1484375
0 0.66015625 0.62578125 0.0859375 0.0859375
0 0.96875 0.29296875 0.0625 0.1171875
0 0.47109375 0.70859375 0.0578125 0.046875
0 0.5453125 0.6921875 0.053125 0.05625
0 0.36015625 0.48828125 0.046875 0.0390625
0 0.41015625 0.55 0.0609375 0.053125
0 0.78046875 0.38515625 0.0453125 0.0421875
0 0.1453125 0.64296875 0.040625 0.0421875