0 0.684375 0.03125 0.04296875 0.046875
0 0.78203125 0.06796875 0.04296875 0.046875
0 0.90078125 0.01796875 0.05234375 0.0359375
0 0.9296875 0.07109375 0.046875 0.05234375
0 0.86953125 0.10546875 0.046875 0.046875
0 0.8078125 0.13515625 0.046875 0.0375
0 0.71875 0.09765625 0.05625 0.05625
0 0.6234375 0.07421875 0.05234375 0.046875
0 0.5265625 0.0359375 0.05234375 0.05625
0 0.46171875 0.071875 0.046875 0.04296875
0 0.496875 0.13984375 0.04296875 0.046875
0 0.43515625 0.16640625 0.06171875 0.05625
0 0.40078125 0.10078125 0.05625 0.05625
0 0.3640625 0.03828125 0.046875 0.04296875
0 0.33828125 0.13359375 0.04296875 0.046875
0 0.990625 0.04609375 0.01875 0.046875
0 0.9671875 0.13828125 0.046875 0.0375
0 0.90390625 0.16171875 0.04296875 0.046875
0 0.84375 0.20234375 0.04296875 0.03359375
0 0.77890625 0.23203125 0.05234375 0.05625
0 0.8921875 0.371875 0.215625 0.26796875
0 0.9890625 0.1921875 0.021875 0.034375
0 0.7546875 0.32578125 0.07109375 0.05625
0 0.6953125 0.353125 0.046875 0.04296875
0 0.67890625 0.20703125 0.04296875 0.04296875
0 0.61875 0.23203125 0.06171875 0.05625
0 0.59296875 0.32578125 0.046875 0.05625
0 0.63203125 0.39296875 0.06171875 0.05234375
0 0.721875 0.41484375 0.06171875 0.046875
0 0.66328125 0.4546875 0.05625 0.05234375
0 0.690625 0.51328125 0.05625 0.05625
0 0.7578125 0.4875 0.046875 0.04296875
0 0.6078125 0.48671875 0.046875 0.05234375
0 0.6328125 0.5484375 0.05234375 0.05234375
0 0.5703125 0.58125 0.046875 0.04296875
0 0.53828125 0.521875 0.04296875 0.04296875
0 0.50859375 0.4578125 0.046875 0.046875
0 0.57421875 0.425 0.046875 0.0375
0 0.5390625 0.3640625 0.05234375 0.046875
0 0.47109375 0.39296875 0.046875 0.05234375
0 0.4421875 0.33984375 0.05234375 0.046875
0 0.378125 0.36328125 0.05625 0.05625
0 0.40625 0.43046875 0.05625 0.05234375
0 0.34765625 0.45859375 0.06171875 0.05234375
0 0.43828125 0.48984375 0.05625 0.046875
0 0.38046875 0.5203125 0.05234375 0.05234375
0 0.41640625 0.58671875 0.06171875 0.06171875
0 0.4734375 0.55625 0.03359375 0.0375
0 0.35078125 0.6140625 0.06171875 0.07109375
0 0.51015625 0.6171875 0.04296875 0.046875
0 0.4484375 0.64296875 0.046875 0.04296875
0 0.534375 0.675 0.06171875 0.06171875
0 0.6046875 0.6453125 0.05234375 0.046875
0 0.48125 0.7078125 0.0375 0.05234375
0 0.84609375 0.51484375 0.05625 0.05234375
0 0.8078125 0.44921875 0.046875 0.05234375
0 0.790625 0.54296875 0.05625 0.05234375
0 0.93046875 0.5515625 0.0375 0.046875
0 0.88359375 0.58046875 0.075 0.05234375
0 0.81640625 0.60859375 0.05234375 0.05234375
0 0.7578125 0.63984375 0.046875 0.046875
0 0.69765625 0.6703125 0.06171875 0.05234375
0 0.6640625 0.6125 0.065625 0.05625
0 0.62890625 0.7078125 0.05234375 0.05234375
0 0.6609375 0.7671875 0.05234375 0.046875
0 0.7390625 0.7296875 0.046875 0.046875
0 0.85390625 0.66875 0.05234375 0.0375
0 0.784375 0.69921875 0.05625 0.06171875
0 0.5078125 0.76796875 0.05234375 0.05234375
0 0.60390625 0.8 0.06171875 0.05625
0 0.53828125 0.83671875 0.06171875 0.05625
0 0.40859375 0.7375 0.07109375 0.075
0 0.44765625 0.80546875 0.05625 0.05234375
0 0.35234375 0.77734375 0.05234375 0.05234375
0 0.3171875 0.709375 0.046875 0.05625
0 0.25390625 0.584375 0.06171875 0.05625
0 0.23515625 0.684375 0.04296875 0.04296875
0 0.34921875 0.30078125 0.065625 0.06171875
0 0.284375 0.33125 0.05625 0.05625
0 0.246875 0.271875 0.05625 0.05234375
0 0.30703125 0.23515625 0.05625 0.04296875
0 0.27734375 0.17109375 0.05234375 0.046875
0 0.2078125 0.19921875 0.07109375 0.065625
0 0.2390625 0.09765625 0.06171875 0.05625
0 0.11171875 0.16171875 0.065625 0.046875
0 0.05 0.196875 0.065625 0.05234375
0 0.08515625 0.26328125 0.08046875 0.06171875
0 0.028125 0.2984375 0.05625 0.06171875
0 0.12578125 0.33359375 0.05625 0.05234375
0 0.18515625 0.3 0.05625 0.05234375
0 0.05546875 0.3640625 0.028125 0.028125
0 0.15859375 0.39609375 0.046875 0.046875
0 0.08671875 0.428125 0.046875 0.04296875
0 0.24453125 0.434375 0.06171875 0.05625
0 0.28828125 0.4875 0.05625 0.06171875
0 0.2234375 0.521875 0.046875 0.04296875
0 0.18984375 0.45703125 0.046875 0.05625
0 0.17421875 0.5578125 0.07109375 0.05234375
0 0.12421875 0.4921875 0.028125 0.03359375
0 0.0609375 0.58671875 0.06171875 0.06171875
0 0.53671875 0.19921875 0.046875 0.046875
0 0.46171875 0.23671875 0.046875 0.046875
0 0.753125 0.16796875 0.05625 0.046875
0 0.97265625 0.6 0.046875 0.04296875
0 0.984375 0.65546875 0.03125 0.0609375
0 0.9390625 0.69921875 0.046875 0.04296875
0 0.87890625 0.734375 0.046875 0.05625
0 0.990625 0.82265625 0.01875 0.046875
0 0.975 0.7609375 0.05 0.046875
0 0.91328125 0.7921875 0.06171875 0.05234375
0 0.8484375 0.8296875 0.07109375 0.07109375
0 0.88125 0.89296875 0.06171875 0.05625
0 0.940625 0.86171875 0.06171875 0.05234375
0 0.76015625 0.8 0.07109375 0.05625
0 0.696875 0.83046875 0.05625 0.06171875
0 0.7890625 0.86015625 0.046875 0.046875
0 0.73125 0.89296875 0.06171875 0.05625
0 0.98125 0.92421875 0.0375 0.04296875
0 0.9203125 0.9671875 0.159375 0.065625
0 0.8265625 0.9140625 0.028125 0.03359375
0 0.7625 0.95390625 0.0375 0.046875
0 0.6984375 0.98125 0.05234375 0.0375
0 0.66640625 0.928125 0.05234375 0.04296875
0 0.5984375 0.95625 0.046875 0.06171875
0 0.6328125 0.86015625 0.05234375 0.046875
0 0.56484375 0.896875 0.065625 0.05625
0 0.47578125 0.8640625 0.05625 0.065625
0 0.509375 0.925 0.05625 0.0375
0 0.4484375 0.946875 0.046875 0.04296875
0 0.4109375 0.89609375 0.065625 0.06171875
0 0.38203125 0.8296875 0.05625 0.05234375
0 0.1046875 0.75546875 0.08984375 0.08046875
0 0.08515625 0.83125 0.04296875 0.0375
0 0.16796875 0.946875 0.065625 0.06171875