0 0.8796875 0.25703125 0.09609375 0.109375
0 0.94140625 0.465625 0.1171875 0.1203125
0 0.83046875 0.5734375 0.07265625 0.08828125
0 0.7015625 0.52109375 0.05625 0.0484375
0 0.84921875 0.05390625 0.0609375 0.053125
0 0.75390625 0.06328125 0.09609375 0.07265625
0 0.66171875 0.14921875 0.08828125 0.09296875
0 0.49921875 0.2015625 0.1015625 0.1015625
0 0.609375 0.3203125 0.0640625 0.0640625
0 0.6125 0.396875 0.0453125 0.0484375
0 0.534375 0.4546875 0.1171875 0.12578125
0 0.43515625 0.47109375 0.13359375 0.1734375
0 0.27265625 0.3203125 0.16875 0.1609375
0 0.34765625 0.4125 0.0453125 0.03984375
0 0.12265625 0.1859375 0.13671875 0.1171875
0 0.03125 0.1296875 0.0625 0.1015625
0 0.08359375 0.37890625 0.03203125 0.03671875
0 0.02734375 0.4265625 0.0546875 0.06875
0 0.08359375 0.446875 0.0484375 0.0453125
0 0.1671875 0.47109375 0.0640625 0.0609375
0 0.7828125 0.734375 0.1125 0.1125
0 0.6171875 0.71875 0.0484375 0.03203125
0 0.70078125 0.75078125 0.0453125 0.03203125
0 0.72734375 0.80859375 0.03671875 0.0453125
0 0.6734375 0.8359375 0.0484375 0.0453125
0 0.64453125 0.784375 0.0453125 0.0453125
0 0.5640625 0.7453125 0.0453125 0.03671875
0 0.571875 0.88671875 0.03671875 0.03984375
0 0.65546875 0.91875 0.03671875 0.03984375
0 0.75703125 0.86796875 0.0453125 0.0453125
0 0.8125 0.84453125 0.03671875 0.03671875
0 0.78203125 0.92109375 0.03984375 0.0453125
0 0.73046875 0.95078125 0.03984375 0.03984375
0 0.67734375 0.97578125 0.03984375 0.03203125
0 0.6015625 0.94375 0.0484375 0.0484375
0 0.51953125 0.9234375 0.0453125 0.03984375
0 0.5078125 0.7765625 0.0453125 0.0453125
0 0.4515625 0.80234375 0.0453125 0.0484375
0 0.40546875 0.8234375 0.0484375 0.0484375
0 0.4359375 0.890625 0.0453125 0.0484375
0 0.38046875 0.921875 0.03984375 0.03671875
0 0.4109375 0.9796875 0.03671875 0.03984375
0 0.3578125 0.9890625 0.053125 0.021875
0 0.328125 0.946875 0.0484375 0.0484375
0 0.296875 0.89296875 0.03984375 0.03671875
0 0.27421875 0.975 0.03671875 0.03984375
0 0.9015625 0.99140625 0.0375 0.0171875
0 0.86953125 0.94765625 0.0453125 0.03984375
0 0.85078125 0.89921875 0.0484375 0.03984375
0 0.8140625 0.97890625 0.03984375 0.03203125
0 0.76015625 0.9890625 0.0359375 0.021875
0 0.9734375 0.990625 0.053125 0.01875
0 0.221875 0.99375 0.0453125 0.0125
0 0.1890625 0.94375 0.053125 0.0484375
0 0.0796875 0.9890625 0.05625 0.021875
0 0.63046875 0.99140625 0.0484375 0.0171875