0 0.0453125 0.01875 0.090625 0.0375
0 0.21875 0.3875 0.11171875 0.115625
0 0.1 0.68515625 0.0796875 0.0796875
0 0.64375 0.44140625 0.13828125 0.12421875
0 0.7390625 0.3 0.08828125 0.07109375
0 0.96875 0.278125 0.06171875 0.1203125
0 0.76953125 0.3671875 0.07109375 0.0671875
0 0.92265625 0.5078125 0.1296875 0.1328125
0 0.696875 0.071875 0.08515625 0.09375
0 0.5546875 0.20390625 0.0671875 0.0671875
0 0.325 0.8984375 0.0765625 0.0796875
0 0.21171875 0.8984375 0.0796875 0.0796875
0 0.1296875 0.89921875 0.0671875 0.0671875
0 0.06015625 0.90625 0.03515625 0.053125
0 0.0171875 0.90546875 0.03359375 0.0765625
0 0.48203125 0.7125 0.08828125 0.08515625
0 0.4796875 0.96875 0.040625 0.04453125
0 0.028125 0.70390625 0.05625 0.1046875
0 0.8484375 0.3625 0.04453125 0.0515625