0 0.940625 0.015625 0.034375 0.03046875
0 0.69453125 0.00859375 0.03046875 0.0171875
0 0.80703125 0.08515625 0.034375 0.034375
0 0.2609375 0.00859375 0.034375 0.0171875
0 0.1640625 0.015625 0.034375 0.03046875
0 0.2109375 0.05390625 0.04296875 0.0390625
0 0.26875 0.090625 0.0390625 0.034375
0 0.3109375 0.040625 0.04765625 0.04765625
0 0.39921875 0.0328125 0.03046875 0.03046875
0 0.23125 0.24296875 0.04296875 0.04296875
0 0.1890625 0.28359375 0.034375 0.03046875
0 0.178125 0.203125 0.0390625 0.03046875
0 0.3203125 0.1359375 0.0390625 0.0390625
0 0.2828125 0.18203125 0.04296875 0.0390625
0 0.22109375 0.1453125 0.0390625 0.034375
0 0.42578125 0.20625 0.0390625 0.03046875
0 0.415625 0.121875 0.04296875 0.0390625
0 0.3734375 0.175 0.03046875 0.02578125
0 0.559375 0.06484375 0.034375 0.034375
0 0.5171875 0.109375 0.034375 0.03046875
0 0.47421875 0.16015625 0.034375 0.03046875
0 0.64765625 0.1515625 0.0390625 0.03046875
0 0.6015625 0.0171875 0.0390625 0.034375
0 0.065625 0.01875 0.02578125 0.03046875
0 0.025 0.171875 0.0390625 0.04296875
0 0.08203125 0.20390625 0.034375 0.0390625
0 0.1328125 0.24765625 0.034375 0.034375
0 0.36328125 0.0765625 0.034375 0.034375
0 0.45390625 0.71328125 0.034375 0.034375
0 0.43828125 0.65390625 0.03046875 0.034375
0 0.41640625 0.59765625 0.03046875 0.034375
0 0.83984375 0.59609375 0.04765625 0.0390625
0 0.771875 0.55546875 0.05625 0.04296875
0 0.8 0.65078125 0.04765625 0.0390625
0 0.74921875 0.5015625 0.04765625 0.03046875
0 0.7375 0.43203125 0.03046875 0.034375
0 0.74609375 0.675 0.03046875 0.02578125
0 0.715625 0.58125 0.0390625 0.02578125
0 0.58671875 0.5546875 0.03046875 0.034375
0 0.65234375 0.58671875 0.0390625 0.03046875
0 0.55625 0.67578125 0.034375 0.03046875
0 0.46640625 0.81796875 0.04296875 0.0390625
0 0.85 0.81875 0.034375 0.034375
0 0.83359375 0.76015625 0.04296875 0.04296875
0 0.8171875 0.709375 0.03046875 0.02578125
0 0.63671875 0.95 0.034375 0.0390625
0 0.61640625 0.65703125 0.034375 0.034375
0 0.67578125 0.63984375 0.034375 0.034375
0 0.31171875 0.6296875 0.0390625 0.03046875
0 0.32109375 0.69375 0.034375 0.0390625
0 0.26640625 0.7109375 0.034375 0.0390625
0 0.28046875 0.7515625 0.0390625 0.04296875
0 0.15078125 0.746875 0.02578125 0.02578125
0 0.39765625 0.78671875 0.034375 0.03046875
0 0.3859375 0.72578125 0.034375 0.04296875
0 0.45703125 0.76015625 0.034375 0.02578125
0 0.55390625 0.34375 0.0734375 0.05625
0 0.80703125 0.8953125 0.0515625 0.0390625
0 0.7140625 0.80234375 0.04296875 0.034375
0 0.77734375 0.7875 0.04296875 0.0390625
0 0.7125 0.7421875 0.0390625 0.034375
0 0.321875 0.92421875 0.04296875 0.0390625
0 0.26640625 0.9453125 0.034375 0.03046875
0 0.2484375 0.88984375 0.04296875 0.0390625
0 0.29765625 0.8125 0.0390625 0.03046875
0 0.36875 0.8515625 0.034375 0.03046875
0 0.303125 0.8703125 0.0390625 0.034375
0 0.3875 0.965625 0.04765625 0.04765625
0 0.38046875 0.90703125 0.034375 0.0390625
0 0.515625 0.7421875 0.03046875 0.034375
0 0.50078125 0.6921875 0.02578125 0.02578125
0 0.62890625 0.7046875 0.04296875 0.034375
0 0.5875 0.7875 0.0390625 0.0390625
0 0.440625 0.95 0.034375 0.0390625
0 0.43203125 0.8890625 0.034375 0.03046875
0 0.65546875 0.82109375 0.03046875 0.03046875
0 0.078125 0.94375 0.034375 0.034375
0 0.0703125 0.8875 0.034375 0.034375
0 0.11796875 0.8171875 0.03046875 0.03046875
0 0.48515625 0.87421875 0.0390625 0.04296875
0 0.546875 0.86328125 0.02578125 0.03046875
0 0.5296875 0.80390625 0.02578125 0.03046875
0 0.64296875 0.76796875 0.03046875 0.034375
0 0.18671875 0.6140625 0.0390625 0.034375
0 0.2078125 0.728125 0.03046875 0.0390625
0 0.225 0.78125 0.03046875 0.034375
0 0.09140625 0.70625 0.02578125 0.03046875
0 0.16875 0.7984375 0.03046875 0.034375
0 0.1296875 0.8703125 0.034375 0.034375
0 0.1828125 0.8546875 0.03046875 0.03046875
0 0.23828125 0.8328125 0.0390625 0.034375
0 0.33125 0.74375 0.03046875 0.03046875
0 0.19453125 0.90859375 0.03046875 0.02578125
0 0.46640625 0.58671875 0.02578125 0.03046875
0 0.5421875 0.62578125 0.0390625 0.0390625
0 0.4875 0.64140625 0.02578125 0.03046875
0 0.60078125 0.61328125 0.03046875 0.0390625
0 0.3296875 0.9859375 0.034375 0.028125
0 0.21484375 0.96953125 0.034375 0.034375
0 0.51171875 0.9859375 0.0265625 0.028125
0 0.0375 0.96328125 0.03046875 0.0390625
0 0.1078125 0.990625 0.034375 0.01875
0 0.1671875 0.98203125 0.034375 0.0359375
0 0.0203125 0.9109375 0.03046875 0.03046875
0 0.04921875 0.8375 0.03046875 0.03046875
0 0.00703125 0.8609375 0.01328125 0.0390625
0 0.02421875 0.73515625 0.03046875 0.03046875
0 0.0390625 0.78359375 0.034375 0.03046875
0 0.09921875 0.7671875 0.034375 0.0390625
0 0.01796875 0.678125 0.02578125 0.02578125
0 0.42265625 0.834375 0.0390625 0.03046875
0 0.60234375 0.8375 0.034375 0.03046875
0 0.0375 0.2609375 0.03046875 0.034375
0 0.0921875 0.30546875 0.03046875 0.03046875
0 0.01796875 0.07578125 0.0359375 0.0390625
0 0.6125 0.1125 0.04453125 0.0375
0 0.12734375 0.6328125 0.0390625 0.0375
0 0.37578125 0.4546875 0.1109375 0.090625
0 0.6359375 0.2890625 0.1078125 0.09375
0 0.7296875 0.2828125 0.090625 0.0953125