0 0.97734375 0.76796875 0.0453125 0.05625
0 0.8953125 0.6546875 0.08125 0.07578125
0 0.9140625 0.5625 0.0625 0.053125
0 0.78359375 0.33671875 0.06640625 0.0625
0 0.6859375 0.3140625 0.10390625 0.08125
0 0.7921875 0.16484375 0.071875 0.08515625
0 0.55546875 0.19140625 0.17578125 0.15625
0 0.38671875 0.1125 0.146875 0.12265625
0 0.2421875 0.04921875 0.10390625 0.0984375
0 0.07265625 0.01875 0.08515625 0.0375
0 0.496875 0.9796875 0.05625 0.040625
0 0.7484375 0.93984375 0.04375 0.03359375
0 0.696875 0.86796875 0.08125 0.07578125
0 0.49453125 0.7265625 0.090625 0.09453125
0 0.4140625 0.7953125 0.08125 0.08125
0 0.30859375 0.9109375 0.046875 0.053125
0 0.05625 0.83046875 0.053125 0.05625
0 0.8546875 0.71015625 0.04921875 0.04375
0 0.4453125 0.65859375 0.05625 0.0625
0 0.65 0.81328125 0.04375 0.04140625
0 0.99140625 0.56953125 0.0171875 0.0453125