0 0.88125 0.69140625 0.1859375 0.1484375
0 0.934375 0.946875 0.13125 0.103125
0 0.7453125 0.91171875 0.1265625 0.1171875
0 0.846875 0.91328125 0.04296875 0.04609375
0 0.88125 0.4265625 0.07421875 0.06484375
0 0.915625 0.55390625 0.06171875 0.0703125
0 0.70546875 0.2296875 0.1953125 0.1359375
0 0.24921875 0.575 0.2234375 0.1765625
0 0.3984375 0.70546875 0.10234375 0.10234375
0 0.034375 0.309375 0.06875 0.1390625
0 0.6234375 0.80390625 0.06875 0.05546875
0 0.53515625 0.784375 0.06328125 0.0671875
0 0.75546875 0.5421875 0.05546875 0.04609375
0 0.69609375 0.615625 0.07265625 0.06328125
0 0.25546875 0.41953125 0.05390625 0.05
0 0.99375 0.725 0.0125 0.05