0 0.6109375 0.303125 0.32265625 0.2703125
0 0.81015625 0.11796875 0.0671875 0.05390625
0 0.746875 0.16640625 0.0578125 0.05390625
0 0.84375 0.02734375 0.13515625 0.05390625
0 0.0265625 0.54453125 0.053125 0.0859375
0 0.11953125 0.56171875 0.07734375 0.09296875
0 0.99140625 0.33671875 0.0171875 0.02890625
0 0.93515625 0.3859375 0.0484375 0.03828125
0 0.9890625 0.44609375 0.02109375 0.034375
0 0.87421875 0.43359375 0.034375 0.02890625
0 0.92265625 0.4984375 0.034375 0.034375
0 0.81484375 0.47890625 0.03828125 0.034375
0 0.6859375 0.5765625 0.04453125 0.04453125
0 0.7421875 0.63203125 0.02890625 0.02890625
0 0.8 0.59375 0.02890625 0.02890625
0 0.62265625 0.61328125 0.04453125 0.0484375
0 0.6765625 0.67890625 0.04453125 0.04453125
0 0.7203125 0.73515625 0.034375 0.034375
0 0.78671875 0.6921875 0.04453125 0.04453125
0 0.84453125 0.64609375 0.04453125 0.0484375
0 0.5640625 0.65234375 0.03828125 0.034375
0 0.61875 0.7265625 0.04453125 0.04453125
0 0.58125 0.7578125 0.05390625 0.0484375
0 0.50390625 0.709375 0.034375 0.02890625
0 0.45859375 0.65234375 0.04453125 0.034375
0 0.51484375 0.60703125 0.02890625 0.02890625
0 0.696875 0.46328125 0.034375 0.03828125
0 0.9671875 0.66484375 0.034375 0.02890625
0 0.8921875 0.7046875 0.03828125 0.03828125
0 0.84765625 0.74296875 0.03828125 0.03828125
0 0.99453125 0.7203125 0.0109375 0.04375
0 0.9890625 0.82421875 0.02109375 0.03828125
0 0.05234375 0.7859375 0.03828125 0.0578125
0 0.11953125 0.784375 0.07734375 0.0828125
0 0.24296875 0.825 0.0734375 0.08671875
0 0.37265625 0.85625 0.0734375 0.0640625
0 0.4875 0.9125 0.0640625 0.06015625
0 0.62421875 0.9890625 0.0984375 0.02109375
0 0.55390625 0.94296875 0.07734375 0.05234375
0 0.9453125 0.77109375 0.040625 0.040625
0 0.909375 0.6015625 0.0421875 0.034375