0 0.9734375 0.5921875 0.0484375 0.0484375
0 0.9140625 0.60703125 0.07421875 0.05859375
0 0.96328125 0.665625 0.0734375 0.06875
0 0.92421875 0.74140625 0.07421875 0.0546875
0 0.95546875 0.51953125 0.05859375 0.05859375
0 0.8921875 0.53515625 0.0484375 0.05859375
0 0.95 0.45234375 0.0484375 0.0484375
0 0.8890625 0.46328125 0.0546875 0.0546875
0 0.8796875 0.38828125 0.0546875 0.0484375
0 0.9453125 0.384375 0.05859375 0.0484375
0 0.9875 0.30625 0.025 0.0484375
0 0.8890625 0.0265625 0.0546875 0.05234375
0 0.8140625 0.0265625 0.0484375 0.04453125
0 0.7546875 0.05546875 0.05859375 0.04453125
0 0.68515625 0.05078125 0.0546875 0.0546875
0 0.828125 0.10390625 0.0484375 0.04453125
0 0.7703125 0.115625 0.05859375 0.0484375
0 0.69765625 0.11953125 0.0484375 0.04453125
0 0.95703125 0.08671875 0.0546875 0.0484375
0 0.896875 0.09453125 0.0390625 0.04453125
0 0.8421875 0.17734375 0.05859375 0.0546875
0 0.91328125 0.17734375 0.0640625 0.0546875
0 0.71328125 0.19453125 0.0640625 0.05859375
0 0.72265625 0.26640625 0.04453125 0.05859375
0 0.85 0.2546875 0.0546875 0.0546875
0 0.78828125 0.2546875 0.0546875 0.0546875
0 0.809375 0.328125 0.05859375 0.0640625
0 0.66171875 0.3140625 0.07421875 0.0640625
0 0.740625 0.3296875 0.0484375 0.0484375
0 0.9296875 0.31640625 0.05859375 0.0484375
0 0.965625 0.2296875 0.0640625 0.0546875
0 0.865625 0.31328125 0.03515625 0.03515625
0 0.78203125 0.190625 0.03515625 0.03515625
0 0.81875 0.39921875 0.0390625 0.0390625
0 0.8265625 0.47578125 0.0546875 0.0484375
0 0.83046875 0.54375 0.03515625 0.0484375
0 0.253125 0.0125 0.0546875 0.025
0 0.13359375 0.01484375 0.06796875 0.02890625
0 0.18671875 0.075 0.05859375 0.0640625
0 0.06484375 0.0484375 0.06796875 0.05859375
0 0.11875 0.10859375 0.078125 0.0546875
0 0.01875 0.10234375 0.03671875 0.0484375
0 0.06015625 0.1515625 0.05859375 0.0546875
0 0.0109375 0.203125 0.02109375 0.0484375
0 0.7359375 0.8984375 0.234375 0.203125
0 0.4953125 0.94609375 0.271875 0.1078125