0 0.34140625 0.0171875 0.0671875 0.034375
0 0.29609375 0.040625 0.0359375 0.028125
0 0.3125 0.090625 0.03125 0.03125
0 0.26796875 0.1578125 0.0359375 0.04375
0 0.28046875 0.215625 0.0359375 0.03125
0 0.29375 0.27734375 0.03125 0.0390625
0 0.35 0.26171875 0.028125 0.0234375
0 0.33828125 0.20703125 0.0359375 0.0234375
0 0.32734375 0.146875 0.0359375 0.028125
0 0.3671875 0.0765625 0.03125 0.028125
0 0.42265625 0.0609375 0.0390625 0.028125
0 0.48359375 0.046875 0.0359375 0.03125
0 0.65078125 0.01171875 0.0359375 0.0234375
0 0.59375 0.025 0.03125 0.028125
0 0.54296875 0.040625 0.0390625 0.028125
0 0.54921875 0.09375 0.0359375 0.03125
0 0.4921875 0.1078125 0.03125 0.028125
0 0.57109375 0.15234375 0.0234375 0.0234375
0 0.5046875 0.16328125 0.03125 0.0359375
0 0.38671875 0.19140625 0.0234375 0.0234375
0 0.4046875 0.25 0.028125 0.03125
0 0.46171875 0.2359375 0.0390625 0.028125
0 0.51796875 0.22578125 0.0359375 0.0359375
0 0.61953125 0.1453125 0.0359375 0.03125
0 0.57421875 0.2078125 0.0390625 0.03125
0 0.88515625 0.01171875 0.0359375 0.0234375
0 0.6078125 0.08203125 0.028125 0.0234375
0 0.6578125 0.0671875 0.04375 0.03125
0 0.71484375 0.05390625 0.0390625 0.0359375
0 0.77578125 0.04375 0.0359375 0.03125
0 0.734375 0.1109375 0.03125 0.028125
0 0.74453125 0.17109375 0.0359375 0.0359375
0 0.80078125 0.15078125 0.0390625 0.0359375
0 0.790625 0.09453125 0.028125 0.0234375
0 0.85 0.08203125 0.028125 0.0234375
0 0.89453125 0.06953125 0.0390625 0.0359375
0 0.96328125 0.0546875 0.0359375 0.03125
0 0.98125 0.11171875 0.03125 0.0359375
0 0.91640625 0.12109375 0.0515625 0.0390625
0 0.86015625 0.134375 0.0390625 0.028125
0 0.98203125 0.16328125 0.0359375 0.0390625
0 0.93671875 0.1796875 0.0359375 0.03125
0 0.7640625 0.22265625 0.04375 0.0390625
0 0.82109375 0.20546875 0.0390625 0.0359375
0 0.8796875 0.25703125 0.03125 0.0359375
0 0.83046875 0.26796875 0.0359375 0.0359375
0 0.84453125 0.32421875 0.0390625 0.0390625
0 0.90546875 0.309375 0.0359375 0.03125
0 0.959375 0.296875 0.04375 0.03125
0 0.94375 0.23671875 0.028125 0.0359375
0 0.3640625 0.31953125 0.03125 0.0359375
0 0.41640625 0.31171875 0.0359375 0.0359375
0 0.475 0.2890625 0.04375 0.03125
0 0.53203125 0.27421875 0.0390625 0.0390625
0 0.48046875 0.35390625 0.0390625 0.0359375
0 0.43203125 0.3640625 0.0359375 0.03125
0 0.37109375 0.3796875 0.0390625 0.03125
0 0.540625 0.33515625 0.04375 0.0359375
0 0.31640625 0.390625 0.0390625 0.03125
0 0.3296875 0.446875 0.04375 0.04375
0 0.384375 0.43125 0.04375 0.04375
0 0.44375 0.41796875 0.04375 0.0390625
0 0.3453125 0.5140625 0.04375 0.04375
0 0.3984375 0.490625 0.03125 0.028125
0 0.46015625 0.47734375 0.0359375 0.0390625
0 0.36328125 0.56640625 0.0546875 0.0390625
0 0.4125 0.54296875 0.04375 0.0390625
0 0.46796875 0.5328125 0.0515625 0.04375
0 0.43359375 0.60546875 0.0546875 0.0390625
0 0.48671875 0.5875 0.0515625 0.04375
0 0.39765625 0.73359375 0.0359375 0.0359375
0 0.4546875 0.715625 0.04375 0.03125
0 0.43046875 0.6609375 0.0390625 0.03125
0 0.49375 0.64296875 0.04375 0.0359375
0 0.50703125 0.7078125 0.0359375 0.03125
0 0.5 0.40546875 0.03125 0.0359375
0 0.56328125 0.390625 0.0390625 0.03125
0 0.615625 0.38125 0.04375 0.028125
0 0.62734375 0.43984375 0.0359375 0.0359375
0 0.6859375 0.42265625 0.028125 0.0234375
0 0.671875 0.365625 0.03125 0.028125
0 0.5921875 0.26640625 0.04375 0.0390625
0 0.59765625 0.31875 0.0390625 0.028125
0 0.6546875 0.3046875 0.04375 0.03125
0 0.715625 0.29140625 0.03125 0.0359375
0 0.78828125 0.3359375 0.0359375 0.03125
0 0.7265625 0.3515625 0.03125 0.03125
0 0.74609375 0.40546875 0.0390625 0.0359375
0 0.80546875 0.39140625 0.0390625 0.0390625
0 0.85390625 0.3796875 0.0359375 0.03125
0 0.8046875 0.45390625 0.03125 0.0234375
0 0.86875 0.44140625 0.04375 0.0390625
0 0.9125 0.36953125 0.04375 0.0359375
0 0.584375 0.50234375 0.04375 0.0359375
0 0.64140625 0.49296875 0.0390625 0.0234375
0 0.7015625 0.48046875 0.028125 0.0234375
0 0.59296875 0.56328125 0.0359375 0.0390625
0 0.55625 0.63359375 0.04375 0.0390625
0 0.6078125 0.61953125 0.04375 0.0359375
0 0.62421875 0.67890625 0.0359375 0.0359375
0 0.56171875 0.68828125 0.0515625 0.0390625
0 0.6765625 0.6609375 0.046875 0.03125
0 0.521875 0.51953125 0.028125 0.0234375
0 0.71015625 0.5375 0.0515625 0.04375
0 0.76796875 0.521875 0.0515625 0.04375
0 0.83046875 0.51640625 0.0359375 0.0390625
0 0.834375 0.57109375 0.04375 0.0390625
0 0.77578125 0.5796875 0.0515625 0.04375
0 0.7125 0.58828125 0.04375 0.0359375
0 0.8828125 0.4921875 0.03125 0.03125
0 0.93828125 0.484375 0.0390625 0.03125
0 0.89296875 0.5515625 0.0359375 0.03125
0 0.72890625 0.65625 0.0359375 0.03125
0 0.7953125 0.6375 0.059375 0.046875
0 0.8484375 0.621875 0.03125 0.03125
0 0.85859375 0.67578125 0.0359375 0.0234375
0 0.74609375 0.70390625 0.0390625 0.0390625
0 0.803125 0.6890625 0.028125 0.028125
0 0.4140625 0.78125 0.03125 0.03125
0 0.46171875 0.77265625 0.0390625 0.0359375
0 0.51953125 0.76484375 0.0390625 0.0359375
0 0.5796875 0.75078125 0.04375 0.0390625
0 0.53515625 0.81875 0.0390625 0.028125
0 0.48359375 0.8296875 0.0359375 0.028125
0 0.59453125 0.80859375 0.0390625 0.0390625
0 0.6484375 0.790625 0.046875 0.04375
0 0.70390625 0.77734375 0.0390625 0.0390625
0 0.76015625 0.76484375 0.0359375 0.0359375
0 0.81875 0.746875 0.04375 0.03125
0 0.9359375 0.72265625 0.04375 0.0390625
0 0.87109375 0.73359375 0.0390625 0.0359375
0 0.92109375 0.6609375 0.0359375 0.03125
0 0.2578125 0.3421875 0.03125 0.028125
0 0.25 0.4375 0.09375 0.09375
0 0.97734375 0.40703125 0.0390625 0.0390625
0 0.90625 0.60546875 0.03125 0.0234375
0 0.54609375 0.86953125 0.0359375 0.0359375
0 0.60546875 0.86171875 0.0390625 0.0359375
0 0.665625 0.84609375 0.04375 0.0359375
0 0.7203125 0.8359375 0.04375 0.03125
0 0.72890625 0.88203125 0.0359375 0.0359375
0 0.6109375 0.90234375 0.028125 0.0234375
0 0.559375 0.91796875 0.046875 0.0390625
0 0.78828125 0.8640625 0.0359375 0.03125
0 0.85078125 0.97578125 0.0515625 0.0359375
0 0.90703125 0.96015625 0.0390625 0.0359375
0 0.89765625 0.90078125 0.0515625 0.0515625
0 0.775 0.8171875 0.04375 0.03125
0 0.8359375 0.80078125 0.046875 0.0390625
0 0.89296875 0.7875 0.0359375 0.028125
0 0.94765625 0.7734375 0.0359375 0.03125
0 0.90546875 0.8296875 0.0359375 0.028125
0 0.8375 0.8453125 0.04375 0.028125
0 0.9609375 0.8265625 0.03125 0.028125
0 0.98828125 0.7078125 0.0234375 0.03125
0 0.9546875 0.88984375 0.04375 0.0515625
0 0.72265625 0.9359375 0.0546875 0.075
0 0.78203125 0.91875 0.0546875 0.078125
0 0.66484375 0.953125 0.0390625 0.0625
0 0.66875 0.89453125 0.046875 0.0390625
0 0.50234375 0.934375 0.0359375 0.03125
0 0.60859375 0.96640625 0.0546875 0.0671875
0 0.54921875 0.978125 0.0515625 0.04375
0 0.79296875 0.984375 0.0390625 0.03125
0 0.8375 0.90859375 0.04375 0.0671875
0 0.9625 0.95390625 0.059375 0.0546875
0 0.23515625 0.07109375 0.1015625 0.1015625
0 0.3640625 0.88359375 0.1875 0.1796875
0 0.26171875 0.63203125 0.1015625 0.0984375
0 0.05859375 0.19921875 0.1171875 0.1171875
0 0.38046875 0.13671875 0.0265625 0.0296875
0 0.4359375 0.1265625 0.028125 0.025
0 0.45 0.1765625 0.034375 0.0328125
0 0.634375 0.196875 0.034375 0.034375
0 0.1578125 0.1765625 0.128125 0.18125
0 0.51328125 0.46484375 0.0421875 0.0390625
0 0.88359375 0.19921875 0.0390625 0.0390625
0 0.7734375 0.2796875 0.040625 0.0375