0 0.56015625 0.01875 0.0859375 0.0375
0 0.6359375 0.0125 0.04140625 0.025
0 0.57109375 0.1265625 0.09921875 0.1046875
0 0.48046875 0.046875 0.05390625 0.05390625
0 0.95 0.2078125 0.0453125 0.05078125
0 0.85078125 0.30390625 0.08125 0.08125
0 0.946875 0.359375 0.04140625 0.0359375
0 0.88359375 0.365625 0.059375 0.059375
0 0.9078125 0.44375 0.06875 0.05390625
0 0.9640625 0.5359375 0.071875 0.05078125
0 0.60234375 0.453125 0.0453125 0.0359375
0 0.52890625 0.4515625 0.06875 0.06875
0 0.4484375 0.59296875 0.1171875 0.13515625
0 0.5859375 0.60546875 0.059375 0.059375
0 0.70703125 0.51796875 0.0453125 0.0328125
0 0.35625 0.1625 0.04140625 0.0328125
0 0.27734375 0.20546875 0.06328125 0.05390625
0 0.0625 0.31796875 0.07734375 0.071875
0 0.10078125 0.39140625 0.071875 0.05078125
0 0.0375 0.1546875 0.075 0.090625
0 0.03828125 0.05859375 0.07578125 0.07734375
0 0.1765625 0.74453125 0.08671875 0.07734375
0 0.1765625 0.8875 0.05078125 0.06328125
0 0.61875 0.990625 0.05078125 0.01796875
0 0.83046875 0.434375 0.05078125 0.04140625
0 0.57421875 0.88828125 0.0328125 0.0328125