0 0.08046875 0.52109375 0.0859375 0.0890625
0 0.12578125 0.98984375 0.0765625 0.01953125
0 0.13515625 0.9296875 0.09453125 0.0765625
0 0.20546875 0.7046875 0.06796875 0.0625
0 0.22421875 0.77109375 0.05859375 0.05390625
0 0.26875 0.4375 0.13046875 0.12109375
0 0.4265625 0.2265625 0.05390625 0.05390625
0 0.4046875 0.30390625 0.04453125 0.05
0 0.18828125 0.17890625 0.04140625 0.03203125
0 0.20234375 0.24375 0.0265625 0.0265625
0 0.49375 0.5078125 0.04453125 0.04453125
0 0.52890625 0.56328125 0.05390625 0.05859375
0 0.23671875 0.1109375 0.0765625 0.07109375
0 0.42734375 0.01015625 0.08359375 0.01953125
0 0.5046875 0.0421875 0.0765625 0.0765625
0 0.47109375 0.7578125 0.125 0.11640625
0 0.56328125 0.68984375 0.05859375 0.0625
0 0.53359375 0.6390625 0.0359375 0.03203125
0 0.3140625 0.93125 0.05390625 0.04453125
0 0.54453125 0.8984375 0.10390625 0.0859375
0 0.76796875 0.81796875 0.06796875 0.06796875
0 0.74140625 0.87890625 0.05 0.05390625
0 0.8796875 0.87890625 0.09453125 0.0890625
0 0.79765625 0.92734375 0.04453125 0.04453125
0 0.9421875 0.9515625 0.0765625 0.06796875
0 0.96015625 0.8234375 0.0796875 0.08125
0 0.8953125 0.7421875 0.04453125 0.04140625
0 0.88203125 0.8 0.0359375 0.03203125
0 0.7890625 0.99296875 0.06796875 0.0140625
0 0.6046875 0.1515625 0.04453125 0.05
0 0.76640625 0.45546875 0.07109375 0.06796875
0 0.84296875 0.075 0.05 0.05390625
0 0.64609375 0.98125 0.15703125 0.0375
0 0.28203125 0.06015625 0.05 0.04140625
0 0.978125 0.53515625 0.04375 0.0578125
0 0.76484375 0.1515625 0.05 0.0390625
0 0.7203125 0.7890625 0.04453125 0.0390625
0 0.325 0.3828125 0.0640625 0.0625