0 0.44609375 0.5375 0.1484375 0.1375
0 0.125 0.97421875 0.09375 0.0515625
0 0.1546875 0.80390625 0.059375 0.0515625
0 0.246875 0.81328125 0.09375 0.0703125
0 0.4453125 0.7 0.0625 0.046875
0 0.53515625 0.71484375 0.0859375 0.0859375
0 0.33671875 0.896875 0.0859375 0.090625
0 0.49453125 0.94765625 0.0984375 0.0984375
0 0.86015625 0.93203125 0.1328125 0.1140625
0 0.95234375 0.87734375 0.0671875 0.0984375
0 0.884375 0.71796875 0.090625 0.0984375
0 0.0296875 0.1734375 0.059375 0.075
0 0.0546875 0.51015625 0.046875 0.0359375
0 0.01953125 0.66015625 0.0390625 0.0390625
0 0.3203125 0.390625 0.046875 0.046875
0 0.43046875 0.3296875 0.0390625 0.028125