0 0.94375 0.23828125 0.11171875 0.1265625
0 0.90078125 0.51171875 0.05390625 0.04140625
0 0.6921875 0.80859375 0.16796875 0.15859375
0 0.9703125 0.878125 0.059375 0.153125
0 0.85546875 0.91953125 0.10859375 0.08125
0 0.92421875 0.99140625 0.0359375 0.0171875
0 0.64765625 0.02421875 0.0359375 0.04140625
0 0.79296875 0.10703125 0.0453125 0.0453125
0 0.31484375 0.009375 0.0453125 0.01796875
0 0.25625 0.01953125 0.0359375 0.0328125
0 0.384375 0.04140625 0.05078125 0.05078125
0 0.41484375 0.1625 0.0328125 0.0359375
0 0.403125 0.10078125 0.04140625 0.0328125
0 0.16171875 0.1140625 0.02734375 0.0328125
0 0.175 0.178125 0.0359375 0.04140625
0 0.4484375 0.2796875 0.04140625 0.0359375
0 0.440625 0.02421875 0.0359375 0.04140625
0 0.58515625 0.3015625 0.0359375 0.0359375
0 0.60703125 0.3484375 0.0453125 0.0328125
0 0.65625 0.2921875 0.04140625 0.0359375
0 0.54453125 0.378125 0.02734375 0.02734375
0 0.4765625 0.38828125 0.0359375 0.0359375
0 0.0578125 0.01796875 0.0359375 0.0359375
0 0.0453125 0.153125 0.0328125 0.0359375
0 0.06171875 0.21015625 0.0359375 0.04140625
0 0.0796875 0.259375 0.0359375 0.04140625
0 0.115625 0.1984375 0.0359375 0.0359375
0 0.49609375 0.1984375 0.0328125 0.0359375
0 0.434375 0.2109375 0.04140625 0.0359375
0 0.27890625 0.146875 0.0453125 0.04140625
0 0.3234375 0.06640625 0.0359375 0.0359375
0 0.3375 0.12109375 0.0359375 0.0359375
0 0.20234375 0.0453125 0.0359375 0.0359375
0 0.5171875 0.06953125 0.02734375 0.04140625
0 0.5328125 0.12109375 0.0328125 0.0359375
0 0.478125 0.1390625 0.0328125 0.0359375
0 0.3828125 0.2921875 0.0359375 0.0359375
0 0.41171875 0.35234375 0.0328125 0.0359375
0 0.2765625 0.33046875 0.0328125 0.0328125
0 0.5109375 0.25703125 0.05078125 0.0453125
0 0.4671875 0.32890625 0.0359375 0.0359375
0 0.35703125 0.1765625 0.0328125 0.0328125
0 0.36484375 0.23671875 0.0359375 0.0328125
0 0.60390625 0.10703125 0.02734375 0.02734375
0 0.61875 0.15703125 0.0328125 0.0359375
0 0.13828125 0.2484375 0.02734375 0.02734375
0 0.2375 0.225 0.02734375 0.02734375
0 0.25625 0.27421875 0.0359375 0.0359375
0 0.20390625 0.28359375 0.0328125 0.0359375
0 0.15 0.30859375 0.0328125 0.0328125
0 0.1984375 0.2375 0.0328125 0.04140625
0 0.115625 0.37890625 0.0359375 0.0359375
0 0.33046875 0.31484375 0.0328125 0.0453125
0 0.29609375 0.38515625 0.0359375 0.04140625
0 0.35 0.3765625 0.0359375 0.04140625
0 0.3234375 0.5046875 0.0359375 0.02734375
0 0.38515625 0.48359375 0.04140625 0.0328125
0 0.4609375 0.52109375 0.04140625 0.04140625
0 0.40546875 0.5328125 0.0453125 0.0359375
0 0.3421875 0.56171875 0.0453125 0.0328125
0 0.47734375 0.58359375 0.0453125 0.04140625
0 0.4140625 0.60234375 0.0453125 0.04140625
0 0.43359375 0.6578125 0.05078125 0.0453125
0 0.35703125 0.62421875 0.0328125 0.0328125
0 0.49609375 0.4546875 0.0328125 0.0359375
0 0.56328125 0.4359375 0.0359375 0.04140625
0 0.57734375 0.48203125 0.0328125 0.05390625
0 0.6234375 0.4140625 0.059375 0.0453125
0 0.1765625 0.42578125 0.0328125 0.0328125
0 0.23984375 0.4015625 0.0328125 0.02734375
0 0.2515625 0.46484375 0.02734375 0.02734375
0 0.05703125 0.640625 0.02734375 0.0359375
0 0.13203125 0.68515625 0.0328125 0.0453125
0 0.07578125 0.7015625 0.0359375 0.04140625
0 0.015625 0.0390625 0.03046875 0.04140625
0 0.08828125 0.08046875 0.0359375 0.0453125
0 0.1515625 0.06015625 0.0359375 0.04140625
0 0.215625 0.0953125 0.02734375 0.0328125
0 0.02109375 0.27890625 0.02734375 0.02734375
0 0.00625 0.22109375 0.0125 0.02734375
0 0.00390625 0.1703125 0.00703125 0.02734375
0 0.140625 0.49609375 0.0328125 0.0359375
0 0.15625 0.5546875 0.02734375 0.02734375
0 0.215625 0.53125 0.02734375 0.02734375
0 0.015625 0.72578125 0.03046875 0.0359375
0 0.0234375 0.78515625 0.0328125 0.0359375
0 0.08828125 0.76171875 0.0359375 0.0359375
0 0.15078125 0.803125 0.04140625 0.0359375
0 0.15 0.7453125 0.0328125 0.0328125
0 0.303125 0.446875 0.0328125 0.02734375
0 0.359375 0.42578125 0.0359375 0.0328125
0 0.42421875 0.409375 0.0328125 0.0359375
0 0.23203125 0.59765625 0.04140625 0.0328125
0 0.29140625 0.57421875 0.02734375 0.0328125
0 0.303125 0.63828125 0.0328125 0.04140625
0 0.24296875 0.65546875 0.02734375 0.0328125
0 0.5453125 0.90859375 0.1375 0.13203125
0 0.1359375 0.01015625 0.0484375 0.01953125
0 0.0265625 0.52890625 0.0453125 0.03984375
0 0.09765625 0.31328125 0.04296875 0.04140625
0 0.72109375 0.953125 0.13515625 0.09375