0 0.0140625 0.2234375 0.028125 0.046875
0 0.18671875 0.3203125 0.0671875 0.0625
0 0.153125 0.384375 0.0625 0.04375
0 0.21015625 0.1796875 0.0671875 0.078125
0 0.21796875 0.09609375 0.0828125 0.0671875
0 0.375 0.09765625 0.046875 0.0390625
0 0.5765625 0.06875 0.090625 0.075
0 0.7484375 0.0515625 0.04375 0.046875
0 0.66328125 0.17421875 0.1296875 0.0984375
0 0.56953125 0.25625 0.0515625 0.04375
0 0.50234375 0.2734375 0.0671875 0.046875
0 0.62421875 0.26484375 0.0515625 0.0515625
0 0.6796875 0.26484375 0.046875 0.0515625
0 0.68125 0.32109375 0.04375 0.0390625
0 0.61875 0.3125 0.04375 0.046875
0 0.56171875 0.3125 0.0515625 0.046875
0 0.86953125 0.0515625 0.0828125 0.078125
0 0.79765625 0.09453125 0.0390625 0.0390625
0 0.92421875 0.115625 0.0671875 0.059375
0 0.94140625 0.01953125 0.0703125 0.0390625
0 0.790625 0.1765625 0.059375 0.0625
0 0.859375 0.2046875 0.09375 0.075
0 0.0875 0.68984375 0.075 0.0671875
0 0.0875 0.81328125 0.04375 0.0546875
0 0.32265625 0.4734375 0.0828125 0.078125
0 0.5671875 0.37734375 0.046875 0.0515625
0 0.62578125 0.38203125 0.0546875 0.0515625
0 0.68125 0.384375 0.04375 0.04375
0 0.6234375 0.43359375 0.059375 0.0546875
0 0.5640625 0.4359375 0.04375 0.04375
0 0.4890625 0.4046875 0.078125 0.121875
0 0.5015625 0.48828125 0.04375 0.0546875
0 0.43046875 0.53515625 0.0703125 0.1015625
0 0.50625 0.54765625 0.04375 0.0546875
0 0.56328125 0.55078125 0.0390625 0.0390625
0 0.62109375 0.490625 0.0546875 0.059375
0 0.6796875 0.5 0.046875 0.046875
0 0.6765625 0.56328125 0.046875 0.0390625
0 0.61875 0.55625 0.04375 0.04375
0 0.40546875 0.6234375 0.0515625 0.04375
0 0.45234375 0.6015625 0.0359375 0.046875
0 0.44609375 0.66328125 0.0390625 0.0359375
0 0.39140625 0.67109375 0.0390625 0.0359375
0 0.5671875 0.60546875 0.046875 0.0390625
0 0.50234375 0.665625 0.0515625 0.04375
0 0.5125 0.7234375 0.046875 0.046875
0 0.44609375 0.71484375 0.0546875 0.0546875
0 0.615625 0.66875 0.04375 0.046875
0 0.56875 0.73046875 0.04375 0.0546875
0 0.6171875 0.728125 0.03125 0.028125
0 0.671875 0.7265625 0.046875 0.046875
0 0.6796875 0.6765625 0.046875 0.046875
0 0.3875 0.7734375 0.046875 0.046875
0 0.4421875 0.78046875 0.046875 0.0515625
0 0.50703125 0.78203125 0.0359375 0.0390625
0 0.56171875 0.7890625 0.0515625 0.046875
0 0.6234375 0.7875 0.04375 0.04375
0 0.50703125 0.8421875 0.0515625 0.04375
0 0.4390625 0.8375 0.04375 0.04375
0 0.384375 0.834375 0.04375 0.04375
0 0.38984375 0.89140625 0.0359375 0.0390625
0 0.4453125 0.896875 0.046875 0.04375
0 0.5 0.8984375 0.046875 0.046875
0 0.56875 0.89765625 0.04375 0.0515625
0 0.61953125 0.90546875 0.0359375 0.0359375
0 0.6140625 0.8515625 0.0625 0.046875
0 0.55859375 0.84765625 0.0234375 0.0234375
0 0.384375 0.9515625 0.04375 0.04375
0 0.44375 0.9515625 0.04375 0.04375
0 0.50625 0.953125 0.04375 0.046875
0 0.559375 0.96328125 0.046875 0.0515625
0 0.61875 0.9671875 0.04375 0.04375
0 0.68046875 0.8515625 0.0390625 0.046875
0 0.6734375 0.61640625 0.04375 0.0359375
0 0.95703125 0.4296875 0.0703125 0.078125
0 0.83515625 0.3515625 0.0828125 0.09375
0 0.88984375 0.35625 0.0515625 0.0625
0 0.9703125 0.35078125 0.059375 0.0671875
0 0.82421875 0.728125 0.0546875 0.059375
0 0.67578125 0.79296875 0.0390625 0.0390625
0 0.93046875 0.49921875 0.0546875 0.0609375
0 0.44140625 0.071875 0.0609375 0.053125