0 0.35234375 0.4140625 0.2609375 0.21875
0 0.19140625 0.2640625 0.0546875 0.04375
0 0.2421875 0.303125 0.046875 0.04375
0 0.1640625 0.16328125 0.109375 0.1
0 0.2109375 0.0453125 0.109375 0.090625
0 0.7875 0.01953125 0.090625 0.0390625
0 0.946875 0.3453125 0.10625 0.10625
0 0.83984375 0.61015625 0.0703125 0.0703125
0 0.75 0.6234375 0.0625 0.075
0 0.03984375 0.44140625 0.0234375 0.0234375
0 0.08984375 0.48125 0.0390625 0.03125
0 0.040625 0.5296875 0.028125 0.028125
0 0.1390625 0.51953125 0.028125 0.0234375
0 0.1 0.571875 0.028125 0.028125
0 0.1875 0.55625 0.03125 0.028125
0 0.29140625 0.63515625 0.0359375 0.0359375
0 0.24609375 0.68046875 0.0234375 0.0234375
0 0.19921875 0.64921875 0.0234375 0.0234375
0 0.34296875 0.66484375 0.0359375 0.0390625
0 0.29921875 0.71796875 0.0359375 0.0359375
0 0.2640625 0.7640625 0.028125 0.028125
0 0.21015625 0.72890625 0.0359375 0.0359375
0 0.16328125 0.69140625 0.0359375 0.0390625
0 0.390625 0.696875 0.03125 0.028125
0 0.34609375 0.75703125 0.0359375 0.0359375
0 0.3765625 0.78203125 0.04375 0.0390625
0 0.4390625 0.74296875 0.028125 0.0234375
0 0.47578125 0.696875 0.0359375 0.028125
0 0.43046875 0.66015625 0.0234375 0.0234375
0 0.2828125 0.54375 0.028125 0.03125
0 0.015625 0.67578125 0.03125 0.0234375
0 0.0640625 0.70703125 0.028125 0.0234375
0 0.125 0.7390625 0.03125 0.03125
0 0.1609375 0.7703125 0.03125 0.03125
0 0.025 0.75234375 0.04375 0.0359375
0 0.0390625 0.8359375 0.03125 0.03125
0 0.0140625 0.5765625 0.028125 0.028125
0 0.93828125 0.79765625 0.0703125 0.0703125
0 0.865625 0.7984375 0.059375 0.059375
0 0.8046875 0.8046875 0.03125 0.046875
0 0.75 0.80390625 0.0625 0.0671875
0 0.65 0.83671875 0.059375 0.0703125
0 0.5453125 0.86171875 0.059375 0.0515625
0 0.45234375 0.90703125 0.0515625 0.0484375
0 0.34140625 0.97890625 0.0796875 0.0359375
0 0.540625 0.1 0.05625 0.04375
0 0.3984375 0.93203125 0.0625 0.0421875
0 0.08203125 0.79296875 0.0328125 0.0328125
0 0.1109375 0.65546875 0.034375 0.028125