0 0.00703125 0.76484375 0.01328125 0.06171875
0 0.0875 0.821875 0.08828125 0.0828125
0 0.015625 0.86796875 0.03125 0.04140625
0 0.1453125 0.890625 0.07109375 0.06328125
0 0.16328125 0.771875 0.075 0.075
0 0.10234375 0.6953125 0.04140625 0.03828125
0 0.08984375 0.74921875 0.03359375 0.0296875
0 0.0171875 0.9546875 0.034375 0.065625
0 0.0765625 0.97265625 0.1 0.0546875
0 0.00703125 0.428125 0.01328125 0.06171875
0 0.053125 0.075 0.046875 0.05
0 0.2421875 0.90859375 0.05 0.03359375
0 0.4765625 0.75859375 0.046875 0.0546875