0 0.09453125 0.01171875 0.07890625 0.0234375
0 0.03671875 0.09375 0.0734375 0.08828125
0 0.2203125 0.60546875 0.08203125 0.0640625
0 0.1328125 0.35703125 0.08203125 0.09140625
0 0.01953125 0.265625 0.03828125 0.11015625
0 0.05390625 0.27109375 0.06015625 0.0734375
0 0.1578125 0.26484375 0.08828125 0.07890625
0 0.353125 0.765625 0.11015625 0.11015625
0 0.58671875 0.67734375 0.08203125 0.0734375
0 0.70078125 0.23828125 0.04609375 0.03671875
0 0.47421875 0.3171875 0.0328125 0.03671875
0 0.2015625 0.0140625 0.0546875 0.02734375
0 0.11640625 0.43671875 0.075 0.06796875
0 0.0546875 0.57109375 0.0625 0.06015625