0 0.9109375 0.0203125 0.03125 0.03125
0 0.6859375 0.01171875 0.028125 0.0234375
0 0.7890625 0.0859375 0.03125 0.03125
0 0.2890625 0.01171875 0.03125 0.0234375
0 0.2 0.0203125 0.03125 0.03125
0 0.24296875 0.05703125 0.0390625 0.0359375
0 0.29609375 0.090625 0.0359375 0.03125
0 0.334375 0.0453125 0.04375 0.04375
0 0.415625 0.0375 0.028125 0.028125
0 0.26171875 0.23046875 0.0390625 0.0390625
0 0.2234375 0.2671875 0.03125 0.028125
0 0.21328125 0.19375 0.0359375 0.028125
0 0.34296875 0.13203125 0.0359375 0.0359375
0 0.30859375 0.17421875 0.0390625 0.0359375
0 0.25234375 0.140625 0.0359375 0.03125
0 0.43984375 0.196875 0.0359375 0.028125
0 0.43046875 0.11953125 0.0390625 0.0359375
0 0.3921875 0.16796875 0.028125 0.0234375
0 0.5625 0.0671875 0.03125 0.03125
0 0.5234375 0.1078125 0.03125 0.028125
0 0.484375 0.1546875 0.03125 0.028125
0 0.64296875 0.146875 0.0359375 0.028125
0 0.60078125 0.01953125 0.0359375 0.0390625
0 0.11015625 0.025 0.0234375 0.028125
0 0.07265625 0.16484375 0.0359375 0.0390625
0 0.0296875 0.11953125 0.028125 0.0359375
0 0.0390625 0.2125 0.03125 0.028125
0 0.125 0.19453125 0.03125 0.0359375
0 0.171875 0.234375 0.03125 0.03125
0 0.3828125 0.078125 0.03125 0.03125
0 0.465625 0.6609375 0.03125 0.03125
0 0.4515625 0.60625 0.028125 0.03125
0 0.43125 0.5546875 0.028125 0.03125
0 0.81875 0.55390625 0.04375 0.0359375
0 0.75703125 0.51640625 0.0515625 0.0390625
0 0.7828125 0.60390625 0.04375 0.0359375
0 0.7359375 0.4671875 0.04375 0.028125
0 0.725 0.403125 0.028125 0.03125
0 0.7328125 0.62578125 0.028125 0.0234375
0 0.70546875 0.53984375 0.0359375 0.0234375
0 0.5875 0.515625 0.028125 0.03125
0 0.64765625 0.5453125 0.0359375 0.028125
0 0.559375 0.6265625 0.03125 0.028125
0 0.47734375 0.75703125 0.0390625 0.0359375
0 0.828125 0.7578125 0.03125 0.03125
0 0.81328125 0.70390625 0.0390625 0.0390625
0 0.7984375 0.65703125 0.028125 0.0234375
0 0.6328125 0.87734375 0.03125 0.0359375
0 0.6140625 0.609375 0.03125 0.03125
0 0.66875 0.59375 0.03125 0.03125
0 0.33515625 0.584375 0.0359375 0.028125
0 0.34375 0.64296875 0.03125 0.0359375
0 0.29375 0.65859375 0.03125 0.0359375
0 0.30703125 0.69609375 0.0359375 0.0390625
0 0.18828125 0.69140625 0.0234375 0.0234375
0 0.4140625 0.728125 0.03125 0.028125
0 0.403125 0.67265625 0.03125 0.0390625
0 0.46875 0.70390625 0.03125 0.0234375
0 0.55703125 0.32265625 0.0671875 0.0515625
0 0.7890625 0.82734375 0.046875 0.0359375
0 0.75859375 0.94921875 0.0390625 0.0390625
0 0.70390625 0.7421875 0.0390625 0.03125
0 0.76171875 0.72890625 0.0390625 0.0359375
0 0.70234375 0.6875 0.0359375 0.03125
0 0.34453125 0.85390625 0.0390625 0.0359375
0 0.29375 0.8734375 0.03125 0.028125
0 0.27734375 0.82265625 0.0390625 0.0359375
0 0.32265625 0.7515625 0.0359375 0.028125
0 0.3875 0.7875 0.03125 0.028125
0 0.32734375 0.8046875 0.0359375 0.03125
0 0.4046875 0.8921875 0.04375 0.04375
0 0.3984375 0.83828125 0.03125 0.0359375
0 0.42109375 0.94375 0.0359375 0.028125
0 0.21171875 0.9546875 0.0234375 0.028125
0 0.521875 0.6875 0.028125 0.03125
0 0.50859375 0.64140625 0.0234375 0.0234375
0 0.62578125 0.653125 0.0390625 0.03125
0 0.58828125 0.72890625 0.0359375 0.0359375
0 0.453125 0.87734375 0.03125 0.0359375
0 0.4453125 0.821875 0.03125 0.028125
0 0.65 0.759375 0.028125 0.028125
0 0.121875 0.871875 0.03125 0.03125
0 0.1140625 0.8203125 0.03125 0.03125
0 0.1578125 0.75625 0.028125 0.028125
0 0.1109375 0.9859375 0.028125 0.028125
0 0.49453125 0.80859375 0.0359375 0.0390625
0 0.55078125 0.7984375 0.0234375 0.028125
0 0.53515625 0.74375 0.0234375 0.028125
0 0.6390625 0.7109375 0.028125 0.03125
0 0.22109375 0.5703125 0.0359375 0.03125
0 0.240625 0.67421875 0.028125 0.0359375
0 0.25625 0.7234375 0.028125 0.03125
0 0.13359375 0.6546875 0.0234375 0.028125
0 0.2046875 0.7390625 0.028125 0.03125
0 0.16875 0.8046875 0.03125 0.03125
0 0.2171875 0.790625 0.028125 0.028125
0 0.26796875 0.7703125 0.0359375 0.03125
0 0.353125 0.6890625 0.028125 0.028125
0 0.228125 0.83984375 0.028125 0.0234375
0 0.47734375 0.5453125 0.0234375 0.028125
0 0.54609375 0.58046875 0.0359375 0.0359375
0 0.49609375 0.5953125 0.0234375 0.028125
0 0.6 0.56953125 0.028125 0.0359375
0 0.31171875 0.98203125 0.0390625 0.0359375
0 0.3515625 0.9140625 0.03125 0.03125
0 0.3640625 0.9609375 0.03125 0.03125
0 0.246875 0.8953125 0.03125 0.03125
0 0.51953125 0.91640625 0.0234375 0.0359375
0 0.5328125 0.9609375 0.028125 0.03125
0 0.4859375 0.9765625 0.028125 0.03125
0 0.59453125 0.94921875 0.0234375 0.0234375
0 0.6078125 0.98828125 0.028125 0.0234375
0 0.084375 0.88984375 0.028125 0.0359375
0 0.0296875 0.903125 0.028125 0.03125
0 0.04140625 0.95 0.0359375 0.03125
0 0.1484375 0.92578125 0.03125 0.0390625
0 0.203125 0.90859375 0.03125 0.0359375
0 0.06875 0.8421875 0.028125 0.028125
0 0.0953125 0.775 0.028125 0.028125
0 0.0484375 0.79609375 0.028125 0.0359375
0 0.071875 0.68125 0.028125 0.028125
0 0.0859375 0.725 0.03125 0.028125
0 0.0375 0.7359375 0.028125 0.028125
0 0.140625 0.71015625 0.03125 0.0359375
0 0.06640625 0.62890625 0.0234375 0.0234375
0 0.43671875 0.771875 0.0359375 0.028125
0 0.6015625 0.775 0.03125 0.028125
0 0.25859375 0.9390625 0.0234375 0.028125
0 0.084375 0.246875 0.028125 0.03125
0 0.134375 0.2875 0.028125 0.028125
0 0.06484375 0.07734375 0.0359375 0.0359375
0 0.02421875 0.040625 0.0328125 0.034375
0 0.6109375 0.1109375 0.040625 0.034375
0 0.16640625 0.5875 0.0359375 0.034375
0 0.98125 0.55546875 0.0375 0.0953125
0 0.39375 0.42421875 0.1015625 0.0828125
0 0.63203125 0.27265625 0.0984375 0.0859375
0 0.71796875 0.26640625 0.0828125 0.0875