0 0.04375 0.00703125 0.040625 0.0140625
0 0.04921875 0.06015625 0.05703125 0.0484375
0 0.09921875 0.00546875 0.0453125 0.0109375
0 0.0125 0.134375 0.02421875 0.0453125
0 0.021875 0.1921875 0.04375 0.05703125
0 0.065625 0.12734375 0.05703125 0.05390625
0 0.12890625 0.10390625 0.05390625 0.0484375
0 0.10703125 0.04296875 0.0453125 0.040625
0 0.1828125 0.0921875 0.05703125 0.0484375
0 0.14296875 0.16796875 0.0484375 0.0375
0 0.07734375 0.17890625 0.040625 0.0453125
0 0.0125 0.38984375 0.02421875 0.0453125
0 0.02421875 0.446875 0.0484375 0.05390625
0 0.0578125 0.37578125 0.02421875 0.02421875
0 0.04921875 0.3140625 0.05703125 0.05390625
0 0.03359375 0.25390625 0.040625 0.040625
0 0.0859375 0.2421875 0.0484375 0.0484375
0 0.10234375 0.296875 0.0328125 0.02890625
0 0.1140625 0.359375 0.040625 0.040625
0 0.07421875 0.4296875 0.040625 0.040625
0 0.128125 0.41953125 0.02890625 0.0375
0 0.1890625 0.403125 0.05390625 0.05390625
0 0.17265625 0.340625 0.0375 0.02890625
0 0.16875 0.28515625 0.06171875 0.05390625
0 0.1484375 0.22578125 0.05390625 0.0484375
0 0.2265625 0.26640625 0.05390625 0.0484375
0 0.23515625 0.32734375 0.06484375 0.05703125
0 0.2421875 0.0734375 0.06171875 0.0453125
0 0.3015625 0.05546875 0.0453125 0.0484375
0 0.3171875 0.11640625 0.05703125 0.05703125
0 0.2453125 0.13203125 0.06171875 0.05703125
0 0.271875 0.19453125 0.040625 0.02890625
0 0.33203125 0.18359375 0.05390625 0.06171875
0 0.19453125 0.15078125 0.0328125 0.02890625
0 0.29453125 0.25703125 0.06953125 0.05390625
0 0.40390625 0.225 0.06171875 0.05390625
0 0.38359375 0.1578125 0.05390625 0.0484375
0 0.228125 0.015625 0.05703125 0.03046875
0 0.290625 0.009375 0.053125 0.01875
0 0.34765625 0.00390625 0.0453125 0.0078125
0 0.48046875 0.0203125 0.06171875 0.040625
0 0.415625 0.02578125 0.0453125 0.0515625
0 0.35859375 0.0453125 0.0453125 0.0453125
0 0.54765625 0.0125 0.05703125 0.02421875
0 0.35859375 0.30546875 0.0453125 0.0453125
0 0.415625 0.28203125 0.0453125 0.0375
0 0.475 0.2734375 0.040625 0.0375
0 0.46328125 0.203125 0.040625 0.02890625
0 0.453125 0.14609375 0.0453125 0.0453125
0 0.4375 0.0875 0.05390625 0.0484375
0 0.37421875 0.103125 0.040625 0.0375
0 0.25625 0.38828125 0.0484375 0.0484375
0 0.31328125 0.36796875 0.0484375 0.040625
0 0.32890625 0.4546875 0.05703125 0.0453125
0 0.28828125 0.5 0.05703125 0.0453125
0 0.2609375 0.44140625 0.05703125 0.0484375
0 0.2078125 0.4609375 0.0328125 0.0328125
0 0.37578125 0.3578125 0.0375 0.0375
0 0.390625 0.40703125 0.040625 0.0375
0 0.42421875 0.43828125 0.05390625 0.0453125
0 0.43046875 0.34609375 0.0484375 0.0453125
0 0.375 0.49453125 0.0453125 0.040625
0 0.33671875 0.5421875 0.05703125 0.0484375
0 0.29453125 0.59765625 0.05390625 0.0453125
0 0.2421875 0.5515625 0.0453125 0.0453125
0 0.20546875 0.6015625 0.0375 0.0375
0 0.25234375 0.64375 0.040625 0.040625
0 0.3078125 0.69296875 0.05390625 0.0484375
0 0.34609375 0.63828125 0.0484375 0.0453125
0 0.39375 0.5828125 0.040625 0.0328125
0 0.4328125 0.53828125 0.0375 0.040625
0 0.434375 0.63046875 0.040625 0.05390625
0 0.396875 0.68671875 0.05390625 0.0453125
0 0.16171875 0.6625 0.0375 0.02890625
0 0.20546875 0.70390625 0.05390625 0.05390625
0 0.2578125 0.75390625 0.06171875 0.05703125
0 0.2109375 0.7984375 0.0484375 0.0484375
0 0.1640625 0.7515625 0.0453125 0.0453125
0 0.31484375 0.7859375 0.0453125 0.0484375
0 0.35625 0.7296875 0.0375 0.040625
0 0.41484375 0.77421875 0.05703125 0.0484375
0 0.3640625 0.83125 0.05390625 0.0484375
0 0.3234375 0.8828125 0.06171875 0.0484375
0 0.2671875 0.8421875 0.05390625 0.0484375
0 0.22890625 0.88984375 0.0453125 0.0453125
0 0.12421875 0.81015625 0.05390625 0.0484375
0 0.27734375 0.9328125 0.0453125 0.040625
0 0.371875 0.92421875 0.0453125 0.040625
0 0.41640625 0.875 0.05390625 0.0484375
0 0.1375 0.89921875 0.05390625 0.0328125
0 0.17890625 0.94453125 0.0484375 0.0484375
0 0.1359375 0.98359375 0.04375 0.0328125
0 0.2375 0.9796875 0.05390625 0.040625
0 0.3296875 0.9734375 0.0484375 0.040625
0 0.4265625 0.97109375 0.0484375 0.0453125
0 0.46953125 0.9203125 0.0453125 0.0484375
0 0.51875 0.95703125 0.0375 0.040625
0 0.56484375 0.98984375 0.0484375 0.0203125
0 0.01640625 0.7171875 0.0328125 0.0328125
0 0.0265625 0.8171875 0.0375 0.0375
0 0.071875 0.76640625 0.05390625 0.0484375
0 0.11015625 0.71328125 0.0484375 0.05703125
0 0.053125 0.67421875 0.040625 0.0375
0 0.0078125 0.86640625 0.015625 0.0484375
0 0.078125 0.85703125 0.0484375 0.0453125
0 0.0125 0.9609375 0.02421875 0.0484375
0 0.03671875 0.90859375 0.040625 0.040625
0 0.0328125 0.565625 0.06484375 0.05390625
0 0.0234375 0.50625 0.0375 0.0328125
0 0.10703125 0.6140625 0.06171875 0.05390625
0 0.14765625 0.55 0.06171875 0.06484375
0 0.49609375 0.078125 0.040625 0.0453125
0 0.5140625 0.1375 0.0375 0.040625
0 0.51796875 0.2 0.0453125 0.0453125
0 0.534375 0.25390625 0.0453125 0.040625
0 0.53984375 0.296875 0.040625 0.0453125
0 0.48515625 0.3171875 0.0453125 0.05390625
0 0.5234375 0.42265625 0.040625 0.0375
0 0.56640625 0.38046875 0.0453125 0.040625
0 0.6109375 0.42421875 0.0375 0.040625
0 0.6578125 0.378125 0.0484375 0.0453125
0 0.6046875 0.31953125 0.040625 0.0484375
0 0.60234375 0.23828125 0.0453125 0.0328125
0 0.6578125 0.22578125 0.0484375 0.0484375
0 0.6453125 0.16796875 0.040625 0.0375
0 0.58359375 0.18203125 0.05390625 0.0484375
0 0.5734375 0.12421875 0.0484375 0.05703125
0 0.48046875 0.484375 0.0453125 0.05390625
0 0.575 0.47421875 0.0453125 0.0484375
0 0.5234375 0.5296875 0.040625 0.040625
0 0.6234375 0.51796875 0.0453125 0.0484375
0 0.53671875 0.62734375 0.05703125 0.05703125
0 0.58828125 0.67109375 0.05703125 0.05390625
0 0.62890625 0.6140625 0.05703125 0.05390625
0 0.54375 0.71953125 0.0484375 0.0453125
0 0.48828125 0.67421875 0.0453125 0.0375
0 0.6359375 0.7125 0.05390625 0.0484375
0 0.49140625 0.58203125 0.040625 0.0375
0 0.57890625 0.56875 0.05390625 0.0375
0 0.66953125 0.5578125 0.05703125 0.0375
0 0.715625 0.40546875 0.0453125 0.0453125
0 0.72421875 0.6015625 0.06171875 0.05390625
0 0.68203125 0.6609375 0.0484375 0.0484375
0 0.7375 0.70078125 0.05390625 0.05703125
0 0.68984375 0.75234375 0.0484375 0.05390625
0 0.60078125 0.7609375 0.06484375 0.05390625
0 0.45078125 0.72578125 0.040625 0.0328125
0 0.50234375 0.76953125 0.05390625 0.0484375
0 0.4609375 0.81953125 0.0453125 0.0453125
0 0.509375 0.859375 0.0453125 0.040625
0 0.55859375 0.8109375 0.0453125 0.040625
0 0.609375 0.85703125 0.05703125 0.0453125
0 0.6453125 0.8015625 0.05703125 0.0484375
0 0.61328125 0.953125 0.0484375 0.0484375
0 0.65859375 0.8984375 0.040625 0.0375
0 0.703125 0.83828125 0.0484375 0.040625
0 0.66640625 0.98359375 0.06015625 0.0328125
0 0.7140625 0.94453125 0.0484375 0.0484375
0 0.73828125 0.7953125 0.0484375 0.0453125
0 0.74921875 0.8875 0.0375 0.040625
0 0.75546875 0.98203125 0.02421875 0.0359375
0 0.7140625 0.21171875 0.0484375 0.05390625
0 0.70546875 0.1453125 0.05390625 0.05703125
0 0.62734375 0.10234375 0.05390625 0.0453125
0 0.55625 0.06171875 0.05703125 0.0453125
0 0.62421875 0.04609375 0.05390625 0.05390625
0 0.6890625 0.0890625 0.05390625 0.0453125
0 0.74375 0.0765625 0.0484375 0.0484375
0 0.74140625 0.021875 0.05390625 0.04375
0 0.67890625 0.02890625 0.0328125 0.02890625
0 0.7078125 0.3140625 0.0453125 0.0375
0 0.75078125 0.36171875 0.040625 0.0453125
0 0.753125 0.26328125 0.02890625 0.0328125
0 0.7234375 0.5078125 0.05703125 0.0453125
0 0.75625 0.5515625 0.02890625 0.0453125
0 0.7546875 0.45546875 0.0328125 0.0375
0 0.75390625 0.14140625 0.0375 0.0484375
0 0.75703125 0.2 0.02109375 0.0453125
0 0.471875 0.3796875 0.05703125 0.0484375
0 0.0890625 0.51484375 0.06484375 0.084375
0 0.14765625 0.48125 0.075 0.06328125