0 0.05078125 0.10234375 0.0234375 0.0234375
0 0.04296875 0.01953125 0.0234375 0.0234375
0 0.0203125 0.38125 0.03125 0.028125
0 0.01953125 0.5953125 0.0234375 0.028125
0 0.10546875 0.72890625 0.0703125 0.0671875
0 0.228125 0.70546875 0.059375 0.0671875
0 0.26484375 0.7546875 0.0359375 0.03125
0 0.2859375 0.64921875 0.046875 0.0390625
0 0.13515625 0.49453125 0.0671875 0.0671875
0 0.18828125 0.42578125 0.0234375 0.0234375
0 0.278125 0.43046875 0.03125 0.0390625
0 0.42578125 0.665625 0.0546875 0.04375
0 0.34609375 0.43203125 0.0671875 0.0515625
0 0.321875 0.7 0.04375 0.046875
0 0.3125 0.96796875 0.046875 0.0515625
0 0.078125 0.91640625 0.078125 0.1140625
0 0.09453125 0.05078125 0.0234375 0.0234375
0 0.225 0.0765625 0.059375 0.059375
0 0.25078125 0.28828125 0.0546875 0.0515625
0 0.09453125 0.134375 0.0390625 0.059375
0 0.61875 0.2203125 0.059375 0.04375
0 0.71171875 0.30703125 0.0546875 0.0515625
0 0.25859375 0.825 0.0703125 0.0625
0 0.321875 0.8046875 0.04375 0.046875
0 0.62578125 0.6765625 0.0546875 0.046875
0 0.54921875 0.459375 0.0515625 0.04375
0 0.6109375 0.44375 0.04375 0.04375
0 0.73359375 0.240625 0.0359375 0.059375
0 0.478125 0.60078125 0.028125 0.0359375