0 0.29375 0.3828125 0.0296875 0.025
0 0.35234375 0.40546875 0.0296875 0.0296875
0 0.40546875 0.640625 0.03359375 0.025
0 0.4578125 0.6640625 0.03828125 0.03359375
0 0.53359375 0.64453125 0.03359375 0.03359375
0 0.61796875 0.62421875 0.0296875 0.0296875
0 0.47734375 0.7390625 0.03828125 0.03359375
0 0.52578125 0.77109375 0.04140625 0.0296875
0 0.60234375 0.74765625 0.03828125 0.03359375
0 0.6296875 0.7078125 0.03359375 0.0296875
0 0.72890625 0.7625 0.03359375 0.0296875
0 0.8140625 0.7390625 0.0296875 0.03359375
0 0.6234375 0.82734375 0.03828125 0.03359375
0 0.75 0.83984375 0.025 0.025
0 0.803125 0.859375 0.04140625 0.025
0 0.83203125 0.815625 0.03359375 0.0296875
0 0.878125 0.840625 0.025 0.0296875
0 0.90859375 0.790625 0.0296875 0.0296875
0 0.8578125 0.76484375 0.025 0.025
0 0.3390625 0.53203125 0.03359375 0.04140625
0 0.36953125 0.4796875 0.03828125 0.0296875
0 0.4171875 0.51171875 0.03359375 0.03359375
0 0.51640625 0.56171875 0.03359375 0.03359375
0 0.64765625 0.57421875 0.0296875 0.025
0 0.69609375 0.60234375 0.03359375 0.025
0 0.7390625 0.6359375 0.0296875 0.03359375
0 0.5765625 0.99375 0.0375 0.0125
0 0.60703125 0.9515625 0.03828125 0.03359375
0 0.515625 0.8984375 0.03828125 0.0296875
0 0.53828125 0.8453125 0.03359375 0.0296875
0 0.49296875 0.81875 0.0296875 0.03359375
0 0.9203125 0.98984375 0.03359375 0.0203125
0 0.98671875 0.96875 0.0265625 0.03359375
0 0.865625 0.96484375 0.03359375 0.0296875
0 0.7921875 0.98125 0.0375 0.0375
0 0.81640625 0.9375 0.04140625 0.03828125
0 0.73671875 0.95703125 0.04140625 0.0296875
0 0.7109375 0.99375 0.040625 0.0125
0 0.66015625 0.984375 0.03828125 0.025
0 0.69140625 0.92890625 0.03359375 0.0296875
0 0.7703125 0.91171875 0.04140625 0.0296875
0 0.534375 0.9734375 0.04140625 0.0296875
0 0.56328125 0.92265625 0.03359375 0.025
0 0.47734375 0.94296875 0.03828125 0.025
0 0.4 0.96171875 0.03359375 0.0296875
0 0.23671875 0.95625 0.1046875 0.0875
0 0.98671875 0.77265625 0.0265625 0.03359375
0 0.846875 0.8890625 0.0296875 0.03359375
0 0.978125 0.90390625 0.03359375 0.0296875
0 0.66796875 0.85625 0.046875 0.04140625
0 0.72265625 0.8828125 0.0296875 0.03828125
0 0.6421875 0.90625 0.04140625 0.025
0 0.59296875 0.871875 0.0296875 0.03359375
0 0.4625 0.86640625 0.04140625 0.03828125
0 0.434375 0.91875 0.04140625 0.03359375
0 0.384375 0.8890625 0.04140625 0.03359375
0 0.41015625 0.8390625 0.046875 0.03359375
0 0.4375 0.79140625 0.04140625 0.03828125
0 0.334375 0.859375 0.025 0.025
0 0.3609375 0.8109375 0.03828125 0.03359375
0 0.396875 0.76015625 0.03359375 0.025
0 0.49921875 0.69375 0.03828125 0.025
0 0.5546875 0.72890625 0.03359375 0.0296875
0 0.5796875 0.6765625 0.03359375 0.025
0 0.56875 0.80234375 0.03828125 0.03359375
0 0.65078125 0.77890625 0.046875 0.0296875
0 0.70859375 0.68203125 0.04140625 0.025
0 0.684375 0.7328125 0.046875 0.046875
0 0.659375 0.65 0.0296875 0.03828125
0 0.93828125 0.7484375 0.0296875 0.025
0 0.3734375 0.68359375 0.046875 0.03828125
0 0.42578125 0.71953125 0.04140625 0.03359375
0 0.48359375 0.61640625 0.03359375 0.0296875
0 0.3 0.70625 0.03828125 0.03359375
0 0.35 0.73359375 0.03828125 0.03828125
0 0.3140625 0.78515625 0.03359375 0.025
0 0.26640625 0.75390625 0.0546875 0.046875
0 0.28515625 0.82890625 0.04140625 0.0296875
0 0.32578125 0.65625 0.03359375 0.03359375
0 0.25 0.678125 0.03828125 0.03359375
0 0.27578125 0.62734375 0.03359375 0.025
0 0.21328125 0.7265625 0.04140625 0.025
0 0.184375 0.77734375 0.03359375 0.03359375
0 0.1328125 0.75234375 0.046875 0.03359375
0 0.1640625 0.7015625 0.03359375 0.025
0 0.20078125 0.6484375 0.05 0.04140625
0 0.1203125 0.67421875 0.03828125 0.0296875
0 0.08359375 0.72109375 0.03828125 0.0296875
0 0.05546875 0.77109375 0.025 0.0296875
0 0.02578125 0.815625 0.03828125 0.0296875
0 0.078125 0.84140625 0.046875 0.03828125
0 0.10546875 0.7953125 0.04140625 0.0296875
0 0.15859375 0.821875 0.03828125 0.03359375
0 0.20546875 0.85546875 0.04140625 0.03359375
0 0.21171875 0.525 0.03828125 0.0296875
0 0.2890625 0.5046875 0.03359375 0.0296875
0 0.321875 0.45 0.03359375 0.0296875
0 0.2703125 0.42890625 0.03828125 0.03359375
0 0.18671875 0.4484375 0.03828125 0.03359375
0 0.2421875 0.47421875 0.03359375 0.025
0 0.1609375 0.49140625 0.046875 0.046875
0 0.121875 0.54453125 0.04140625 0.03359375
0 0.1828125 0.5734375 0.046875 0.03359375
0 0.2546875 0.55625 0.04140625 0.03359375
0 0.390625 0.56328125 0.0296875 0.0296875
0 0.465625 0.54140625 0.03828125 0.0296875
0 0.5015625 0.49921875 0.0296875 0.025
0 0.4421875 0.465625 0.03359375 0.025
0 0.44296875 0.59453125 0.04140625 0.03359375
0 0.59609375 0.55 0.03359375 0.0296875
0 0.35546875 0.93203125 0.03359375 0.0296875
0 0.25 0.88046875 0.03828125 0.03359375
0 0.01171875 0.74453125 0.0234375 0.03359375
0 0.034375 0.69453125 0.03828125 0.03359375
0 0.06875 0.64453125 0.04140625 0.03359375
0 0.14453125 0.62734375 0.0296875 0.025
0 0.2296875 0.60625 0.04140625 0.03359375
0 0.096875 0.590625 0.04140625 0.04140625
0 0.01796875 0.615625 0.03359375 0.025
0 0.003125 0.66015625 0.00625 0.0328125
0 0.05234375 0.56328125 0.04140625 0.0296875
0 0.08046875 0.51640625 0.04140625 0.0296875
0 0.109375 0.465625 0.03359375 0.025
0 0.4 0.43046875 0.03359375 0.0296875
0 0.1171875 0.0390625 0.19140625 0.078125
0 0.40234375 0.35390625 0.11328125 0.1
0 0.8953125 0.621875 0.11640625 0.08828125
0 0.43515625 0.2390625 0.0796875 0.0796875
0 0.778125 0.09296875 0.1078125 0.11328125
0 0.45703125 0.1453125 0.05 0.0484375
0 0.56015625 0.1125 0.06015625 0.0546875
0 0.121875 0.4140625 0.075 0.06484375
0 0.02734375 0.5046875 0.0546875 0.05625
0 0.93203125 0.19921875 0.05625 0.053125
0 0.96953125 0.6671875 0.0609375 0.059375
0 0.32578125 0.19765625 0.05 0.05