0 0.0234375 0.0171875 0.046875 0.034375
0 0.090625 0.00390625 0.04609375 0.00703125
0 0.25859375 0.01484375 0.0328125 0.0296875
0 0.19140625 0.03125 0.04609375 0.0515625
0 0.1234375 0.0546875 0.04609375 0.0515625
0 0.009375 0.103125 0.01796875 0.04609375
0 0.06328125 0.084375 0.04609375 0.03671875
0 0.03828125 0.16171875 0.0515625 0.04609375
0 0.09921875 0.13984375 0.0515625 0.04609375
0 0.159375 0.11171875 0.0546875 0.03671875
0 0.12734375 0.2 0.04609375 0.03671875
0 0.1984375 0.17578125 0.0421875 0.03671875
0 0.25703125 0.1484375 0.0421875 0.03671875
0 0.2203125 0.09453125 0.0421875 0.04609375
0 0.28359375 0.0640625 0.0546875 0.0515625
0 0.34765625 0.0390625 0.0546875 0.04609375
0 0.3203125 0.128125 0.0546875 0.0515625
0 0.29296875 0.2171875 0.0546875 0.04609375
0 0.2265625 0.23359375 0.0421875 0.0421875
0 0.165625 0.25859375 0.0421875 0.03671875
0 0.11015625 0.2875 0.03671875 0.0328125
0 0.06796875 0.2328125 0.03671875 0.0328125
0 0.740625 0.16171875 0.04609375 0.04609375
0 0.6765625 0.190625 0.04609375 0.03671875
0 0.61171875 0.2203125 0.0515625 0.0421875
0 0.5390625 0.2484375 0.04609375 0.0421875
0 0.48046875 0.27578125 0.04609375 0.0421875
0 0.42890625 0.30390625 0.0328125 0.03671875
0 0.36484375 0.33046875 0.0515625 0.0421875
0 0.29921875 0.35546875 0.0421875 0.03671875
0 0.26015625 0.3 0.03671875 0.03671875
0 0.20234375 0.3234375 0.0421875 0.02734375
0 0.328125 0.2765625 0.0328125 0.03671875
0 0.35859375 0.18125 0.0328125 0.03671875
0 0.38828125 0.2453125 0.03671875 0.03671875
0 0.45234375 0.2140625 0.03671875 0.0328125
0 0.4203125 0.153125 0.04609375 0.04609375
0 0.38515625 0.09140625 0.0421875 0.0328125
0 0.44375 0.0671875 0.04609375 0.04609375
0 0.478125 0.12578125 0.0515625 0.04609375
0 0.54765625 0.10546875 0.0515625 0.0421875
0 0.57890625 0.16328125 0.0515625 0.03671875
0 0.64453125 0.13984375 0.0546875 0.04609375
0 0.6125 0.078125 0.04609375 0.0421875
0 0.5125 0.0484375 0.0546875 0.04609375
0 0.57890625 0.025 0.0515625 0.04609375
0 0.665625 0.05234375 0.0421875 0.04609375
0 0.70703125 0.10703125 0.0515625 0.04609375
0 0.7703125 0.08046875 0.0421875 0.03671875
0 0.79609375 0.13125 0.04609375 0.04609375
0 0.83984375 0.19609375 0.0421875 0.0328125
0 0.7125 0.24921875 0.0515625 0.03671875
0 0.6421875 0.27265625 0.06015625 0.0546875
0 0.57890625 0.30859375 0.0515625 0.04609375
0 0.5203125 0.33203125 0.0515625 0.04609375
0 0.45546875 0.35703125 0.0421875 0.0515625
0 0.39453125 0.39140625 0.0421875 0.02734375
0 0.6203125 0.36640625 0.0421875 0.0328125
0 0.68203125 0.3421875 0.04609375 0.0328125
0 0.740625 0.30859375 0.04609375 0.04609375
0 0.8078125 0.2859375 0.0515625 0.03671875
0 0.7734375 0.22265625 0.04609375 0.02734375
0 0.87421875 0.24921875 0.04609375 0.03671875
0 0.93828125 0.23046875 0.04609375 0.03671875
0 0.97265625 0.290625 0.0515625 0.04609375
0 0.90859375 0.3140625 0.0515625 0.04609375
0 0.84453125 0.34140625 0.0515625 0.04609375
0 0.7859375 0.37109375 0.0328125 0.0421875
0 0.71484375 0.3953125 0.0421875 0.03671875
0 0.68828125 0.48359375 0.0515625 0.03671875
0 0.62109375 0.5125 0.0515625 0.0328125
0 0.55390625 0.5421875 0.04609375 0.03671875
0 0.49375 0.56796875 0.04609375 0.0328125
0 0.46875 0.5140625 0.0515625 0.0421875
0 0.421875 0.45078125 0.0421875 0.03671875
0 0.40234375 0.53828125 0.04609375 0.03671875
0 0.36328125 0.47734375 0.0421875 0.0421875
0 0.30703125 0.50625 0.04609375 0.02734375
0 0.26953125 0.44375 0.03671875 0.0421875
0 0.23359375 0.3875 0.04609375 0.02734375
0 0.33828125 0.41953125 0.04609375 0.03671875
0 0.49296875 0.421875 0.0515625 0.0421875
0 0.55390625 0.39140625 0.04609375 0.04609375
0 0.58671875 0.453125 0.0421875 0.0421875
0 0.5234375 0.4734375 0.0515625 0.04609375
0 0.65 0.4234375 0.03671875 0.03671875
0 0.7484375 0.45546875 0.06015625 0.04609375
0 0.78046875 0.51015625 0.0515625 0.04609375
0 0.71796875 0.54453125 0.0546875 0.0421875
0 0.65234375 0.57421875 0.0515625 0.04609375
0 0.59609375 0.6015625 0.0421875 0.04609375
0 0.53828125 0.63359375 0.0515625 0.0546875
0 0.46796875 0.6578125 0.0421875 0.03671875
0 0.3765625 0.62421875 0.0421875 0.03671875
0 0.3390625 0.56171875 0.03671875 0.02734375
0 0.434375 0.59765625 0.03671875 0.02734375
0 0.41171875 0.68515625 0.03671875 0.03671875
0 0.50859375 0.7171875 0.04609375 0.02734375
0 0.5390625 0.778125 0.04609375 0.0328125
0 0.5953125 0.7515625 0.0546875 0.0421875
0 0.65859375 0.7296875 0.04609375 0.04609375
0 0.62890625 0.66640625 0.0421875 0.03671875
0 0.73203125 0.70078125 0.04609375 0.0421875
0 0.68828125 0.6328125 0.0515625 0.0421875
0 0.75 0.60546875 0.04609375 0.0421875
0 0.8140625 0.575 0.04609375 0.03671875
0 0.85546875 0.6421875 0.0546875 0.0421875
0 0.79140625 0.67109375 0.0546875 0.04609375
0 0.759375 0.75078125 0.04609375 0.0515625
0 0.7 0.78828125 0.0546875 0.0421875
0 0.79609375 0.8171875 0.04609375 0.03671875
0 0.85 0.7890625 0.0515625 0.03671875
0 0.82265625 0.725 0.0515625 0.03671875
0 0.88828125 0.6984375 0.0546875 0.04609375
0 0.91484375 0.75859375 0.04609375 0.03671875
0 0.97734375 0.73515625 0.0421875 0.02734375
0 0.946875 0.66953125 0.0546875 0.0421875
0 0.9140625 0.6109375 0.0515625 0.04609375
0 0.446875 0.75859375 0.0328125 0.03671875
0 0.475 0.809375 0.04609375 0.0328125
0 0.90859375 0.45859375 0.0515625 0.0421875
0 0.8765625 0.39765625 0.06015625 0.0515625
0 0.81484375 0.42734375 0.03671875 0.02734375
0 0.84609375 0.48984375 0.0546875 0.0421875
0 0.94140625 0.51640625 0.0515625 0.0515625
0 0.8890625 0.553125 0.0421875 0.0328125
0 0.9703125 0.58125 0.05859375 0.06015625
0 0.96640625 0.434375 0.0640625 0.0515625
0 0.9421875 0.3703125 0.0640625 0.0515625
0 0.9875 0.48984375 0.025 0.0421875
0 0.99140625 0.6390625 0.01640625 0.03671875
0 0.9875 0.19609375 0.025 0.0515625
0 0.96953125 0.13828125 0.04609375 0.0421875
0 0.896875 0.171875 0.04609375 0.0546875
0 0.86875 0.1109375 0.04609375 0.0421875
0 0.9265625 0.078125 0.06953125 0.0421875
0 0.98046875 0.04921875 0.03828125 0.0515625
0 0.96484375 0.00859375 0.03671875 0.01640625
0 0.83125 0.04921875 0.0515625 0.0515625
0 0.7390625 0.03046875 0.0421875 0.04609375
0 0.6421875 0.00859375 0.06015625 0.01640625
0 0.7984375 0.00546875 0.0515625 0.0109375
0 0.90234375 0.02265625 0.04609375 0.0421875
0 0.48046875 0.00859375 0.0640625 0.01640625
0 0.4109375 0.01484375 0.04609375 0.0296875
0 0.9875 0.34453125 0.025 0.0453125
0 0.02734375 0.46875 0.0546875 0.0546875
0 0.0234375 0.7046875 0.046875 0.125
0 0.1234375 0.79453125 0.10078125 0.0734375
0 0.14765625 0.69765625 0.096875 0.09140625
0 0.30703125 0.70625 0.10078125 0.096875
0 0.41171875 0.834375 0.09140625 0.096875
0 0.2078125 0.96484375 0.0859375 0.06953125
0 0.1234375 0.97890625 0.1078125 0.0421875
0 0.6453125 0.90390625 0.2984375 0.1921875
0 0.43125 0.93828125 0.15546875 0.12265625