0 0.05703125 0.01171875 0.03515625 0.0234375
0 0.11328125 0.0421875 0.03515625 0.03203125
0 0.02109375 0.06484375 0.0421875 0.040625
0 0.07890625 0.090625 0.0265625 0.03203125
0 0.03515625 0.1578125 0.03203125 0.03203125
0 0.00390625 0.95859375 0.00703125 0.0265625
0 0.07890625 0.60390625 0.04453125 0.0265625
0 0.06015625 0.50625 0.03515625 0.0265625
0 0.11796875 0.43359375 0.06171875 0.040625
0 0.03515625 0.6578125 0.03203125 0.03203125
0 0.01953125 0.80859375 0.0390625 0.03203125
0 0.04375 0.9 0.0265625 0.0265625
0 0.11640625 0.7875 0.040625 0.03203125
0 0.16640625 0.728125 0.03515625 0.0265625
0 0.25390625 0.7234375 0.05 0.053125
0 0.21875 0.778125 0.05859375 0.0671875
0 0.1890625 0.815625 0.04453125 0.03515625
0 0.19140625 0.92890625 0.0671875 0.0671875
0 0.3734375 0.67890625 0.05859375 0.053125
0 0.04375 0.98046875 0.04453125 0.0390625
0 0.44609375 0.4890625 0.0796875 0.13828125
0 0.38359375 0.49296875 0.04453125 0.08828125
0 0.28046875 0.55703125 0.03203125 0.03203125
0 0.18046875 0.57734375 0.03515625 0.0265625
0 0.21953125 0.5125 0.03515625 0.03203125
0 0.25703125 0.459375 0.03203125 0.03203125
0 0.16328125 0.4796875 0.03515625 0.0265625
0 0.24296875 0.365625 0.03515625 0.03203125
0 0.340625 0.346875 0.03515625 0.0265625
0 0.43984375 0.3234375 0.03203125 0.0265625
0 0.32265625 0.25234375 0.03515625 0.0265625
0 0.38046875 0.28828125 0.0265625 0.0265625
0 0.41640625 0.23203125 0.03203125 0.03203125
0 0.48125 0.26171875 0.0265625 0.0265625
0 0.28046875 0.3109375 0.03203125 0.0265625
0 0.078125 0.34765625 0.03515625 0.03203125
0 0.02109375 0.30859375 0.03515625 0.03203125
0 0.05859375 0.25390625 0.03203125 0.03515625
0 0.11875 0.290625 0.03515625 0.03203125
0 0.00625 0.21328125 0.0125 0.0265625
0 0.1828125 0.32890625 0.03203125 0.0265625
0 0.21875 0.2734375 0.040625 0.03203125
0 0.1359375 0.38828125 0.0265625 0.03203125
0 0.15625 0.2375 0.03203125 0.03203125
0 0.2609375 0.21328125 0.03515625 0.0265625
0 0.1 0.19296875 0.04453125 0.03203125
0 0.13828125 0.13359375 0.03203125 0.0265625
0 0.2328125 0.11640625 0.0265625 0.0265625
0 0.321875 0.00859375 0.034375 0.0171875
0 0.43671875 0.08046875 0.0265625 0.0265625
0 0.3953125 0.1328125 0.03203125 0.03515625
0 0.553125 0.14609375 0.03515625 0.0265625
0 0.6 0.08828125 0.040625 0.03515625
0 0.5 0.11171875 0.03515625 0.03515625
0 0.53515625 0.0546875 0.03515625 0.03203125
0 0.484375 0.01328125 0.03203125 0.0265625