0 0.2984375 0.36796875 0.028125 0.0234375
0 0.353125 0.3890625 0.028125 0.028125
0 0.403125 0.61015625 0.03125 0.0234375
0 0.45234375 0.6328125 0.0359375 0.03125
0 0.5234375 0.6140625 0.03125 0.03125
0 0.603125 0.5953125 0.028125 0.028125
0 0.47109375 0.703125 0.0359375 0.03125
0 0.51640625 0.7328125 0.0390625 0.028125
0 0.58828125 0.7109375 0.0359375 0.03125
0 0.6140625 0.6734375 0.03125 0.028125
0 0.7078125 0.725 0.03125 0.028125
0 0.7875 0.703125 0.028125 0.03125
0 0.60859375 0.7859375 0.0359375 0.03125
0 0.72734375 0.79765625 0.0234375 0.0234375
0 0.77734375 0.81640625 0.0390625 0.0234375
0 0.8046875 0.775 0.03125 0.028125
0 0.84765625 0.7984375 0.0234375 0.028125
0 0.8765625 0.7515625 0.028125 0.028125
0 0.82890625 0.72734375 0.0234375 0.0234375
0 0.340625 0.50859375 0.03125 0.0390625
0 0.36953125 0.459375 0.0359375 0.028125
0 0.4140625 0.4890625 0.03125 0.03125
0 0.5078125 0.5359375 0.03125 0.03125
0 0.63125 0.54765625 0.028125 0.0234375
0 0.6765625 0.57421875 0.03125 0.0234375
0 0.7171875 0.60625 0.028125 0.03125
0 0.61171875 0.97734375 0.0359375 0.0234375
0 0.56484375 0.94921875 0.0359375 0.0234375
0 0.59296875 0.903125 0.0359375 0.03125
0 0.50703125 0.853125 0.0359375 0.028125
0 0.528125 0.803125 0.03125 0.028125
0 0.4859375 0.778125 0.028125 0.03125
0 0.8875 0.94140625 0.03125 0.0234375
0 0.95703125 0.91875 0.0390625 0.03125
0 0.98828125 0.875 0.0234375 0.03125
0 0.8359375 0.915625 0.03125 0.028125
0 0.809375 0.9625 0.03125 0.028125
0 0.8609375 0.98828125 0.028125 0.0234375
0 0.734375 0.98125 0.03125 0.03125
0 0.76796875 0.93359375 0.0359375 0.0390625
0 0.78984375 0.88984375 0.0390625 0.0359375
0 0.71484375 0.9078125 0.0390625 0.028125
0 0.69140625 0.953125 0.0390625 0.03125
0 0.64296875 0.93359375 0.0359375 0.0234375
0 0.671875 0.88125 0.03125 0.028125
0 0.74609375 0.865625 0.0390625 0.028125
0 0.49296875 0.96875 0.0390625 0.03125
0 0.52421875 0.9234375 0.0390625 0.028125
0 0.5515625 0.87578125 0.03125 0.0234375
0 0.415625 0.98828125 0.028125 0.0234375
0 0.47109375 0.89453125 0.0359375 0.0234375
0 0.3984375 0.9125 0.03125 0.028125
0 0.33515625 0.978125 0.0828125 0.04375
0 0.24453125 0.92421875 0.0984375 0.1140625
0 0.9515625 0.734375 0.028125 0.03125
0 0.97265625 0.80546875 0.0234375 0.0234375
0 0.81875 0.84375 0.028125 0.03125
0 0.9421875 0.8578125 0.03125 0.028125
0 0.65 0.81328125 0.04375 0.0390625
0 0.7015625 0.83828125 0.028125 0.0359375
0 0.62578125 0.86015625 0.0390625 0.0234375
0 0.5796875 0.828125 0.028125 0.03125
0 0.45703125 0.82265625 0.0390625 0.0359375
0 0.43046875 0.871875 0.0390625 0.03125
0 0.38359375 0.84375 0.0390625 0.03125
0 0.4078125 0.796875 0.04375 0.03125
0 0.43359375 0.75234375 0.0390625 0.0359375
0 0.33671875 0.81640625 0.0234375 0.0234375
0 0.36171875 0.7703125 0.0359375 0.03125
0 0.3953125 0.72265625 0.03125 0.0234375
0 0.49140625 0.66015625 0.0359375 0.0234375
0 0.54375 0.69375 0.03125 0.028125
0 0.5671875 0.64453125 0.03125 0.0234375
0 0.55703125 0.7625 0.0359375 0.03125
0 0.634375 0.740625 0.04375 0.028125
0 0.68828125 0.64921875 0.0390625 0.0234375
0 0.665625 0.696875 0.04375 0.04375
0 0.6421875 0.61953125 0.028125 0.0359375
0 0.9046875 0.71171875 0.028125 0.0234375
0 0.3734375 0.65078125 0.04375 0.0359375
0 0.42265625 0.684375 0.0390625 0.03125
0 0.4765625 0.5875 0.03125 0.028125
0 0.30390625 0.671875 0.0359375 0.03125
0 0.35078125 0.69765625 0.0359375 0.0359375
0 0.3171875 0.74609375 0.03125 0.0234375
0 0.27265625 0.7171875 0.0515625 0.04375
0 0.28984375 0.7875 0.0390625 0.028125
0 0.328125 0.625 0.03125 0.03125
0 0.25703125 0.6453125 0.0359375 0.03125
0 0.28125 0.59765625 0.03125 0.0234375
0 0.22265625 0.69140625 0.0390625 0.0234375
0 0.1953125 0.7390625 0.03125 0.03125
0 0.146875 0.715625 0.04375 0.03125
0 0.1765625 0.66796875 0.03125 0.0234375
0 0.2109375 0.61796875 0.046875 0.0390625
0 0.13515625 0.6421875 0.0359375 0.028125
0 0.10078125 0.6859375 0.0359375 0.028125
0 0.07421875 0.7328125 0.0234375 0.028125
0 0.04609375 0.775 0.0359375 0.028125
0 0.0953125 0.79921875 0.04375 0.0359375
0 0.12109375 0.75625 0.0390625 0.028125
0 0.17109375 0.78125 0.0359375 0.03125
0 0.21484375 0.8125 0.0390625 0.03125
0 0.22109375 0.5015625 0.0359375 0.028125
0 0.29375 0.4828125 0.03125 0.028125
0 0.325 0.43125 0.03125 0.028125
0 0.27578125 0.4109375 0.0359375 0.03125
0 0.19765625 0.4296875 0.0359375 0.03125
0 0.25 0.45390625 0.03125 0.0234375
0 0.1734375 0.4703125 0.04375 0.04375
0 0.13671875 0.5203125 0.0390625 0.03125
0 0.19375 0.546875 0.04375 0.03125
0 0.26171875 0.53125 0.0390625 0.03125
0 0.3890625 0.5375 0.028125 0.028125
0 0.46015625 0.5171875 0.0359375 0.028125
0 0.49375 0.47734375 0.028125 0.0234375
0 0.4375 0.44609375 0.03125 0.0234375
0 0.43828125 0.5671875 0.0390625 0.03125
0 0.5828125 0.525 0.03125 0.028125
0 0.35625 0.884375 0.03125 0.028125
0 0.25703125 0.8359375 0.0359375 0.03125
0 0.02421875 0.7078125 0.0390625 0.03125
0 0.05390625 0.6609375 0.0359375 0.03125
0 0.08671875 0.6140625 0.0390625 0.03125
0 0.1578125 0.59765625 0.028125 0.0234375
0 0.23828125 0.578125 0.0390625 0.03125
0 0.11328125 0.56328125 0.0390625 0.0390625
0 0.0390625 0.58671875 0.03125 0.0234375
0 0.0140625 0.6296875 0.028125 0.03125
0 0.07109375 0.5375 0.0390625 0.028125
0 0.09765625 0.49375 0.0390625 0.028125
0 0.125 0.44609375 0.03125 0.0234375
0 0.3984375 0.4125 0.03125 0.028125
0 0.13203125 0.040625 0.1796875 0.08125
0 0.4 0.340625 0.10625 0.09375
0 0.8640625 0.59296875 0.109375 0.0828125
0 0.43125 0.2328125 0.075 0.075
0 0.75390625 0.0953125 0.1015625 0.10625
0 0.4515625 0.14453125 0.046875 0.0453125
0 0.5484375 0.11328125 0.05625 0.0515625
0 0.13671875 0.39765625 0.0703125 0.0609375
0 0.040625 0.4828125 0.065625 0.053125
0 0.8984375 0.1953125 0.053125 0.05
0 0.9375 0.6359375 0.0625 0.05625
0 0.328125 0.19375 0.046875 0.046875