0 0.0234375 0.940625 0.046875 0.11875
0 0.24140625 0.97421875 0.1078125 0.0515625
0 0.4296875 0.46796875 0.075 0.09140625
0 0.49609375 0.05078125 0.04140625 0.03828125
0 0.44140625 0.02734375 0.0546875 0.04140625
0 0.38515625 0.015625 0.046875 0.03125
0 0.5921875 0.0203125 0.04140625 0.03984375
0 0.52578125 0.13125 0.04140625 0.03359375
0 0.4734375 0.10859375 0.046875 0.03828125
0 0.4109375 0.09453125 0.0546875 0.05
0 0.3515625 0.065625 0.04140625 0.04140625
0 0.29453125 0.05234375 0.03828125 0.04140625
0 0.325 0.00546875 0.05 0.0109375
0 0.36796875 0.28359375 0.04140625 0.03828125
0 0.40078125 0.2296875 0.04140625 0.03828125
0 0.43984375 0.1671875 0.046875 0.0546875
0 0.490625 0.1859375 0.03828125 0.03359375
0 0.45703125 0.24765625 0.0296875 0.03359375
0 0.428125 0.3078125 0.03828125 0.03828125
0 0.39609375 0.3625 0.025 0.0296875
0 0.33671875 0.33984375 0.03828125 0.04140625
0 0.27578125 0.3140625 0.05 0.03359375
0 0.34296875 0.20859375 0.04140625 0.03828125
0 0.3734375 0.14765625 0.046875 0.05
0 0.2453125 0.2484375 0.03828125 0.04140625
0 0.2796875 0.18828125 0.0578125 0.03828125
0 0.3140625 0.12734375 0.05 0.04140625
0 0.21953125 0.16953125 0.046875 0.03359375
0 0.1609375 0.15 0.046875 0.03828125
0 0.1859375 0.225 0.046875 0.03828125
0 0.12578125 0.20703125 0.03828125 0.025
0 0.0671875 0.1859375 0.03828125 0.03359375
0 0.09765625 0.13203125 0.03359375 0.025
0 0.15078125 0.28203125 0.05 0.046875
0 0.21875 0.3015625 0.0578125 0.04140625
0 0.09140625 0.26640625 0.0296875 0.03828125
0 0.01328125 0.16640625 0.0265625 0.0296875
0 0.03984375 0.1078125 0.03359375 0.0296875
0 0.2578125 0.10859375 0.046875 0.03828125
0 0.19765625 0.09375 0.05 0.0578125
0 0.134375 0.07109375 0.03359375 0.0296875
0 0.0703125 0.0546875 0.03828125 0.0296875
0 0.17421875 0.01796875 0.0390625 0.0359375
0 0.22734375 0.0296875 0.046875 0.0296875
0 0.303125 0.39921875 0.03828125 0.03828125
0 0.26875 0.4484375 0.0296875 0.0296875
0 0.32578125 0.47265625 0.03359375 0.04140625
0 0.21015625 0.43046875 0.04140625 0.03359375
0 0.24453125 0.3796875 0.046875 0.03828125
0 0.15078125 0.4125 0.05 0.03828125
0 0.18359375 0.36015625 0.0546875 0.03359375
0 0.09453125 0.39296875 0.06328125 0.04140625
0 0.1765625 0.4828125 0.04140625 0.03828125
0 0.2390625 0.4984375 0.05 0.046875
0 0.01640625 0.4984375 0.0296875 0.0296875
0 0.06171875 0.5265625 0.0796875 0.06640625
0 0.009375 0.4265625 0.01796875 0.03359375
0 0.05234375 0.44375 0.04140625 0.03359375
0 0.01796875 0.2984375 0.0359375 0.046875
0 0.05859375 0.32109375 0.03828125 0.03828125
0 0.11796875 0.3390625 0.05 0.05
0 0.034375 0.37265625 0.03828125 0.04140625
0 0.01640625 0.0359375 0.0296875 0.025
0 0.1046875 0.00546875 0.040625 0.0109375
0 0.01171875 0.63046875 0.0234375 0.09140625