0 0.396875 0.1234375 0.0421875 0.02734375
0 0.4515625 0.090625 0.0421875 0.02734375
0 0.41875 0.03671875 0.0421875 0.03671875
0 0.07109375 0.4359375 0.0328125 0.0328125
0 0.0421875 0.38359375 0.03671875 0.02734375
0 0.09609375 0.36171875 0.02734375 0.02734375
0 0.13359375 0.4078125 0.03671875 0.02734375
0 0.15546875 0.32890625 0.03671875 0.02734375
0 0.18671875 0.37734375 0.0328125 0.0328125
0 0.07109375 0.30703125 0.0328125 0.02734375
0 0.0328125 0.2515625 0.03671875 0.02734375
0 0.121875 0.2703125 0.0421875 0.02734375
0 0.2453125 0.35 0.0328125 0.0328125
0 0.2140625 0.29765625 0.0328125 0.02734375
0 0.1796875 0.24140625 0.03671875 0.03671875
0 0.29765625 0.3203125 0.04609375 0.03671875
0 0.26640625 0.26484375 0.04609375 0.02734375
0 0.3546875 0.2859375 0.0421875 0.0328125
0 0.31796875 0.2375 0.0421875 0.02734375
0 0.05234375 0.16484375 0.0421875 0.03671875
0 0.0078125 0.19296875 0.015625 0.0328125
0 0.0734375 0.08125 0.03671875 0.02734375
0 0.0078125 0.05390625 0.015625 0.0359375
0 0.13359375 0.0515625 0.03671875 0.0328125
0 0.16484375 0.10625 0.03671875 0.0328125
0 0.1046875 0.13671875 0.0328125 0.02734375
0 0.19609375 0.16015625 0.0328125 0.02734375
0 0.253125 0.128125 0.03671875 0.03671875
0 0.21328125 0.07265625 0.0421875 0.04609375
0 0.1875 0.02109375 0.04609375 0.0421875
0 0.27578125 0.0421875 0.04609375 0.0328125
0 0.303125 0.0953125 0.04609375 0.03671875
0 0.334375 0.15546875 0.04609375 0.03671875
0 0.2328125 0.209375 0.0328125 0.02734375
0 0.09140625 0.221875 0.0546875 0.0328125
0 0.36015625 0.07265625 0.0421875 0.02734375
0 0.32578125 0.0140625 0.03671875 0.02734375
0 0.2390625 0.0046875 0.04609375 0.009375
0 0.3703125 0.203125 0.0515625 0.0328125
0 0.42578125 0.16875 0.04609375 0.03671875
0 0.4828125 0.14296875 0.0421875 0.0328125
0 0.51640625 0.19765625 0.0328125 0.0328125
0 0.5359375 0.11328125 0.04609375 0.03671875
0 0.49921875 0.06015625 0.04609375 0.0328125
0 0.4671875 0.009375 0.03671875 0.01796875
0 0.6265625 0.13671875 0.0328125 0.02734375
0 0.56171875 0.0265625 0.0421875 0.02734375
0 0.646875 0.04765625 0.03671875 0.0328125
0 0.7203125 0.14296875 0.096875 0.08828125
0 0.8265625 0.0640625 0.115625 0.128125
0 0.60859375 0.009375 0.04609375 0.01796875
0 0.69609375 0.015625 0.03671875 0.03125
0 0.7828125 0.28046875 0.08203125 0.08828125
0 0.51796875 0.2734375 0.11015625 0.10078125
0 0.82265625 0.78203125 0.14296875 0.128125
0 0.953125 0.98671875 0.09375 0.0265625
0 0.971875 0.6421875 0.05625 0.06875
0 0.78203125 0.5765625 0.0515625 0.0546875
0 0.7296875 0.4765625 0.06015625 0.0546875
0 0.75390625 0.6734375 0.07890625 0.0640625
0 0.0921875 0.009375 0.03828125 0.01796875
0 0.03203125 0.03046875 0.02734375 0.03515625
0 0.7015625 0.346875 0.0546875 0.053125
0 0.5953125 0.08203125 0.040625 0.03828125
0 0.565625 0.1609375 0.040625 0.040625
0 0.01953125 0.453125 0.03828125 0.03828125
0 0.01640625 0.33125 0.0328125 0.040625
0 0.40546875 0.265625 0.0421875 0.04765625
0 0.146875 0.190625 0.040625 0.03671875