0 0.046875 0.096875 0.02421875 0.02421875
0 0.03828125 0.01171875 0.0234375 0.0234375
0 0.015625 0.38125 0.03125 0.028125
0 0.01484375 0.60078125 0.02421875 0.02890625
0 0.103125 0.7375 0.071875 0.06875
0 0.228125 0.71328125 0.0609375 0.06875
0 0.265625 0.76328125 0.03671875 0.03203125
0 0.2875 0.65546875 0.04765625 0.03984375
0 0.13359375 0.49765625 0.06875 0.06875
0 0.1875 0.42734375 0.02421875 0.02421875
0 0.2796875 0.43203125 0.03203125 0.03984375
0 0.43046875 0.67265625 0.05625 0.04453125
0 0.34921875 0.43359375 0.06875 0.05234375
0 0.32421875 0.7078125 0.04453125 0.04765625
0 0.31484375 0.97734375 0.04765625 0.04453125
0 0.075 0.92890625 0.0796875 0.11640625
0 0.0921875 0.04375 0.02421875 0.02421875
0 0.225 0.0703125 0.0609375 0.0609375
0 0.2515625 0.28671875 0.05625 0.05234375
0 0.0921875 0.1296875 0.03984375 0.0609375
0 0.628125 0.2171875 0.0609375 0.04453125
0 0.72265625 0.30625 0.05625 0.05234375
0 0.259375 0.83515625 0.071875 0.0640625
0 0.32421875 0.81484375 0.04453125 0.04765625
0 0.63515625 0.68359375 0.05625 0.04765625
0 0.55703125 0.46171875 0.05234375 0.04453125
0 0.61953125 0.4453125 0.04453125 0.04453125
0 0.7453125 0.23828125 0.03671875 0.0609375
0 0.484375 0.60625 0.02890625 0.03671875