0 0.70625 0.0078125 0.05625 0.015625
0 0.965625 0.00625 0.059375 0.01171875
0 0.8140625 0.0140625 0.05625 0.028125
0 0.75546875 0.05 0.05625 0.0421875
0 0.66015625 0.02890625 0.059375 0.03359375
0 0.9078125 0.03125 0.05625 0.05625
0 0.8515625 0.06328125 0.0421875 0.0421875
0 0.78984375 0.11171875 0.04765625 0.04765625
0 0.9421875 0.084375 0.0640625 0.05078125
0 0.9875 0.04140625 0.025 0.0421875
0 0.96640625 0.23671875 0.03359375 0.0421875
0 0.93046875 0.178125 0.04765625 0.03359375
0 0.9828125 0.13984375 0.03359375 0.0421875
0 0.86640625 0.22578125 0.04765625 0.04765625
0 0.828125 0.16640625 0.0390625 0.03046875
0 0.8875 0.121875 0.0390625 0.03359375
0 0.6921875 0.09296875 0.0390625 0.03359375
0 0.6375 0.13125 0.04765625 0.0421875
0 0.734375 0.14765625 0.05625 0.03359375
0 0.67578125 0.19140625 0.0390625 0.04765625
0 0.77109375 0.209375 0.05078125 0.0390625
0 0.71875 0.24765625 0.04765625 0.03046875
0 0.61953125 0.23125 0.0390625 0.0390625
0 0.5796875 0.16875 0.05078125 0.0421875
0 0.540625 0.11875 0.04765625 0.05078125
0 0.59765625 0.0671875 0.0421875 0.0421875
0 0.99296875 0.29609375 0.01328125 0.0421875
0 0.915625 0.28125 0.03359375 0.03046875
0 0.8578125 0.32109375 0.03046875 0.0421875
0 0.75390625 0.30546875 0.03359375 0.03359375
0 0.8125 0.2671875 0.02578125 0.02578125
0 0.9484375 0.3328125 0.0421875 0.0390625
0 0.8984375 0.37734375 0.03359375 0.02578125
0 0.7890625 0.3609375 0.0390625 0.03046875
0 0.70546875 0.34765625 0.03046875 0.03359375
0 0.65625 0.284375 0.03359375 0.03046875
0 0.5625 0.2703125 0.05078125 0.0421875
0 0.51875 0.2140625 0.04765625 0.0390625
0 0.48125 0.15546875 0.04765625 0.0390625
0 0.9296875 0.434375 0.05625 0.05625
0 0.98046875 0.39765625 0.0390625 0.0421875
0 0.9703125 0.49296875 0.059375 0.04765625
0 0.9125 0.5296875 0.05625 0.0421875
0 0.871875 0.4796875 0.0421875 0.04765625
0 0.834375 0.42109375 0.0421875 0.0390625
0 0.73828125 0.403125 0.0390625 0.03046875
0 0.778125 0.4578125 0.04765625 0.03359375
0 0.68203125 0.44296875 0.0421875 0.0390625
0 0.6421875 0.3859375 0.04765625 0.0421875
0 0.60234375 0.32578125 0.0390625 0.03359375
0 0.54140625 0.36796875 0.0421875 0.05078125
0 0.5015625 0.30859375 0.04765625 0.05078125
0 0.4640625 0.25 0.04765625 0.0421875
0 0.99296875 0.54609375 0.01328125 0.05078125
0 0.896875 0.6234375 0.04765625 0.04765625
0 0.85625 0.565625 0.05078125 0.0390625
0 0.8140625 0.5125 0.05625 0.0421875
0 0.94375 0.58984375 0.03359375 0.04765625
0 0.984375 0.640625 0.03046875 0.04765625
0 0.97890625 0.74609375 0.0421875 0.05078125
0 0.99296875 0.796875 0.01328125 0.05078125
0 0.9828125 0.8921875 0.03359375 0.05625
0 0.97421875 0.98203125 0.05078125 0.0359375
0 0.940625 0.92734375 0.05078125 0.05078125
0 0.88046875 0.9703125 0.0421875 0.0421875
0 0.71953125 0.98671875 0.0484375 0.0265625
0 0.78046875 0.95546875 0.0390625 0.0390625
0 0.6875 0.94375 0.0390625 0.03359375
0 0.4703125 0.99140625 0.0421875 0.0171875
0 0.53125 0.96640625 0.0390625 0.03359375
0 0.61953125 0.98046875 0.0390625 0.0390625
0 0.38125 0.984375 0.03359375 0.03046875
0 0.278125 0.971875 0.04765625 0.0390625
0 0.24296875 0.9203125 0.0390625 0.04765625
0 0.1859375 0.95703125 0.0421875 0.0421875
0 0.428125 0.94921875 0.0421875 0.03359375
0 0.39609375 0.8890625 0.05625 0.0421875
0 0.3 0.87578125 0.05078125 0.0390625
0 0.490625 0.9125 0.0421875 0.0390625
0 0.45078125 0.8515625 0.04765625 0.0421875
0 0.353125 0.8390625 0.0390625 0.03359375
0 0.54296875 0.86875 0.0390625 0.0421875
0 0.5859375 0.92265625 0.0390625 0.0421875
0 0.19609375 0.86015625 0.0390625 0.0421875
0 0.8375 0.91875 0.04765625 0.05078125
0 0.7390625 0.89296875 0.04765625 0.03359375
0 0.6484375 0.8875 0.0421875 0.0390625
0 0.60859375 0.8296875 0.04765625 0.0421875
0 0.703125 0.84140625 0.05078125 0.0390625
0 0.7984375 0.85859375 0.04765625 0.0390625
0 0.8984375 0.87890625 0.05078125 0.0390625
0 0.95234375 0.840625 0.05078125 0.04765625
0 0.72421875 0.74765625 0.0421875 0.04765625
0 0.6609375 0.7875 0.05078125 0.0421875
0 0.56640625 0.77265625 0.04765625 0.04765625
0 0.6140625 0.7265625 0.0421875 0.0390625
0 0.58359375 0.67421875 0.0421875 0.04765625
0 0.68203125 0.6859375 0.0421875 0.0421875
0 0.78125 0.709375 0.04765625 0.0390625
0 0.815625 0.76015625 0.04765625 0.0390625
0 0.76171875 0.80390625 0.0421875 0.0421875
0 0.853125 0.81796875 0.0390625 0.0421875
0 0.915625 0.78203125 0.03359375 0.0390625
0 0.87734375 0.721875 0.0421875 0.04765625
0 0.83984375 0.6640625 0.0390625 0.03359375
0 0.74609375 0.65234375 0.03359375 0.03359375
0 0.93984375 0.6796875 0.059375 0.04765625
0 0.50703125 0.8109375 0.04765625 0.0390625
0 0.46796875 0.75390625 0.04765625 0.05078125
0 0.5234375 0.72265625 0.04765625 0.0390625
0 0.4875 0.65703125 0.0421875 0.0421875
0 0.43359375 0.69765625 0.04765625 0.05625
0 0.64296875 0.6359375 0.0421875 0.05078125
0 0.55078125 0.61640625 0.03359375 0.0390625
0 0.796875 0.6125 0.05078125 0.0390625
0 0.75625 0.5484375 0.04765625 0.0390625
0 0.71875 0.5 0.04765625 0.05078125
0 0.62890625 0.47734375 0.04765625 0.0390625
0 0.6640625 0.53828125 0.05078125 0.059375
0 0.703125 0.58984375 0.05078125 0.04765625
0 0.6015625 0.5796875 0.05078125 0.05078125
0 0.50625 0.56328125 0.05625 0.0421875
0 0.56640625 0.51953125 0.03046875 0.0390625
0 0.4671875 0.503125 0.0390625 0.03359375
0 0.49140625 0.40859375 0.05078125 0.04765625
0 0.52421875 0.46328125 0.059375 0.05625
0 0.58671875 0.4265625 0.04765625 0.05625
0 0.07578125 0.6859375 0.0421875 0.0421875
0 0.13984375 0.6484375 0.0421875 0.0421875
0 0.19921875 0.6125 0.0421875 0.0390625
0 0.25390625 0.571875 0.03359375 0.0421875
0 0.21875 0.51328125 0.04765625 0.04765625
0 0.165625 0.55390625 0.0421875 0.03359375
0 0.10625 0.59765625 0.0421875 0.0421875
0 0.37265625 0.4859375 0.05078125 0.0390625
0 0.4234375 0.44609375 0.03359375 0.03046875
0 0.40859375 0.54375 0.04765625 0.04765625
0 0.35078125 0.58125 0.05078125 0.04765625
0 0.28671875 0.62265625 0.04765625 0.0421875
0 0.39375 0.63828125 0.059375 0.0390625
0 0.44453125 0.603125 0.02578125 0.03046875
0 0.3171875 0.52734375 0.03359375 0.03046875
0 0.2328125 0.6671875 0.0421875 0.0390625
0 0.1796875 0.70625 0.04765625 0.0390625
0 0.21875 0.7625 0.04765625 0.03359375
0 0.27734375 0.7203125 0.0390625 0.03359375
0 0.334375 0.68359375 0.0421875 0.0390625
0 0.37109375 0.73671875 0.04765625 0.0421875
0 0.31171875 0.7796875 0.04765625 0.05078125
0 0.40703125 0.78984375 0.05078125 0.04765625
0 0.1265625 0.7484375 0.0421875 0.0390625
0 0.02421875 0.7328125 0.0421875 0.0421875
0 0.04375 0.6390625 0.04765625 0.05078125
0 0.01328125 0.57734375 0.0265625 0.0296875
0 0.05703125 0.89453125 0.0390625 0.03046875
0 0.10234375 0.8390625 0.05625 0.03359375
0 0.1625 0.80234375 0.04765625 0.0390625
0 0.06640625 0.790625 0.03046875 0.0390625
0 0.00859375 0.82734375 0.0171875 0.03046875
0 0.14453125 0.8984375 0.0390625 0.03359375
0 0.2578125 0.81796875 0.03359375 0.02578125
0 0.0890625 0.9375 0.059375 0.03046875
0 0.1484375 0.98671875 0.034375 0.0265625
0 0.1359375 0.39296875 0.05078125 0.05078125
0 0.1734375 0.45390625 0.0421875 0.04765625
0 0.234375 0.4109375 0.05625 0.0421875
0 0.27265625 0.465625 0.04765625 0.0421875
0 0.11796875 0.49609375 0.059375 0.0421875
0 0.07734375 0.4375 0.05625 0.04765625
0 0.04140625 0.384375 0.0421875 0.05078125
0 0.29375 0.37421875 0.05625 0.04765625
0 0.3296875 0.42890625 0.0421875 0.04765625
0 0.384375 0.39140625 0.05078125 0.04765625
0 0.44921875 0.35 0.05078125 0.0390625
0 0.40703125 0.290625 0.05078125 0.0390625
0 0.31328125 0.2796875 0.05078125 0.03359375
0 0.253125 0.31796875 0.0421875 0.0421875
0 0.19453125 0.3578125 0.05078125 0.04765625
0 0.3484375 0.33671875 0.0390625 0.0390625
0 0.065625 0.53125 0.0390625 0.0390625
0 0.09765625 0.33828125 0.0421875 0.0421875
0 0.0109375 0.32265625 0.021875 0.02890625
0 0.0171875 0.22265625 0.03359375 0.0390625
0 0.059375 0.28125 0.03359375 0.03046875
0 0.1140625 0.24453125 0.0421875 0.0421875
0 0.0765625 0.18984375 0.05078125 0.05078125
0 0.20546875 0.265625 0.04765625 0.0390625
0 0.15703125 0.29921875 0.0421875 0.0390625
0 0.1375 0.14375 0.04765625 0.05078125
0 0.0359375 0.13125 0.04765625 0.0421875
0 0.09765625 0.08984375 0.0421875 0.04765625
0 0.19296875 0.11015625 0.04765625 0.03359375
0 0.2328125 0.16328125 0.0421875 0.0390625
0 0.26640625 0.21953125 0.05078125 0.0421875
0 0.178125 0.203125 0.03359375 0.03359375
0 0.28828125 0.12265625 0.05078125 0.0421875
0 0.3234375 0.18671875 0.04765625 0.05078125
0 0.3640625 0.23203125 0.05078125 0.05078125
0 0.4234375 0.18984375 0.05078125 0.05078125
0 0.3875 0.14140625 0.05625 0.0390625
0 0.43828125 0.09921875 0.05625 0.05625
0 0.55390625 0.0171875 0.03359375 0.03359375
0 0.36484375 0.00390625 0.0515625 0.0078125
0 0.4578125 0.0125 0.059375 0.025
0 0.5015625 0.05625 0.04765625 0.04765625
0 0.40234375 0.03984375 0.059375 0.05625
0 0.34609375 0.07890625 0.04765625 0.0390625
0 0.30390625 0.02265625 0.0421875 0.0453125
0 0.25390625 0.0640625 0.05078125 0.04765625
0 0.14453125 0.04765625 0.0390625 0.04765625
0 0.05390625 0.03125 0.03359375 0.0390625
0 0.203125 0.0171875 0.05078125 0.03359375
0 0.109375 0.00625 0.0421875 0.01171875
0 0.00859375 0.0671875 0.0171875 0.0421875
0 0.003125 0.4234375 0.00625 0.046875
0 0.0046875 0.1734375 0.009375 0.04375
0 0.003125 0.67265625 0.00625 0.0453125
0 0.3296875 0.93203125 0.0421875 0.0375