0 0.62109375 0.99453125 0.05 0.0109375
0 0.85078125 0.99296875 0.0625 0.0140625
0 0.93984375 0.96796875 0.04453125 0.05390625
0 0.98828125 0.98359375 0.0234375 0.03203125
0 0.7796875 0.98125 0.04453125 0.0375
0 0.70390625 0.9703125 0.0359375 0.04140625
0 0.87578125 0.94765625 0.04140625 0.04140625
0 0.80390625 0.92265625 0.05 0.04453125
0 0.9 0.8734375 0.0359375 0.0359375
0 0.9703125 0.9 0.05859375 0.05390625
0 0.66328125 0.8671875 0.04453125 0.04140625
0 0.63515625 0.93828125 0.04140625 0.04140625
0 0.82890625 0.8484375 0.05390625 0.05
0 0.7625 0.81875 0.05390625 0.04140625
0 0.69375 0.7984375 0.05859375 0.05390625
0 0.92578125 0.79453125 0.05859375 0.05
0 0.85625 0.7703125 0.04453125 0.04453125
0 0.78046875 0.75 0.05390625 0.05
0 0.88046875 0.70234375 0.05 0.05859375
0 0.94765625 0.7296875 0.05859375 0.04140625
0 0.80859375 0.68359375 0.03203125 0.03203125
0 0.74765625 0.65546875 0.04140625 0.0359375
0 0.8640625 0.6234375 0.0359375 0.0359375
0 0.8015625 0.5984375 0.0359375 0.03203125
0 0.56875 0.09296875 0.05859375 0.05390625
0 0.63046875 0.09453125 0.05 0.05
0 0.7015625 0.0953125 0.05 0.04140625
0 0.7765625 0.1078125 0.05 0.04140625
0 0.91015625 0.1140625 0.04453125 0.0359375
0 0.97890625 0.11640625 0.0421875 0.0421875
0 0.98359375 0.0515625 0.03203125 0.0359375
0 0.91875 0.0515625 0.04453125 0.0359375
0 0.8484375 0.04375 0.05 0.04453125
0 0.84609375 0.1109375 0.0359375 0.0359375
0 0.83828125 0.17578125 0.04453125 0.04140625
0 0.76796875 0.17578125 0.05 0.04140625
0 0.69609375 0.16640625 0.05 0.05
0 0.63125 0.1671875 0.04140625 0.04140625
0 0.56171875 0.1578125 0.04453125 0.04140625
0 0.49609375 0.1546875 0.05 0.04453125
0 0.4890625 0.2171875 0.0359375 0.04453125
0 0.56171875 0.22265625 0.04453125 0.04453125
0 0.4875 0.275 0.05 0.0359375
0 0.6859375 0.23203125 0.0359375 0.03203125
0 0.7484375 0.2390625 0.0359375 0.0359375
0 0.7578125 0.30234375 0.04453125 0.04453125
0 0.825 0.3046875 0.05390625 0.04140625
0 0.82890625 0.25 0.0359375 0.03203125
0 0.61875 0.2890625 0.04453125 0.0359375
0 0.5453125 0.29140625 0.04140625 0.03203125
0 0.8984375 0.2484375 0.05 0.05390625
0 0.95859375 0.25078125 0.0359375 0.04140625
0 0.9703125 0.18828125 0.04140625 0.04140625
0 0.90078125 0.18359375 0.04453125 0.03203125
0 0.9546875 0.31953125 0.04453125 0.0359375
0 0.88515625 0.31015625 0.05859375 0.04140625
0 0.875 0.3828125 0.03203125 0.04453125
0 0.9453125 0.38203125 0.04453125 0.0359375
0 0.99453125 0.3890625 0.0109375 0.03203125
0 0.78515625 0.04453125 0.04453125 0.05
0 0.7171875 0.0328125 0.04453125 0.04140625
0 0.57890625 0.02578125 0.05390625 0.0515625
0 0.6453125 0.02578125 0.04453125 0.0515625
0 0.2625 0.575 0.07109375 0.07109375
0 0.69140625 0.3 0.0640625 0.0640625
0 0.63046875 0.2328125 0.05 0.04453125
0 0.4734375 0.0546875 0.10703125 0.10859375
0 0.11640625 0.4671875 0.0640625 0.05546875