0 0.01328125 0.82734375 0.0265625 0.0328125
0 0.059375 0.8546875 0.02734375 0.0328125
0 0.09296875 0.8 0.0328125 0.0328125
0 0.0375 0.771875 0.02734375 0.02734375
0 0.50546875 0.9671875 0.0546875 0.03671875
0 0.559375 0.98984375 0.02734375 0.0203125
0 0.36640625 0.95390625 0.0421875 0.02734375
0 0.3375 0.99453125 0.02734375 0.0109375
0 0.2796875 0.97265625 0.0328125 0.0328125
0 0.18671875 0.98828125 0.0453125 0.0234375
0 0.22578125 0.94375 0.0328125 0.03671875
0 0.04453125 0.98671875 0.0359375 0.0265625
0 0.00703125 0.96015625 0.0140625 0.0421875
0 0.25625 0.89375 0.0328125 0.02734375
0 0.34765625 0.8671875 0.0328125 0.03671875
0 0.4 0.90234375 0.03671875 0.02734375
0 0.31796875 0.9171875 0.03671875 0.02734375
0 0.2375 0.8078125 0.02734375 0.02734375
0 0.1796875 0.7796875 0.0328125 0.03671875
0 0.2046875 0.8625 0.02734375 0.02734375
0 0.02578125 0.90703125 0.0328125 0.03671875
0 0.16875 0.9234375 0.03671875 0.0328125
0 0.12578125 0.75390625 0.0328125 0.02734375
0 0.078125 0.615625 0.12734375 0.09609375
0 0.01796875 0.04921875 0.0359375 0.0984375
0 0.1625 0.66796875 0.06171875 0.0546875
0 0.08359375 0.9421875 0.03984375 0.03984375
0 0.11796875 0.88671875 0.03671875 0.03125
0 0.15234375 0.8296875 0.03984375 0.03828125
0 0.0171875 0.69609375 0.034375 0.03671875
0 0.06875 0.72421875 0.04765625 0.0421875