0 0.87578125 0.0046875 0.02734375 0.009375
0 0.97734375 0.01796875 0.0359375 0.0359375
0 0.9203125 0.06171875 0.0328125 0.0328125
0 0.9625 0.8828125 0.02734375 0.02734375
0 0.971875 0.78671875 0.02734375 0.02734375
0 0.97578125 0.5328125 0.02734375 0.03671875
0 0.87578125 0.51875 0.0453125 0.02734375
0 0.89453125 0.41875 0.03671875 0.02734375
0 0.98984375 0.4375 0.0203125 0.02734375
0 0.83515625 0.34453125 0.06328125 0.0421875
0 0.9203125 0.57421875 0.0328125 0.0328125
0 0.98984375 0.69296875 0.0203125 0.0328125
0 0.9375 0.72890625 0.0421875 0.0328125
0 0.91171875 0.82265625 0.02734375 0.02734375
0 0.8375 0.70703125 0.0421875 0.0328125
0 0.78515625 0.64609375 0.03671875 0.02734375
0 0.69609375 0.6421875 0.05078125 0.0546875
0 0.73203125 0.6984375 0.06015625 0.06875
0 0.7625 0.73671875 0.0453125 0.03671875
0 0.76015625 0.85234375 0.06875 0.06875
0 0.5734375 0.59609375 0.06015625 0.0546875
0 0.91171875 0.9203125 0.0453125 0.06875
0 0.49921875 0.4015625 0.08203125 0.1421875
0 0.5625 0.40546875 0.0453125 0.090625
0 0.66875 0.47109375 0.0328125 0.0328125
0 0.77109375 0.4921875 0.03671875 0.02734375
0 0.73125 0.42578125 0.03671875 0.0328125
0 0.69296875 0.37109375 0.0328125 0.0328125
0 0.7890625 0.3921875 0.03671875 0.02734375
0 0.70703125 0.27421875 0.03671875 0.0328125
0 0.60703125 0.25546875 0.03671875 0.02734375
0 0.50546875 0.23203125 0.0328125 0.02734375
0 0.62578125 0.159375 0.03671875 0.02734375
0 0.56640625 0.1953125 0.02734375 0.02734375
0 0.52890625 0.13828125 0.0328125 0.0328125
0 0.4625 0.16796875 0.02734375 0.02734375
0 0.66875 0.21875 0.0328125 0.02734375
0 0.8765625 0.25625 0.03671875 0.0328125
0 0.934375 0.21640625 0.03671875 0.0328125
0 0.89609375 0.16015625 0.0328125 0.03671875
0 0.834375 0.1984375 0.03671875 0.0328125
0 0.95703125 0.11875 0.02734375 0.02734375
0 0.984375 0.27734375 0.02734375 0.02734375
0 0.76875 0.2375 0.0328125 0.02734375
0 0.73203125 0.1796875 0.0421875 0.0328125
0 0.8171875 0.2984375 0.02734375 0.0328125
0 0.79609375 0.14375 0.0328125 0.0328125
0 0.6890625 0.11875 0.03671875 0.02734375
0 0.85390625 0.0984375 0.0453125 0.0328125
0 0.81484375 0.0375 0.0328125 0.02734375
0 0.7171875 0.01875 0.02734375 0.02734375
0 0.55078125 0.03671875 0.0328125 0.03671875
0 0.3890625 0.05 0.03671875 0.02734375
0 0.340625 0.0046875 0.0421875 0.009375
0 0.44375 0.01640625 0.03671875 0.0328125