0 0.475 0.56953125 0.04609375 0.0421875
0 0.49375 0.6421875 0.04609375 0.0515625
0 0.428125 0.66953125 0.05546875 0.0515625
0 0.3359375 0.621875 0.03671875 0.03671875
0 0.27890625 0.71484375 0.0515625 0.04609375
0 0.25703125 0.6421875 0.04609375 0.03359375
0 0.34765625 0.690625 0.0421875 0.04609375
0 0.37578125 0.76875 0.0421875 0.0421875
0 0.309375 0.78984375 0.04609375 0.0515625
0 0.2109375 0.74609375 0.04609375 0.02734375
0 0.12890625 0.75859375 0.05546875 0.0515625
0 0.11171875 0.6890625 0.0421875 0.0421875
0 0.4015625 0.84140625 0.04609375 0.0515625
0 0.3234375 0.8640625 0.0609375 0.0421875
0 0.234375 0.81171875 0.05546875 0.05546875
0 0.15390625 0.83671875 0.0609375 0.0609375
0 0.25859375 0.88828125 0.03671875 0.0421875
0 0.18515625 0.91015625 0.0421875 0.0421875
0 0.284375 0.95390625 0.0515625 0.05546875
0 0.35234375 0.93671875 0.0515625 0.04609375
0 0.38671875 0.990625 0.04609375 0.01875
0 0.19765625 0.9765625 0.05546875 0.04609375
0 0.12734375 0.9875 0.0609375 0.025
0 0.115625 0.93359375 0.04609375 0.0515625
0 0.03515625 0.95546875 0.0515625 0.0515625
0 0.04453125 0.72421875 0.0515625 0.04609375
0 0.059375 0.78984375 0.05546875 0.0515625
0 0.009375 0.8015625 0.01875 0.04609375
0 0.08671875 0.8609375 0.05546875 0.0421875
0 0.0203125 0.8796875 0.040625 0.05546875
0 0.48046875 0.08984375 0.10859375 0.0796875
0 0.46875 0.75078125 0.059375 0.0625
0 0.4390625 0.9078125 0.0625 0.05546875
0 0.45234375 0.97890625 0.04453125 0.0421875