0 0.4890625 0.984375 0.046875 0.03125
0 0.6296875 0.97109375 0.03125 0.0359375
0 0.5703125 0.9453125 0.046875 0.046875
0 0.5921875 0.88671875 0.04375 0.0390625
0 0.6484375 0.915625 0.046875 0.028125
0 0.68828125 0.984375 0.0390625 0.03125
0 0.078125 0.9859375 0.03125 0.028125
0 0.0140625 0.975 0.028125 0.04375
0 0.0328125 0.9140625 0.04375 0.03125
0 0.09453125 0.93125 0.0390625 0.04375
0 0.2171875 0.97265625 0.04375 0.0390625
0 0.1609375 0.94921875 0.046875 0.0390625
0 0.24296875 0.91015625 0.0390625 0.0390625
0 0.29921875 0.93359375 0.0359375 0.0390625
0 0.4234375 0.9671875 0.04375 0.04375
0 0.3640625 0.95 0.046875 0.046875
0 0.83046875 0.98046875 0.0359375 0.0390625
0 0.8890625 0.984375 0.04375 0.03125
0 0.76953125 0.95234375 0.0390625 0.0359375
0 0.7109375 0.93125 0.046875 0.04375
0 0.79296875 0.8875 0.0546875 0.046875
0 0.85390625 0.9078125 0.0515625 0.04375
0 0.91640625 0.92890625 0.0515625 0.0515625
0 0.87109375 0.8484375 0.0390625 0.046875
0 0.92890625 0.871875 0.0515625 0.046875
0 0.73046875 0.86953125 0.0390625 0.0515625
0 0.6640625 0.85078125 0.03125 0.0359375
0 0.81484375 0.83046875 0.0359375 0.0359375
0 0.7515625 0.80859375 0.04375 0.0390625
0 0.8359375 0.765625 0.03125 0.03125
0 0.89921875 0.7890625 0.0546875 0.046875
0 0.62890625 0.76015625 0.0390625 0.0359375
0 0.60390625 0.82265625 0.0359375 0.0359375
0 0.7734375 0.74375 0.046875 0.04375
0 0.715625 0.71796875 0.046875 0.0359375
0 0.65546875 0.7 0.0515625 0.046875
0 0.85859375 0.696875 0.0515625 0.04375
0 0.79765625 0.67578125 0.0390625 0.0390625
0 0.73125 0.6578125 0.046875 0.04375
0 0.81875 0.61640625 0.04375 0.0515625
0 0.87734375 0.63984375 0.0515625 0.0359375
0 0.75625 0.6 0.028125 0.028125
0 0.70234375 0.575 0.0359375 0.03125
0 0.8046875 0.546875 0.03125 0.03125
0 0.75 0.525 0.03125 0.028125
0 0.9421875 0.6609375 0.046875 0.03125
0 0.98828125 0.68125 0.0234375 0.04375
0 0.984375 0.890625 0.03125 0.046875
0 0.96796875 0.95390625 0.0515625 0.0546875
0 0.54609375 0.0828125 0.0515625 0.046875
0 0.6 0.084375 0.04375 0.04375
0 0.6625 0.08515625 0.04375 0.0359375
0 0.728125 0.09609375 0.04375 0.0359375
0 0.84453125 0.1015625 0.0390625 0.03125
0 0.90703125 0.10390625 0.0390625 0.0359375
0 0.95703125 0.1140625 0.0234375 0.03125
0 0.96875 0.04921875 0.03125 0.0359375
0 0.91328125 0.046875 0.0359375 0.03125
0 0.85234375 0.046875 0.0390625 0.03125
0 0.790625 0.03984375 0.04375 0.0390625
0 0.7890625 0.0984375 0.03125 0.03125
0 0.78203125 0.15546875 0.0390625 0.0359375
0 0.7203125 0.15546875 0.04375 0.0359375
0 0.6578125 0.146875 0.04375 0.04375
0 0.60078125 0.14765625 0.0359375 0.0359375
0 0.53984375 0.13984375 0.0390625 0.0359375
0 0.4828125 0.13671875 0.04375 0.0390625
0 0.4765625 0.19140625 0.03125 0.0390625
0 0.53984375 0.19609375 0.0390625 0.0390625
0 0.475 0.2421875 0.04375 0.03125
0 0.6484375 0.2046875 0.03125 0.028125
0 0.703125 0.2109375 0.03125 0.03125
0 0.71171875 0.26640625 0.0390625 0.0390625
0 0.7703125 0.26796875 0.046875 0.0359375
0 0.7734375 0.2203125 0.03125 0.028125
0 0.58984375 0.2546875 0.0390625 0.03125
0 0.52578125 0.25625 0.0359375 0.028125
0 0.834375 0.21875 0.04375 0.046875
0 0.8875 0.22109375 0.03125 0.0359375
0 0.89765625 0.16640625 0.0359375 0.0359375
0 0.959375 0.17265625 0.04375 0.0390625
0 0.83671875 0.1625 0.0390625 0.028125
0 0.9375 0.2875 0.03125 0.028125
0 0.9515625 0.2265625 0.028125 0.03125
0 0.88359375 0.28125 0.0390625 0.03125
0 0.82265625 0.27265625 0.0515625 0.0359375
0 0.8140625 0.33671875 0.028125 0.0390625
0 0.87578125 0.3359375 0.0390625 0.03125
0 0.93203125 0.3421875 0.0359375 0.028125
0 0.73515625 0.040625 0.0390625 0.04375
0 0.67578125 0.03046875 0.0390625 0.0359375
0 0.5546875 0.0234375 0.046875 0.046875
0 0.61328125 0.0234375 0.0390625 0.046875
0 0.9765625 0.41328125 0.03125 0.0359375
0 0.9859375 0.296875 0.028125 0.03125
0 0.278125 0.5046875 0.0625 0.0625
0 0.653125 0.2640625 0.05625 0.05625
0 0.6 0.20546875 0.04375 0.0390625
0 0.4625 0.0484375 0.09375 0.096875
0 0.15 0.41015625 0.05625 0.0484375