0 0.01796875 0.16015625 0.0359375 0.0421875
0 0.01640625 0.24140625 0.03203125 0.0421875
0 0.01171875 0.06328125 0.0234375 0.0421875
0 0.14296875 0.0984375 0.0390625 0.03046875
0 0.09765625 0.0421875 0.05625 0.03359375
0 0.03671875 0.0125 0.0484375 0.025
0 0.1984375 0.03046875 0.03046875 0.03046875
0 0.05546875 0.1015625 0.0390625 0.03359375
0 0.1109375 0.140625 0.059375 0.03046875
0 0.05234375 0.19453125 0.03359375 0.03359375
0 0.72421875 0.01953125 0.0390625 0.0390625
0 0.78125 0.05 0.05078125 0.0421875
0 0.68125 0.07265625 0.04765625 0.03046875
0 0.62265625 0.0359375 0.0390625 0.03046875
0 0.52734375 0.05 0.03359375 0.02578125
0 0.5828125 0.08671875 0.03046875 0.03046875
0 0.6484375 0.12421875 0.0390625 0.0390625
0 0.7359375 0.1125 0.03046875 0.0390625
0 0.7 0.1609375 0.03359375 0.03359375
0 0.79609375 0.140625 0.0390625 0.03046875
0 0.83984375 0.08671875 0.02578125 0.03046875
0 0.759375 0.19453125 0.05078125 0.03359375
0 0.85390625 0.18203125 0.03046875 0.02578125
0 0.54921875 0.14609375 0.03046875 0.03046875
0 0.49453125 0.109375 0.03046875 0.02578125
0 0.43828125 0.07578125 0.02578125 0.02578125
0 0.4671875 0.01640625 0.059375 0.03203125
0 0.53203125 0.22421875 0.08125 0.059375
0 0.5484375 0.3296875 0.09296875 0.09296875
0 0.8125 0.2328125 0.0390625 0.02578125
0 0.9171875 0.21328125 0.03359375 0.03046875
0 0.88046875 0.27109375 0.0390625 0.03359375
0 0.72578125 0.25 0.03359375 0.02578125
0 0.89453125 0.35625 0.03359375 0.03359375
0 0.93125 0.30546875 0.0390625 0.03359375
0 0.9671875 0.24765625 0.02578125 0.03046875
0 0.8359375 0.3265625 0.03359375 0.0421875
0 0.98046875 0.34765625 0.02578125 0.03359375
0 0.98125 0.10078125 0.0375 0.02578125
0 0.96875 0.0125 0.03125 0.025
0 0.95078125 0.15390625 0.03359375 0.03046875
0 0.49296875 0.58125 0.084375 0.08125
0 0.29609375 0.7203125 0.07265625 0.1015625
0 0.89609375 0.9359375 0.09296875 0.1015625
0 0.76953125 0.7828125 0.08125 0.05078125
0 0.30703125 0.946875 0.05078125 0.05625
0 0.13125 0.8828125 0.05625 0.04765625
0 0.14140625 0.73125 0.0421875 0.05625
0 0.3171875 0.58671875 0.04765625 0.04765625
0 0.81875 0.8875 0.11171875 0.178125