0 0.01171875 0.103125 0.0234375 0.04375
0 0.0234375 0.040625 0.046875 0.04375
0 0.08671875 0.0546875 0.0546875 0.046875
0 0.16796875 0.015625 0.0390625 0.03125
0 0.14921875 0.07734375 0.0390625 0.0359375
0 0.0671875 0.115625 0.046875 0.04375
0 0.125 0.1421875 0.046875 0.04375
0 0.0453125 0.18046875 0.04375 0.0390625
0 0.09765625 0.2328125 0.0390625 0.028125
0 0.103125 0.19453125 0.04375 0.0359375
0 0.29140625 0.0546875 0.0515625 0.046875
0 0.23125 0.0390625 0.046875 0.046875
0 0.2078125 0.0984375 0.046875 0.046875
0 0.26953125 0.11328125 0.0546875 0.0546875
0 0.184375 0.153125 0.046875 0.03125
0 0.35390625 0.07265625 0.0515625 0.0515625
0 0.4390625 0.03515625 0.04375 0.0390625
0 0.371875 0.0140625 0.03125 0.028125
0 0.98828125 0.078125 0.0234375 0.046875
0 0.98828125 0.3046875 0.0234375 0.046875
0 0.9265625 0.41796875 0.046875 0.0390625
0 0.9765625 0.4578125 0.046875 0.046875
0 0.96484375 0.36171875 0.0390625 0.0359375
0 0.9125 0.3203125 0.04375 0.046875
0 0.86328125 0.28984375 0.0390625 0.0390625
0 0.82734375 0.34296875 0.0515625 0.0515625
0 0.87578125 0.3796875 0.0546875 0.046875
0 0.7875 0.4 0.04375 0.04375
0 0.83203125 0.4375 0.0390625 0.046875
0 0.890625 0.47265625 0.046875 0.0546875
0 0.9390625 0.50703125 0.04375 0.0359375
0 0.90859375 0.5609375 0.0515625 0.04375
0 0.96015625 0.59609375 0.0515625 0.0515625
0 0.85234375 0.5203125 0.0546875 0.046875
0 0.796875 0.48515625 0.046875 0.0390625
0 0.74375 0.4453125 0.04375 0.03125
0 0.6953125 0.5046875 0.078125 0.046875
0 0.7625 0.53359375 0.046875 0.0359375
0 0.81953125 0.57890625 0.0515625 0.0390625
0 0.8671875 0.609375 0.03125 0.03125
0 0.92265625 0.64921875 0.0546875 0.0390625
0 0.978125 0.68984375 0.04375 0.0359375
0 0.8828125 0.70390625 0.046875 0.0390625
0 0.828125 0.665625 0.046875 0.04375
0 0.778125 0.6296875 0.03125 0.046875
0 0.7234375 0.58984375 0.046875 0.0390625
0 0.68125 0.559375 0.04375 0.03125
0 0.7390625 0.68359375 0.046875 0.0546875
0 0.6875 0.64453125 0.046875 0.0390625
0 0.63515625 0.603125 0.0515625 0.04375
0 0.6546875 0.69921875 0.059375 0.0390625
0 0.703125 0.7359375 0.046875 0.04375
0 0.76015625 0.7734375 0.0515625 0.046875
0 0.84453125 0.7578125 0.0546875 0.046875
0 0.93671875 0.74296875 0.0515625 0.0390625
0 0.978125 0.775 0.04375 0.04375
0 0.89765625 0.79921875 0.0515625 0.0515625
0 0.94921875 0.82890625 0.0390625 0.0390625
0 0.865625 0.8484375 0.059375 0.046875
0 0.8125 0.80859375 0.046875 0.0390625
0 0.771875 0.86015625 0.059375 0.0390625
0 0.71875 0.8265625 0.0625 0.04375
0 0.66640625 0.79140625 0.0515625 0.0515625
0 0.61171875 0.75234375 0.0515625 0.0359375
0 0.6015625 0.66015625 0.03125 0.0390625
0 0.5765625 0.8046875 0.04375 0.046875
0 0.62734375 0.83984375 0.0515625 0.0390625
0 0.53125 0.8609375 0.046875 0.04375
0 0.84375 0.984375 0.03125 0.03125
0 0.8765625 0.934375 0.04375 0.03125
0 0.821875 0.89921875 0.04375 0.0390625
0 0.68125 0.87734375 0.04375 0.0359375
0 0.734375 0.9140625 0.03125 0.03125
0 0.7875 0.953125 0.028125 0.03125
0 0.9359375 0.978125 0.04375 0.04375
0 0.97109375 0.9234375 0.0359375 0.028125
0 0.91640625 0.8828125 0.0359375 0.03125
0 0.7015625 0.96796875 0.04375 0.0359375
0 0.6421875 0.93359375 0.04375 0.0390625
0 0.59453125 0.90078125 0.0390625 0.0359375
0 0.559375 0.95 0.03125 0.03125
0 0.4984375 0.9109375 0.028125 0.046875
0 0.61015625 0.98203125 0.0421875 0.0359375
0 0.47265625 0.96796875 0.0390625 0.0359375
0 0.953125 0.04375 0.046875 0.046875
0 0.91328125 0.0859375 0.0359375 0.03125
0 0.97265625 0.1296875 0.0390625 0.046875
0 0.98046875 0.22109375 0.0390625 0.0515625
0 0.93046875 0.1796875 0.0546875 0.046875
0 0.88125 0.14140625 0.04375 0.0390625
0 0.84296875 0.1953125 0.0515625 0.046875
0 0.89765625 0.22890625 0.0515625 0.0515625
0 0.95 0.27421875 0.046875 0.0390625
0 0.7703125 0.309375 0.05 0.046875
0 0.746875 0.35546875 0.040625 0.0390625
0 0.72890625 0.39453125 0.0515625 0.0390625
0 0.7 0.4546875 0.040625 0.040625
0 0.98828125 0.54765625 0.0234375 0.0390625