0 0.040625 0.94296875 0.08125 0.1140625
0 0.26484375 0.97421875 0.1015625 0.0515625
0 0.44140625 0.49609375 0.0703125 0.0859375
0 0.50390625 0.10390625 0.0390625 0.0359375
0 0.45234375 0.08203125 0.0515625 0.0390625
0 0.4 0.06640625 0.04375 0.0390625
0 0.42421875 0.01171875 0.0359375 0.0234375
0 0.5359375 0.0359375 0.046875 0.046875
0 0.59453125 0.07421875 0.0390625 0.0390625
0 0.53203125 0.1796875 0.0390625 0.03125
0 0.4828125 0.15859375 0.04375 0.0359375
0 0.42421875 0.1453125 0.0515625 0.046875
0 0.36796875 0.11796875 0.0390625 0.0390625
0 0.31484375 0.10546875 0.0359375 0.0390625
0 0.34375 0.04921875 0.046875 0.0359375
0 0.38359375 0.32265625 0.0390625 0.0359375
0 0.41484375 0.27265625 0.0390625 0.0359375
0 0.4515625 0.21328125 0.04375 0.0515625
0 0.49921875 0.23125 0.0359375 0.03125
0 0.4671875 0.2890625 0.028125 0.03125
0 0.43984375 0.34609375 0.0359375 0.0359375
0 0.41015625 0.396875 0.0234375 0.028125
0 0.35390625 0.37578125 0.0359375 0.0390625
0 0.296875 0.3515625 0.046875 0.03125
0 0.36015625 0.25234375 0.0390625 0.0359375
0 0.3890625 0.1953125 0.04375 0.046875
0 0.26796875 0.28984375 0.0359375 0.0390625
0 0.30078125 0.23359375 0.0546875 0.0359375
0 0.3328125 0.17578125 0.046875 0.0390625
0 0.24375 0.215625 0.04375 0.03125
0 0.1890625 0.19765625 0.04375 0.0359375
0 0.2125 0.26796875 0.04375 0.0359375
0 0.15546875 0.25078125 0.0359375 0.0234375
0 0.10078125 0.23125 0.0359375 0.03125
0 0.1296875 0.18046875 0.03125 0.0234375
0 0.1796875 0.321875 0.046875 0.04375
0 0.24296875 0.33984375 0.0546875 0.0390625
0 0.1234375 0.30703125 0.028125 0.0359375
0 0.0171875 0.26640625 0.034375 0.0359375
0 0.04296875 0.2125 0.0390625 0.028125
0 0.075 0.1578125 0.03125 0.028125
0 0.2796875 0.15859375 0.04375 0.0359375
0 0.2234375 0.14453125 0.046875 0.0546875
0 0.1640625 0.1234375 0.03125 0.028125
0 0.10390625 0.1078125 0.0359375 0.028125
0 0.20234375 0.07265625 0.0359375 0.0359375
0 0.2515625 0.084375 0.04375 0.028125
0 0.32265625 0.43203125 0.0359375 0.0359375
0 0.290625 0.478125 0.028125 0.028125
0 0.34375 0.50078125 0.03125 0.0390625
0 0.23515625 0.4609375 0.0390625 0.03125
0 0.2671875 0.41328125 0.04375 0.0359375
0 0.1796875 0.44453125 0.046875 0.0359375
0 0.21015625 0.3953125 0.0515625 0.03125
0 0.1265625 0.42578125 0.059375 0.0390625
0 0.20390625 0.51015625 0.0390625 0.0359375
0 0.2625 0.525 0.046875 0.04375
0 0.053125 0.525 0.028125 0.028125
0 0.0953125 0.5515625 0.075 0.0625
0 0.0140625 0.51015625 0.028125 0.0359375
0 0.03515625 0.4578125 0.0390625 0.03125
0 0.08671875 0.4734375 0.0390625 0.03125
0 0.0234375 0.015625 0.03125 0.03125
0 0.0140625 0.390625 0.028125 0.03125
0 0.04609375 0.3375 0.0515625 0.04375
0 0.09296875 0.35859375 0.0359375 0.0359375
0 0.1484375 0.375 0.046875 0.046875
0 0.06953125 0.40703125 0.0359375 0.0390625
0 0.053125 0.08984375 0.028125 0.0234375
0 0.078125 0.03828125 0.03125 0.0359375
0 0.13671875 0.04921875 0.0390625 0.0359375
0 0.22734375 0.0171875 0.0421875 0.034375
0 0.0296875 0.64921875 0.059375 0.0859375