0 0.3609375 0.01171875 0.059375 0.0234375
0 0.29453125 0.0203125 0.0390625 0.040625
0 0.2296875 0.0375 0.05078125 0.04765625
0 0.4578125 0.0484375 0.05078125 0.07578125
0 0.38984375 0.06875 0.05078125 0.07109375
0 0.31484375 0.09140625 0.05546875 0.0671875
0 0.52109375 0.01640625 0.0421875 0.03203125
0 0.59375 0.01796875 0.05546875 0.03515625
0 0.659375 0.01171875 0.059375 0.0234375
0 0.1359375 0.0046875 0.059375 0.009375
0 0.06953125 0.0140625 0.0421875 0.028125
0 0.15703125 0.05078125 0.05078125 0.04765625
0 0.09453125 0.0796875 0.05078125 0.04765625
0 0.18046875 0.12109375 0.04765625 0.0421875
0 0.25625 0.10703125 0.05546875 0.059375
0 0.12421875 0.17734375 0.0421875 0.03046875
0 0.11796875 0.1359375 0.04765625 0.0390625
0 0.015625 0.03125 0.03125 0.05
0 0.03046875 0.09140625 0.05078125 0.03359375
0 0.42734375 0.365625 0.1015625 0.11015625
0 0.5609375 0.38359375 0.08125 0.09765625
0 0.646875 0.72890625 0.0671875 0.059375
0 0.6296875 0.93515625 0.0671875 0.07578125
0 0.7078125 0.42890625 0.0578125 0.05390625
0 0.72734375 0.3359375 0.059375 0.0609375
0 0.928125 0.70546875 0.0453125 0.0453125
0 0.65703125 0.8421875 0.0578125 0.04921875
0 0.6796875 0.51640625 0.0453125 0.04765625
0 0.03515625 0.15703125 0.0703125 0.1265625