0 0.9890625 0.478125 0.02109375 0.04453125
0 0.9 0.51484375 0.05390625 0.0484375
0 0.96796875 0.5484375 0.0640625 0.0578125
0 0.8359375 0.4796875 0.05390625 0.0484375
0 0.77734375 0.44609375 0.0484375 0.03828125
0 0.86875 0.42265625 0.0578125 0.0578125
0 0.93359375 0.44765625 0.04453125 0.034375
0 0.96796875 0.38984375 0.04453125 0.034375
0 0.86875 0.57734375 0.03828125 0.03828125
0 0.93359375 0.60625 0.04453125 0.03828125
0 0.84140625 0.61484375 0.05390625 0.02890625
0 0.90078125 0.6515625 0.04453125 0.04453125
0 0.96875 0.6859375 0.0578125 0.04453125
0 0.7953125 0.5453125 0.0578125 0.04453125
0 0.7328125 0.50859375 0.0484375 0.0484375
0 0.76484375 0.58203125 0.05390625 0.0484375
0 0.68046875 0.48515625 0.02890625 0.02890625
0 0.8046875 0.38671875 0.03828125 0.04453125
0 0.7546875 0.36171875 0.034375 0.04453125
0 0.8390625 0.33125 0.0484375 0.0484375
0 0.903125 0.3578125 0.05390625 0.04453125
0 0.94140625 0.29375 0.0671875 0.05390625
0 0.9875 0.32109375 0.025 0.0484375
0 0.9703125 0.23515625 0.0484375 0.05390625
0 0.909375 0.20078125 0.05390625 0.03828125
0 0.93984375 0.14765625 0.0578125 0.0484375
0 0.9890625 0.1734375 0.02109375 0.05390625
0 0.865625 0.25390625 0.0640625 0.0484375
0 0.9796875 0.08203125 0.040625 0.04453125
0 0.421875 0.725 0.16015625 0.121875
0 0.728125 0.7828125 0.13515625 0.121875
0 0.77734375 0.9546875 0.14453125 0.090625
0 0.88828125 0.84453125 0.1546875 0.140625
0 0.3984375 0.37578125 0.2296875 0.16015625
0 0.66796875 0.0609375 0.2859375 0.121875
0 0.96484375 0.9328125 0.0703125 0.125
0 0.28984375 0.60546875 0.13515625 0.1140625