0 0.22265625 0.97578125 0.0390625 0.0359375
0 0.359375 0.98828125 0.046875 0.0234375
0 0.12890625 0.98828125 0.0390625 0.0234375
0 0.1640625 0.9453125 0.046875 0.046875
0 0.2515625 0.93046875 0.04375 0.0390625
0 0.3046875 0.96328125 0.03125 0.0359375
0 0.3453125 0.91015625 0.04375 0.0390625
0 0.39765625 0.94765625 0.0359375 0.0359375
0 0.44921875 0.984375 0.0390625 0.03125
0 0.28984375 0.87421875 0.0390625 0.0359375
0 0.375 0.86171875 0.03125 0.0359375
0 0.43671875 0.89296875 0.0359375 0.0359375
0 0.1078125 0.903125 0.04375 0.046875
0 0.2015625 0.89140625 0.04375 0.0390625
0 0.14453125 0.853125 0.0390625 0.04375
0 0.05625 0.871875 0.04375 0.03125
0 0.01953125 0.92109375 0.0390625 0.0359375
0 0.0703125 0.9578125 0.03125 0.03125
0 0.06171875 0.640625 0.0359375 0.03125
0 0.025 0.68671875 0.04375 0.0359375
0 0.01171875 0.8296875 0.0234375 0.04375
0 0.10078125 0.8140625 0.0359375 0.04375
0 0.184375 0.79921875 0.03125 0.0359375
0 0.046875 0.7796875 0.046875 0.04375
0 0.13359375 0.76484375 0.0390625 0.0359375
0 0.16640625 0.71328125 0.0359375 0.0359375
0 0.25625 0.696875 0.04375 0.04375
0 0.27734375 0.7859375 0.0546875 0.046875
0 0.2421875 0.83203125 0.046875 0.0390625
0 0.084375 0.7203125 0.04375 0.028125
0 0.11640625 0.67578125 0.0515625 0.0390625
0 0.2015625 0.6546875 0.04375 0.04375
0 0.2953125 0.64296875 0.04375 0.0359375
0 0.15625 0.6171875 0.046875 0.046875
0 0.1 0.58046875 0.04375 0.0359375
0 0.0171875 0.59921875 0.034375 0.0359375
0 0.04921875 0.54375 0.0515625 0.046875
0 0.0328125 0.44765625 0.04375 0.0359375
0 0.08671875 0.4921875 0.0390625 0.046875
0 0.1375 0.52734375 0.046875 0.0390625
0 0.18828125 0.5703125 0.0390625 0.03125
0 0.2421875 0.60546875 0.03125 0.0234375
0 0.2796875 0.5484375 0.04375 0.04375
0 0.2265625 0.51640625 0.046875 0.0390625
0 0.25625 0.4625 0.04375 0.028125
0 0.1734375 0.47734375 0.04375 0.0390625
0 0.12109375 0.44375 0.0390625 0.028125
0 0.21015625 0.42109375 0.0359375 0.0359375
0 0.31171875 0.73046875 0.0359375 0.0390625
0 0.38359375 0.63203125 0.0390625 0.0359375
0 0.42109375 0.57421875 0.0359375 0.0390625
0 0.33203125 0.58828125 0.0390625 0.0359375
0 0.4546875 0.521875 0.04375 0.04375
0 0.40625 0.48515625 0.046875 0.0390625
0 0.32109375 0.4984375 0.0234375 0.028125
0 0.36640625 0.54140625 0.0359375 0.0359375
0 0.47109375 0.615625 0.0359375 0.04375
0 0.4359375 0.66328125 0.04375 0.0359375
0 0.35234375 0.6796875 0.0390625 0.03125
0 0.4046875 0.71484375 0.04375 0.0390625
0 0.490625 0.70234375 0.04375 0.0359375
0 0.52734375 0.65078125 0.0390625 0.0359375
0 0.509375 0.55859375 0.04375 0.0390625
0 0.453125 0.75390625 0.03125 0.0390625
0 0.4203125 0.80625 0.04375 0.04375
0 0.328125 0.825 0.03125 0.03125
0 0.3671875 0.771875 0.046875 0.04375
0 0.5 0.7953125 0.046875 0.04375
0 0.4765625 0.84453125 0.03125 0.0390625
0 0.525 0.88203125 0.04375 0.0359375
0 0.484375 0.9359375 0.046875 0.04375
0 0.6328125 0.95390625 0.03125 0.0390625
0 0.578125 0.91796875 0.046875 0.0390625
0 0.53984375 0.97109375 0.0390625 0.0359375
0 0.684375 0.9765625 0.046875 0.03125
0 0.6703125 0.9 0.028125 0.028125
0 0.6109375 0.86875 0.04375 0.04375
0 0.56171875 0.82734375 0.0515625 0.0359375
0 0.59765625 0.7734375 0.0546875 0.03125
0 0.54609375 0.7390625 0.0359375 0.03125
0 0.6375 0.72578125 0.046875 0.0359375
0 0.68828125 0.75859375 0.0234375 0.0234375
0 0.746875 0.79296875 0.046875 0.0390625
0 0.7953125 0.83046875 0.04375 0.0359375
0 0.76484375 0.8828125 0.0359375 0.03125
0 0.7171875 0.934375 0.059375 0.03125
0 0.70703125 0.853125 0.0390625 0.04375
0 0.653125 0.81328125 0.046875 0.0390625
0 0.78046875 0.73828125 0.0515625 0.0390625
0 0.82890625 0.7734375 0.0390625 0.03125
0 0.86640625 0.71875 0.0359375 0.03125
0 0.5640625 0.59453125 0.04375 0.0390625
0 0.6 0.54609375 0.04375 0.0359375
0 0.653125 0.58046875 0.03125 0.0359375
0 0.71328125 0.615625 0.0359375 0.04375
0 0.7625 0.65234375 0.046875 0.0390625
0 0.81328125 0.684375 0.0390625 0.03125
0 0.72890625 0.70234375 0.0359375 0.0359375
0 0.67109375 0.66875 0.0359375 0.03125
0 0.609375 0.63125 0.03125 0.028125
0 0.8515625 0.6390625 0.03125 0.028125
0 0.79609375 0.6015625 0.0359375 0.03125
0 0.88671875 0.58203125 0.0390625 0.0390625
0 0.8984375 0.6625 0.046875 0.04375
0 0.9390625 0.61015625 0.04375 0.0390625
0 0.9703125 0.56171875 0.04375 0.0359375
0 0.92890625 0.53359375 0.0359375 0.0359375
0 0.746875 0.56484375 0.03125 0.0359375
0 0.6890625 0.53203125 0.04375 0.0390625
0 0.78515625 0.5140625 0.0390625 0.04375
0 0.834375 0.54921875 0.04375 0.0359375
0 0.8765625 0.496875 0.04375 0.046875
0 0.96796875 0.48046875 0.0515625 0.0390625
0 0.72890625 0.4734375 0.0359375 0.03125
0 0.5484375 0.5046875 0.028125 0.03125
0 0.58203125 0.45546875 0.0390625 0.0359375
0 0.6765625 0.43984375 0.03125 0.0359375
0 0.8921875 0.35234375 0.04375 0.0390625
0 0.94765625 0.38515625 0.0359375 0.0359375
0 0.91015625 0.44140625 0.0390625 0.0390625
0 0.8578125 0.40859375 0.04375 0.0359375
0 0.825 0.4546875 0.03125 0.028125
0 0.7703125 0.4203125 0.03125 0.028125
0 0.80546875 0.36953125 0.0390625 0.0359375
0 0.71484375 0.38671875 0.0546875 0.0390625
0 0.61953125 0.4 0.0359375 0.04375
0 0.7484375 0.33203125 0.04375 0.0390625
0 0.83828125 0.31328125 0.0359375 0.0390625
0 0.92890625 0.29609375 0.0359375 0.0359375
0 0.98046875 0.34296875 0.0390625 0.0359375
0 0.790625 0.275 0.04375 0.04375
0 0.8765625 0.2625 0.04375 0.03125
0 0.9671875 0.25078125 0.028125 0.0234375
0 0.98828125 0.19375 0.0234375 0.04375
0 0.81875 0.22890625 0.04375 0.0359375
0 0.9125 0.20703125 0.028125 0.0234375
0 0.72890625 0.24296875 0.0515625 0.0390625
0 0.69140625 0.29609375 0.0390625 0.0359375
0 0.66328125 0.33984375 0.0359375 0.0234375
0 0.56640625 0.36328125 0.0390625 0.0390625
0 0.52734375 0.41796875 0.0390625 0.0390625
0 0.4828125 0.38359375 0.04375 0.0390625
0 0.5140625 0.32734375 0.04375 0.0359375
0 0.55078125 0.271875 0.0390625 0.04375
0 0.63984375 0.26171875 0.0359375 0.0390625
0 0.42265625 0.34296875 0.0390625 0.0359375
0 0.38671875 0.39296875 0.0390625 0.0359375
0 0.43828125 0.434375 0.0546875 0.03125
0 0.353125 0.446875 0.04375 0.04375
0 0.29921875 0.40234375 0.0515625 0.0390625
0 0.3734375 0.30546875 0.04375 0.0390625
0 0.46796875 0.290625 0.0359375 0.028125
0 0.2828125 0.3171875 0.04375 0.03125
0 0.328125 0.3578125 0.046875 0.04375
0 0.24453125 0.37109375 0.0515625 0.0390625
0 0.15703125 0.384375 0.0390625 0.028125
0 0.18984375 0.334375 0.0515625 0.04375
0 0.22734375 0.2875 0.0390625 0.04375
0 0.31875 0.2703125 0.028125 0.03125
0 0.35234375 0.21953125 0.0390625 0.0390625
0 0.4078125 0.2515625 0.04375 0.04375
0 0.49921875 0.23671875 0.0515625 0.0359375
0 0.10390625 0.35078125 0.0515625 0.0359375
0 0.015625 0.36796875 0.03125 0.0390625
0 0.046875 0.3109375 0.046875 0.04375
0 0.14140625 0.29921875 0.0390625 0.0359375
0 0.08828125 0.2578125 0.0359375 0.03125
0 0.1734375 0.246875 0.028125 0.03125
0 0.26640625 0.2359375 0.0390625 0.04375
0 0.0390625 0.21796875 0.046875 0.0359375
0 0.0984375 0.021875 0.046875 0.04375
0 0.0140625 0.0390625 0.028125 0.046875
0 0.1453125 0.06328125 0.046875 0.0390625
0 0.18125 0.015625 0.04375 0.03125
0 0.05703125 0.07734375 0.0515625 0.0359375
0 0.11171875 0.10859375 0.0515625 0.0359375
0 0.0171875 0.13359375 0.034375 0.0359375
0 0.075 0.17265625 0.046875 0.0390625
0 0.1609375 0.15546875 0.03125 0.0359375
0 0.20234375 0.10078125 0.0359375 0.0359375
0 0.12421875 0.20546875 0.0515625 0.0359375
0 0.21328125 0.19375 0.0515625 0.04375
0 0.30703125 0.18984375 0.0515625 0.0515625
0 0.2515625 0.14140625 0.04375 0.0390625
0 0.2359375 0.046875 0.04375 0.046875
0 0.2859375 0.0875 0.046875 0.04375
0 0.33984375 0.1296875 0.0546875 0.046875
0 0.3203125 0.03828125 0.046875 0.0359375
0 0.3796875 0.07265625 0.046875 0.0515625
0 0.4125 0.0171875 0.04375 0.028125
0 0.43046875 0.10859375 0.0390625 0.0359375
0 0.44375 0.20546875 0.04375 0.0359375
0 0.47890625 0.14921875 0.0359375 0.0390625
0 0.51796875 0.10078125 0.0359375 0.0359375
0 0.4671875 0.05859375 0.04375 0.0390625
0 0.55625 0.040625 0.04375 0.04375
0 0.6109375 0.08671875 0.04375 0.0390625
0 0.66015625 0.11796875 0.0390625 0.0390625
0 0.56953125 0.13359375 0.0515625 0.0390625
0 0.53515625 0.18828125 0.0390625 0.0390625
0 0.58515625 0.22578125 0.0359375 0.0359375
0 0.678125 0.21015625 0.04375 0.0515625
0 0.7109375 0.15 0.046875 0.04375
0 0.6234375 0.17109375 0.04375 0.0359375
0 0.75234375 0.1015625 0.0359375 0.03125
0 0.7828125 0.05078125 0.04375 0.0390625
0 0.7015625 0.06171875 0.04375 0.0359375
0 0.73359375 0.015625 0.0359375 0.03125
0 0.64453125 0.02734375 0.0390625 0.0390625
0 0.50078125 0.015625 0.0390625 0.03125
0 0.76953125 0.19140625 0.0390625 0.0390625
0 0.8609375 0.1734375 0.04375 0.04375
0 0.8421875 0.084375 0.04375 0.04375
0 0.94921875 0.15703125 0.0390625 0.0390625
0 0.96875 0.0171875 0.046875 0.034375
0 0.88125 0.03359375 0.04375 0.0359375
0 0.9296875 0.06875 0.046875 0.04375
0 0.98203125 0.10703125 0.0359375 0.0359375
0 0.896875 0.12578125 0.04375 0.0390625
0 0.9859375 0.8921875 0.028125 0.028125
0 0.97109375 0.809375 0.0359375 0.03125
0 0.94140625 0.859375 0.0390625 0.03125
0 0.90703125 0.90859375 0.0390625 0.0359375
0 0.9515625 0.94375 0.04375 0.028125
0 0.8671875 0.9625 0.03125 0.028125
0 0.49296875 0.47265625 0.0421875 0.0453125
0 0.63984375 0.49453125 0.0421875 0.0421875