0 0.509375 0.984375 0.05 0.03125
0 0.35625 0.971875 0.03359375 0.0390625
0 0.4203125 0.94453125 0.05078125 0.05078125
0 0.396875 0.88125 0.04765625 0.0421875
0 0.3359375 0.9125 0.05078125 0.03046875
0 0.29296875 0.984375 0.0421875 0.03125
0 0.953125 0.9859375 0.034375 0.028125
0 0.9890625 0.91015625 0.021875 0.03359375
0 0.93515625 0.92890625 0.0421875 0.04765625
0 0.80234375 0.9734375 0.04765625 0.0421875
0 0.86328125 0.9484375 0.05078125 0.0421875
0 0.77421875 0.90625 0.0421875 0.0421875
0 0.7140625 0.93125 0.0390625 0.0421875
0 0.5796875 0.96796875 0.04765625 0.04765625
0 0.64375 0.94921875 0.05078125 0.05078125
0 0.1390625 0.98046875 0.0390625 0.0390625
0 0.0765625 0.984375 0.046875 0.03125
0 0.20546875 0.9515625 0.0421875 0.0390625
0 0.26875 0.92890625 0.05078125 0.04765625
0 0.1796875 0.88203125 0.059375 0.05078125
0 0.1140625 0.90390625 0.05546875 0.04765625
0 0.04609375 0.9265625 0.05546875 0.05546875
0 0.0953125 0.83984375 0.0421875 0.05078125
0 0.0328125 0.86484375 0.05546875 0.05078125
0 0.24765625 0.8625 0.0421875 0.05546875
0 0.31953125 0.8421875 0.03359375 0.0390625
0 0.15625 0.8203125 0.0390625 0.0390625
0 0.225 0.79609375 0.04765625 0.0421875
0 0.13359375 0.75 0.03359375 0.03359375
0 0.06484375 0.775 0.059375 0.05078125
0 0.35703125 0.74375 0.0421875 0.0390625
0 0.384375 0.81171875 0.0390625 0.0390625
0 0.20078125 0.7265625 0.05078125 0.04765625
0 0.26328125 0.6984375 0.05078125 0.0390625
0 0.32890625 0.67890625 0.05546875 0.05078125
0 0.10859375 0.67578125 0.05546875 0.04765625
0 0.175 0.653125 0.0421875 0.0421875
0 0.246875 0.63359375 0.05078125 0.04765625
0 0.15234375 0.5890625 0.04765625 0.05546875
0 0.0890625 0.6140625 0.05546875 0.0390625
0 0.21953125 0.57109375 0.03046875 0.03046875
0 0.278125 0.54375 0.0390625 0.03359375
0 0.1671875 0.51328125 0.03359375 0.03359375
0 0.2265625 0.48984375 0.03359375 0.03046875
0 0.021875 0.63671875 0.04375 0.03359375
0 0.009375 0.95390625 0.01875 0.059375
0 0.446875 0.01875 0.05546875 0.0375
0 0.38828125 0.01875 0.04765625 0.0375
0 0.32109375 0.0171875 0.04765625 0.03359375
0 0.25 0.0265625 0.04765625 0.0390625
0 0.12421875 0.03203125 0.0421875 0.03359375
0 0.05625 0.034375 0.0421875 0.0390625
0 0.0078125 0.0453125 0.01484375 0.03359375
0 0.184375 0.02890625 0.03359375 0.03359375
0 0.19140625 0.090625 0.0421875 0.0390625
0 0.25859375 0.090625 0.04765625 0.0390625
0 0.32578125 0.08125 0.04765625 0.04765625
0 0.3875 0.08203125 0.0390625 0.0390625
0 0.45390625 0.0734375 0.0421875 0.0390625
0 0.51484375 0.0703125 0.04765625 0.0421875
0 0.521875 0.12890625 0.03359375 0.0421875
0 0.45390625 0.134375 0.0421875 0.0421875
0 0.5234375 0.184375 0.04765625 0.03359375
0 0.3359375 0.14375 0.03359375 0.03046875
0 0.27734375 0.15 0.03359375 0.03359375
0 0.26796875 0.21015625 0.0421875 0.0421875
0 0.2046875 0.21171875 0.05078125 0.0390625
0 0.20078125 0.16015625 0.03359375 0.03046875
0 0.39921875 0.19765625 0.0421875 0.03359375
0 0.46875 0.19921875 0.0390625 0.03046875
0 0.13515625 0.15859375 0.04765625 0.05078125
0 0.07734375 0.1609375 0.03359375 0.0390625
0 0.06640625 0.10234375 0.0390625 0.0390625
0 0.01171875 0.10859375 0.0234375 0.0421875
0 0.1328125 0.09765625 0.0421875 0.03046875
0 0.0234375 0.2328125 0.03359375 0.03046875
0 0.01171875 0.1671875 0.0234375 0.03359375
0 0.08203125 0.2265625 0.0421875 0.03359375
0 0.14765625 0.2171875 0.05546875 0.0390625
0 0.15703125 0.2859375 0.03046875 0.0421875
0 0.090625 0.28515625 0.0421875 0.03359375
0 0.0296875 0.2921875 0.0390625 0.03046875
0 0.73671875 0.46796875 0.0671875 0.0671875
0 0.33125 0.2078125 0.0609375 0.0609375
0 0.38828125 0.14453125 0.04765625 0.0421875
0 0.53828125 0.01328125 0.1015625 0.0265625
0 0.875 0.365625 0.0609375 0.05234375