0 0.02734375 0.06640625 0.0390625 0.0234375
0 0.0546875 0.025 0.03125 0.028125
0 0.09765625 0.0484375 0.0234375 0.028125
0 0.60390625 0.63359375 0.0359375 0.0390625
0 0.678125 0.60546875 0.04375 0.0546875
0 0.6953125 0.67890625 0.046875 0.0359375
0 0.7546875 0.65625 0.03125 0.03125
0 0.7890625 0.61875 0.046875 0.04375
0 0.82890625 0.56953125 0.0390625 0.0359375
0 0.84765625 0.35234375 0.0546875 0.0546875
0 0.8171875 0.3875 0.03125 0.03125
0 0.790625 0.4296875 0.04375 0.046875
0 0.7625 0.48046875 0.046875 0.0390625
0 0.72890625 0.5234375 0.0359375 0.03125
0 0.66015625 0.5390625 0.0234375 0.046875
0 0.68984375 0.49921875 0.0359375 0.0359375
0 0.6453125 0.46796875 0.046875 0.0359375
0 0.70546875 0.56484375 0.0359375 0.0359375
0 0.75 0.59375 0.03125 0.03125
0 0.7734375 0.54765625 0.03125 0.0234375
0 0.80546875 0.50390625 0.0390625 0.0390625
0 0.85234375 0.528125 0.0390625 0.03125
0 0.834375 0.453125 0.04375 0.03125
0 0.71875 0.62890625 0.03125 0.0234375
0 0.56171875 0.5984375 0.0359375 0.03125
0 0.5875 0.5546875 0.04375 0.03125
0 0.528125 0.646875 0.046875 0.028125
0 0.57734375 0.67109375 0.0515625 0.0359375
0 0.465625 0.5484375 0.046875 0.04375
0 0.53984375 0.53046875 0.0390625 0.0359375
0 0.515625 0.57265625 0.03125 0.0359375
0 0.4859375 0.6171875 0.04375 0.03125
0 0.43671875 0.5921875 0.0359375 0.028125
0 0.396875 0.56640625 0.04375 0.0390625
0 0.36328125 0.60859375 0.0390625 0.0359375
0 0.40625 0.62890625 0.03125 0.0234375
0 0.45546875 0.65703125 0.0359375 0.0234375
0 0.4984375 0.49375 0.04375 0.028125
0 0.453125 0.4734375 0.03125 0.03125
0 0.42109375 0.52578125 0.0359375 0.0359375
0 0.371875 0.50078125 0.046875 0.0390625
0 0.33515625 0.47109375 0.0515625 0.0359375
0 0.309375 0.5125 0.046875 0.03125
0 0.26171875 0.4890625 0.0390625 0.03125
0 0.28515625 0.44765625 0.0546875 0.0359375
0 0.3109375 0.403125 0.04375 0.03125
0 0.36015625 0.4296875 0.0390625 0.03125
0 0.39921875 0.45546875 0.0390625 0.0359375
0 0.475 0.434375 0.04375 0.03125
0 0.5453125 0.41640625 0.04375 0.0359375
0 0.5984375 0.43984375 0.03125 0.0359375
0 0.6328125 0.3984375 0.03125 0.03125
0 0.65703125 0.353125 0.0390625 0.028125
0 0.69921875 0.3828125 0.0390625 0.03125
0 0.46328125 0.36640625 0.0359375 0.0359375
0 0.42890625 0.4125 0.0359375 0.028125
0 0.38671875 0.38203125 0.0390625 0.0359375
0 0.4125 0.34375 0.04375 0.03125
0 0.48828125 0.325 0.0390625 0.03125
0 0.5328125 0.35234375 0.028125 0.0234375
0 0.60078125 0.3328125 0.0359375 0.03125
0 0.1390625 0.49375 0.028125 0.028125
0 0.1640625 0.44921875 0.03125 0.0234375
0 0.11796875 0.43046875 0.0234375 0.0234375
0 0.0859375 0.46953125 0.03125 0.0234375
0 0.0671875 0.40234375 0.03125 0.0234375
0 0.040625 0.44375 0.028125 0.028125
0 0.1390625 0.38359375 0.028125 0.0234375
0 0.171875 0.33671875 0.03125 0.0234375
0 0.27578125 0.37578125 0.0515625 0.0390625
0 0.240625 0.42578125 0.028125 0.0234375
0 0.296875 0.32734375 0.046875 0.0359375
0 0.3671875 0.31328125 0.03125 0.0234375
0 0.09609375 0.35234375 0.0359375 0.0234375
0 0.0171875 0.37578125 0.028125 0.0234375
0 0.046875 0.328125 0.03125 0.03125
0 0.75234375 0.41015625 0.0359375 0.0390625
0 0.778125 0.36328125 0.046875 0.0390625
0 0.79765625 0.321875 0.0390625 0.04375
0 0.68125 0.3171875 0.04375 0.03125
0 0.7125 0.28359375 0.04375 0.0359375
0 0.66640625 0.2515625 0.0515625 0.04375
0 0.63359375 0.29375 0.0390625 0.03125
0 0.55859375 0.3046875 0.0390625 0.03125
0 0.5921875 0.26484375 0.04375 0.0359375
0 0.5171875 0.28203125 0.04375 0.0390625
0 0.54765625 0.23359375 0.0390625 0.0359375
0 0.6171875 0.2234375 0.046875 0.03125
0 0.571875 0.19765625 0.04375 0.0359375
0 0.4515625 0.29609375 0.04375 0.0359375
0 0.40078125 0.26953125 0.0359375 0.0390625
0 0.47734375 0.25390625 0.0390625 0.0390625
0 0.50078125 0.21171875 0.0390625 0.0234375
0 0.4234375 0.2328125 0.028125 0.028125
0 0.3578125 0.246875 0.04375 0.046875
0 0.48125 0.1453125 0.046875 0.03125
0 0.52734375 0.16796875 0.0234375 0.0234375
0 0.46171875 0.1859375 0.0390625 0.028125
0 0.38671875 0.19921875 0.0390625 0.0234375
0 0.36171875 0.13359375 0.0359375 0.0234375
0 0.33671875 0.178125 0.0234375 0.028125
0 0.228125 0.24375 0.028125 0.028125
0 0.2875 0.15 0.028125 0.028125
0 0.15546875 0.2625 0.0359375 0.03125
0 0.20703125 0.2875 0.0390625 0.028125
0 0.1375 0.19140625 0.03125 0.0234375
0 0.20703125 0.16875 0.0390625 0.03125
0 0.240625 0.125 0.028125 0.03125
0 0.0859375 0.165625 0.03125 0.028125
0 0.059375 0.2125 0.03125 0.028125
0 0.1109375 0.23828125 0.028125 0.0234375
0 0.0328125 0.25859375 0.028125 0.0234375
0 0.0171875 0.18359375 0.034375 0.0390625
0 0.03984375 0.13984375 0.0390625 0.0359375
0 0.121875 0.3109375 0.046875 0.028125
0 0.2671875 0.08203125 0.028125 0.0234375
0 0.3453125 0.059375 0.028125 0.03125
0 0.390625 0.08984375 0.03125 0.0234375
0 0.3203125 0.10234375 0.03125 0.0234375
0 0.22265625 0.05546875 0.0234375 0.0234375
0 0.06875 0.09375 0.028125 0.03125
0 0.1921875 0.1078125 0.03125 0.028125
0 0.915625 0.94140625 0.04375 0.0390625
0 0.8921875 0.9828125 0.04375 0.028125
0 0.8359375 0.96328125 0.03125 0.0359375
0 0.78828125 0.9453125 0.0359375 0.03125
0 0.634375 0.76640625 0.04375 0.0390625
0 0.47734375 0.7703125 0.1484375 0.109375
0 0.85078125 0.7734375 0.1140625 0.125
0 0.91640625 0.515625 0.0359375 0.03125
0 0.70546875 0.7484375 0.0359375 0.04375
0 0.75625 0.77265625 0.04375 0.0359375
0 0.18984375 0.40546875 0.0359375 0.0296875
0 0.12265625 0.11640625 0.0453125 0.0328125
0 0.1484375 0.075 0.0484375 0.040625
0 0.18046875 0.02890625 0.0390625 0.0390625
0 0.32265625 0.5859375 0.0390625 0.04375
0 0.52265625 0.45859375 0.0453125 0.0453125
0 0.72578125 0.3375 0.0359375 0.0375
0 0.275 0.2703125 0.0390625 0.0328125
0 0.26015625 0.196875 0.0390625 0.0375