0 0.51796875 0.80703125 0.0671875 0.0671875
0 0.2890625 0.725 0.078125 0.090625
0 0.371875 0.74140625 0.078125 0.0984375
0 0.3375 0.4703125 0.090625 0.1375
0 0.421875 0.48046875 0.078125 0.1171875
0 0.47109375 0.5703125 0.0671875 0.09375
0 0.3828125 0.6109375 0.078125 0.10625
0 0.06875 0.91015625 0.059375 0.0859375
0 0.30390625 0.94921875 0.1140625 0.0703125
0 0.16015625 0.9703125 0.1015625 0.059375
0 0.37578125 0.8671875 0.0390625 0.046875
0 0.31953125 0.88515625 0.0359375 0.0515625
0 0.121875 0.6109375 0.046875 0.04375
0 0.5984375 0.5375 0.046875 0.04375
0 0.41484375 0.3671875 0.0546875 0.0625
0 0.90078125 0.53359375 0.0828125 0.0984375
0 0.68359375 0.35859375 0.0703125 0.0671875
0 0.81328125 0.1890625 0.0859375 0.10625
0 0.97265625 0.121875 0.0546875 0.078125
0 0.078125 0.02734375 0.15625 0.0546875
0 0.44375 0.1453125 0.090625 0.09375