0 0.75546875 0.61640625 0.14609375 0.11328125
0 0.778125 0.80234375 0.1078125 0.1296875
0 0.5734375 0.85546875 0.14609375 0.1328125
0 0.71171875 0.96875 0.0671875 0.0625
0 0.60625 0.9875 0.09609375 0.025
0 0.35 0.93984375 0.12421875 0.09609375
0 0.375 0.9953125 0.025 0.009375
0 0.02578125 0.9828125 0.0515625 0.034375
0 0.19140625 0.93515625 0.06328125 0.046875
0 0.14296875 0.76796875 0.06640625 0.075
0 0.50859375 0.45703125 0.05 0.05
0 0.83671875 0.96796875 0.04140625 0.04140625
0 0.4703125 0.59296875 0.05 0.05
0 0.29296875 0.84609375 0.0546875 0.075
0 0.19921875 0.865625 0.0296875 0.046875
0 0.50859375 0.38515625 0.05 0.05
0 0.94296875 0.22890625 0.1140625 0.1203125
0 0.95546875 0.38125 0.046875 0.0578125
0 0.8421875 0.115625 0.09609375 0.12421875
0 0.4390625 0.7203125 0.1046875 0.08828125
0 0.20859375 0.55390625 0.0515625 0.04453125
0 0.978125 0.43359375 0.04296875 0.046875
0 0.3296875 0.65390625 0.12421875 0.09140625
0 0.07109375 0.8515625 0.0734375 0.0546875
0 0.93671875 0.53203125 0.1265625 0.14765625