0 0.0546875 0.6734375 0.109375 0.184375
0 0.29140625 0.58515625 0.1765625 0.1609375
0 0.46484375 0.703125 0.2421875 0.1875
0 0.59609375 0.36875 0.0984375 0.090625
0 0.12265625 0.95859375 0.1765625 0.0828125
0 0.60234375 0.97421875 0.2234375 0.0515625
0 0.94140625 0.2953125 0.0546875 0.059375
0 0.73515625 0.4234375 0.0546875 0.04375
0 0.68984375 0.45703125 0.0515625 0.0703125
0 0.725 0.2171875 0.246875 0.2
0 0.809375 0.63203125 0.078125 0.0828125
0 0.92578125 0.1109375 0.1484375 0.221875
0 0.94609375 0.4703125 0.0703125 0.075
0 0.921875 0.64609375 0.15 0.1453125
0 0.971875 0.75390625 0.05625 0.1140625