0 0.259375 0.6796875 0.14921875 0.16953125
0 0.478125 0.46953125 0.15234375 0.16640625
0 0.62421875 0.69921875 0.17421875 0.17421875
0 0.90390625 0.5109375 0.19140625 0.1609375
0 0.796875 0.91875 0.2203125 0.1625
0 0.93125 0.78046875 0.1375 0.17421875
0 0.47734375 0.95859375 0.140625 0.0828125
0 0.8640625 0.1015625 0.18671875 0.14921875
0 0.134375 0.296875 0.059375 0.0640625
0 0.94609375 0.31796875 0.0984375 0.08984375
0 0.0140625 0.196875 0.028125 0.178125
0 0.37890625 0.3234375 0.140625 0.1015625
0 0.0171875 0.66171875 0.03359375 0.08984375
0 0.25546875 0.10859375 0.4359375 0.2171875
0 0.57890625 0.290625 0.19140625 0.19453125
0 0.75 0.37734375 0.31328125 0.17421875
0 0.3640625 0.7015625 0.1015625 0.1015625
0 0.10859375 0.671875 0.1625 0.14765625
0 0.21640625 0.8328125 0.16796875 0.17421875