0 0.83359375 0.85234375 0.18515625 0.1609375
0 0.953125 0.66640625 0.09375 0.1265625
0 0.9359375 0.96796875 0.0953125 0.0640625
0 0.78984375 0.51875 0.196875 0.1390625
0 0.2328125 0.70625 0.08203125 0.08203125
0 0.12421875 0.70625 0.07890625 0.0984375
0 0.03515625 0.74609375 0.0703125 0.0953125
0 0.440625 0.32109375 0.1609375 0.1640625
0 0.36171875 0.4296875 0.15234375 0.14453125
0 0.10703125 0.4296875 0.1359375 0.14453125
0 0.0234375 0.62578125 0.046875 0.1359375
0 0.97421875 0.2234375 0.05078125 0.040625
0 0.10625 0.98046875 0.11484375 0.0390625