0 0.8734375 0.5515625 0.18203125 0.1765625
0 0.65390625 0.7734375 0.08828125 0.09296875
0 0.6203125 0.98984375 0.071875 0.0203125
0 0.2515625 0.95 0.1046875 0.1
0 0.334375 0.9859375 0.084375 0.028125
0 0.3046875 0.6671875 0.13671875 0.14453125
0 0.19921875 0.7484375 0.09609375 0.13671875
0 0.4421875 0.40390625 0.09296875 0.109375
0 0.4078125 0.49296875 0.06875 0.06875
0 0.39296875 0.16953125 0.07265625 0.05625
0 0.49140625 0.1515625 0.06875 0.053125
0 0.04921875 0.9421875 0.0984375 0.115625
0 0.94296875 0.7328125 0.1140625 0.1578125
0 0.71875 0.4625 0.115625 0.18515625
0 0.91875 0.0578125 0.1625 0.115625