0 0.15078125 0.49296875 0.1765625 0.1484375
0 0.0765625 0.89140625 0.153125 0.1953125
0 0.20234375 0.74140625 0.1765625 0.1609375
0 0.43125 0.9546875 0.1375 0.090625
0 0.1140625 0.115625 0.171875 0.1375
0 0.28203125 0.21484375 0.0859375 0.1015625
0 0.40859375 0.28046875 0.0984375 0.0828125
0 0.97265625 0.046875 0.0546875 0.09375
0 0.590625 0.8578125 0.125 0.16875
0 0.88125 0.71796875 0.1375 0.1140625
0 0.6375 0.65078125 0.125 0.1453125
0 0.2875 0.39453125 0.1375 0.0859375
0 0.1890625 0.31484375 0.090625 0.0828125
0 0.41640625 0.55703125 0.0984375 0.0828125
0 0.31328125 0.8328125 0.1171875 0.125
0 0.97421875 0.56015625 0.0515625 0.0671875
0 0.5046875 0.62734375 0.109375 0.1921875
0 0.36015625 0.03125 0.0859375 0.0625
0 0.68359375 0.32890625 0.0546875 0.0546875
0 0.75390625 0.35078125 0.0703125 0.0828125
0 0.9671875 0.375 0.04375 0.046875
0 0.9390625 0.18671875 0.04375 0.0515625
0 0.453125 0.39453125 0.184375 0.1234375
0 0.31484375 0.48359375 0.1234375 0.1203125
0 0.2796875 0.6140625 0.134375 0.109375