0 0.05390625 0.67890625 0.1078125 0.18671875
0 0.2921875 0.5890625 0.17890625 0.16328125
0 0.4671875 0.70859375 0.2453125 0.18984375
0 0.60078125 0.3703125 0.1 0.09140625
0 0.12109375 0.9625 0.17890625 0.07421875
0 0.60703125 0.978125 0.2265625 0.04375
0 0.95 0.29609375 0.05546875 0.06015625
0 0.74140625 0.42578125 0.05546875 0.04453125
0 0.6953125 0.459375 0.05234375 0.07109375
0 0.73125 0.21640625 0.25 0.20234375
0 0.81640625 0.63671875 0.07890625 0.08359375
0 0.9296875 0.1109375 0.140625 0.221875
0 0.9546875 0.4734375 0.07109375 0.07578125
0 0.92734375 0.65078125 0.1453125 0.146875
0 0.97578125 0.759375 0.0484375 0.115625