0 0.76796875 0.2796875 0.1796875 0.16328125
0 0.08515625 0.078125 0.1671875 0.15625
0 0.534375 0.33671875 0.1140625 0.09765625
0 0.690625 0.46015625 0.18828125 0.171875
0 0.36328125 0.31015625 0.15546875 0.1765625
0 0.903125 0.81171875 0.15546875 0.14375
0 0.88671875 0.66171875 0.2265625 0.2046875
0 0.61171875 0.86015625 0.12265625 0.12265625
0 0.7828125 0.90859375 0.14375 0.146875
0 0.7640625 0.76015625 0.10625 0.09453125
0 0.66484375 0.746875 0.08203125 0.078125
0 0.60546875 0.60234375 0.11953125 0.10625
0 0.5203125 0.52578125 0.11953125 0.09453125
0 0.0453125 0.4203125 0.08984375 0.12734375
0 0.4421875 0.71484375 0.15234375 0.16796875
0 0.17578125 0.75390625 0.1390625 0.12265625
0 0.19375 0.60546875 0.11953125 0.16796875
0 0.05625 0.8578125 0.10625 0.12734375
0 0.34140625 0.5921875 0.22890625 0.25625