0 0.1875 0.20078125 0.10078125 0.10078125
0 0.21484375 0.03203125 0.2578125 0.0640625
0 0.40703125 0.284375 0.12890625 0.1234375
0 0.26015625 0.35546875 0.1328125 0.1140625
0 0.64140625 0.8171875 0.5796875 0.36484375
0 0.23046875 0.88359375 0.2234375 0.2328125
0 0.7296875 0.03046875 0.11015625 0.0609375
0 0.5390625 0.10546875 0.11953125 0.10078125
0 0.7578125 0.22265625 0.10078125 0.0953125
0 0.759375 0.10703125 0.06640625 0.06640625
0 0.9515625 0.2796875 0.096875 0.0953125
0 0.06015625 0.16640625 0.11953125 0.3328125
0 0.8359375 0.4796875 0.29453125 0.359375
0 0.5296875 0.47109375 0.31015625 0.3078125
0 0.1875 0.5671875 0.37421875 0.325