0 0.79765625 0.6578125 0.20859375 0.18984375
0 0.59296875 0.796875 0.2859375 0.22109375
0 0.43828125 0.40234375 0.11640625 0.10703125
0 0.03125 0.315625 0.0625 0.0703125
0 0.27421875 0.46640625 0.06484375 0.0515625
0 0.32734375 0.50625 0.0609375 0.0828125
0 0.2859375 0.2234375 0.29140625 0.2359375
0 0.18671875 0.71328125 0.0921875 0.09765625
0 0.06875 0.1140625 0.1375 0.228125
0 0.03359375 0.521875 0.06640625 0.08828125
0 0.07109375 0.7296875 0.1421875 0.171875
0 0.0140625 0.85703125 0.02734375 0.134375