0 0.0453125 0.29921875 0.090625 0.0828125
0 0.32734375 0.14140625 0.1609375 0.1640625
0 0.39296875 0.0625 0.0359375 0.03125
0 0.46484375 0.0703125 0.1015625 0.109375
0 0.67890625 0.0234375 0.0515625 0.046875
0 0.5234375 0.29921875 0.078125 0.0828125
0 0.4265625 0.3984375 0.09375 0.09375
0 0.97421875 0.09921875 0.0515625 0.0734375
0 0.69375 0.390625 0.059375 0.0625
0 0.9375 0.3328125 0.0625 0.0625
0 0.80703125 0.365625 0.0984375 0.090625
0 0.35390625 0.2828125 0.1609375 0.153125
0 0.73046875 0.31640625 0.0859375 0.0703125
0 0.203125 0.053125 0.0625 0.059375
0 0.82890625 0.4421875 0.0859375 0.05625