0 0.92734375 0.17890625 0.1421875 0.115625
0 0.78203125 0.1015625 0.1015625 0.09375
0 0.6359375 0.1796875 0.13125 0.109375
0 0.63203125 0.0296875 0.1296875 0.059375
0 0.484375 0.09375 0.115625 0.109375
0 0.453125 0.2765625 0.115625 0.109375
0 0.31015625 0.0578125 0.1109375 0.10625
0 0.18125 0.0953125 0.0875 0.0875
0 0.31953125 0.19375 0.1140625 0.090625
0 0.596875 0.35859375 0.115625 0.1140625
0 0.72265625 0.44765625 0.0921875 0.0921875
0 0.771875 0.275 0.096875 0.090625
0 0.89921875 0.36640625 0.0890625 0.0828125
0 0.85390625 0.534375 0.1296875 0.121875
0 0.8234375 0.69453125 0.053125 0.0609375
0 0.69296875 0.6171875 0.125 0.109375
0 0.6203125 0.76953125 0.10625 0.1171875
0 0.7359375 0.825 0.128125 0.103125
0 0.9453125 0.76953125 0.109375 0.1015625
0 0.8953125 0.9296875 0.11875 0.115625
0 0.96953125 0.61328125 0.0578125 0.0859375
0 0.0671875 0.20859375 0.11875 0.1265625
0 0.1875 0.28828125 0.109375 0.1234375
0 0.2859375 0.3671875 0.09375 0.078125
0 0.43359375 0.44453125 0.109375 0.0984375
0 0.55859375 0.53359375 0.1234375 0.1046875
0 0.47265625 0.66796875 0.1109375 0.1171875
0 0.38046875 0.8234375 0.1203125 0.115625
0 0.34140625 0.59296875 0.1265625 0.1390625
0 0.2140625 0.5109375 0.109375 0.115625
0 0.09140625 0.4390625 0.1359375 0.14375
0 0.1125 0.7765625 0.121875 0.1
0 0.128125 0.896875 0.115625 0.10625
0 0.246875 0.8453125 0.09375 0.090625
0 0.23828125 0.71015625 0.1015625 0.10625
0 0.2875 0.95 0.1375 0.096875
0 0.56171875 0.9046875 0.1140625 0.1125
0 0.67421875 0.96484375 0.0671875 0.0703125
0 0.01875 0.57578125 0.0375 0.0890625
0 0.015625 0.70234375 0.03125 0.1015625
0 0.02421875 0.8265625 0.0484375 0.075
0 0.0734375 0.02890625 0.109375 0.0578125
0 0.0171875 0.075 0.034375 0.071875