0 0.078125 0.06953125 0.12578125 0.10546875
0 0.046875 0.19609375 0.09296875 0.096875
0 0.1671875 0.26328125 0.1171875 0.084375
0 0.27421875 0.1484375 0.09296875 0.103125
0 0.40546875 0.2125 0.11875 0.11328125
0 0.459375 0.13359375 0.1015625 0.1
0 0.59140625 0.18359375 0.12890625 0.10703125
0 0.50234375 0.0328125 0.0984375 0.065625
0 0.79453125 0.14453125 0.1015625 0.096875
0 0.91796875 0.23671875 0.1203125 0.11171875
0 0.9625 0.0796875 0.07421875 0.084375
0 0.89140625 0.03125 0.12578125 0.0625
0 0.7015625 0.07421875 0.084375 0.0640625
0 0.99375 0.29375 0.01171875 0.1
0 0.52265625 0.3796875 0.13359375 0.15078125
0 0.6625 0.48828125 0.11875 0.121875
0 0.70546875 0.28828125 0.10859375 0.09296875
0 0.84453125 0.4078125 0.11015625 0.103125
0 0.95859375 0.5109375 0.0828125 0.12734375
0 0.93125 0.696875 0.1375 0.121875
0 0.79765625 0.609375 0.140625 0.11015625
0 0.64453125 0.74765625 0.140625 0.121875
0 0.48828125 0.63671875 0.1421875 0.11875
0 0.24296875 0.41328125 0.13359375 0.115625
0 0.34296875 0.5484375 0.140625 0.1234375
0 0.29921875 0.33046875 0.08671875 0.078125
0 0.13828125 0.53203125 0.12734375 0.0984375
0 0.01796875 0.5 0.0359375 0.1015625
0 0.00625 0.3 0.01171875 0.1015625
0 0.09296875 0.3984375 0.10546875 0.09453125
0 0.0828125 0.62890625 0.0609375 0.04765625
0 0.04765625 0.74765625 0.09453125 0.0984375
0 0.15859375 0.84140625 0.09296875 0.08984375
0 0.29375 0.8015625 0.12734375 0.121875
0 0.30625 0.94921875 0.1234375 0.1015625
0 0.484375 0.8421875 0.12578125 0.11875
0 0.64921875 0.9359375 0.1421875 0.11875
0 0.8078125 0.85078125 0.11015625 0.1015625
0 0.94296875 0.934375 0.11328125 0.12734375
0 0.77890625 0.99453125 0.05625 0.01015625
0 0.44375 0.99296875 0.12890625 0.01328125
0 0.14140625 0.99296875 0.0765625 0.01328125
0 0.04765625 0.95234375 0.09453125 0.09453125