0 0.11796875 0.109375 0.084375 0.071875
0 0.07109375 0.2046875 0.1015625 0.0875
0 0.0296875 0.1140625 0.059375 0.071875
0 0.165625 0.02421875 0.08125 0.0484375
0 0.1921875 0.06875 0.0625 0.053125
0 0.24765625 0.10703125 0.0734375 0.0734375
0 0.325 0.13125 0.078125 0.075
0 0.49375 0.203125 0.08125 0.06875
0 0.56171875 0.2609375 0.0703125 0.059375
0 0.61953125 0.3453125 0.1203125 0.096875
0 0.55859375 0.47265625 0.10625 0.0859375
0 0.521875 0.53203125 0.053125 0.0484375
0 0.44765625 0.5203125 0.0515625 0.05
0 0.4625 0.3875 0.103125 0.0875
0 0.20078125 0.3484375 0.0421875 0.046875
0 0.32109375 0.42734375 0.1015625 0.0953125
0 0.22734375 0.48828125 0.0859375 0.0859375
0 0.1921875 0.56875 0.078125 0.075
0 0.334375 0.534375 0.096875 0.075
0 0.296875 0.65390625 0.1 0.0890625
0 0.68828125 0.11640625 0.0796875 0.0671875
0 0.82734375 0.2234375 0.0671875 0.071875
0 0.9 0.1578125 0.11875 0.0875
0 0.975 0.0984375 0.05 0.0453125
0 0.95546875 0.35078125 0.0578125 0.0703125
0 0.89453125 0.41328125 0.0546875 0.0609375
0 0.83359375 0.59765625 0.0578125 0.0609375
0 0.70703125 0.54296875 0.0765625 0.0765625
0 0.61640625 0.70390625 0.1140625 0.1109375
0 0.075 0.76875 0.0625 0.059375
0 0.11015625 0.621875 0.084375 0.071875
0 0.0875 0.4921875 0.0875 0.06875
0 0.0359375 0.95703125 0.071875 0.0859375
0 0.16640625 0.9546875 0.1453125 0.090625
0 0.30234375 0.8859375 0.1203125 0.1
0 0.40703125 0.96171875 0.0890625 0.0734375
0 0.440625 0.809375 0.109375 0.0875
0 0.5546875 0.8234375 0.078125 0.075
0 0.4421875 0.65703125 0.071875 0.0796875
0 0.5875 0.94140625 0.103125 0.0921875
0 0.70546875 0.95625 0.0828125 0.075
0 0.7484375 0.81796875 0.08125 0.0640625
0 0.8203125 0.9671875 0.0828125 0.065625
0 0.8703125 0.7078125 0.053125 0.0625
0 0.9578125 0.43828125 0.046875 0.0390625
0 0.96484375 0.48828125 0.0703125 0.0609375
0 0.940625 0.578125 0.115625 0.15625
0 0.79375 0.03828125 0.078125 0.0765625
0 0.87265625 0.02890625 0.0734375 0.0578125
0 0.70625 0.2703125 0.053125 0.0484375
0 0.73828125 0.2171875 0.0921875 0.059375
0 0.28828125 0.74453125 0.0609375 0.0578125
0 0.86953125 0.8546875 0.0515625 0.059375
0 0.8578125 0.925 0.065625 0.075