0 0.3484375 0.04609375 0.1109375 0.0890625
0 0.42109375 0.1359375 0.11328125 0.1171875
0 0.41875 0.2609375 0.128125 0.11484375
0 0.53203125 0.0578125 0.13203125 0.11484375
0 0.96015625 0.02578125 0.07890625 0.05078125
0 0.90078125 0.14140625 0.1109375 0.1109375
0 0.79375 0.2015625 0.07734375 0.071875
0 0.7953125 0.30546875 0.1 0.109375
0 0.696875 0.3328125 0.08125 0.07734375
0 0.56875 0.3359375 0.1109375 0.1015625
0 0.7375 0.440625 0.10390625 0.09609375
0 0.89453125 0.4546875 0.1171875 0.10546875
0 0.8171875 0.52890625 0.06796875 0.0734375
0 0.76015625 0.60546875 0.08671875 0.08671875
0 0.4921875 0.58203125 0.109375 0.11484375
0 0.1609375 0.6484375 0.12265625 0.1078125
0 0.2515625 0.88515625 0.153125 0.1171875
0 0.05546875 0.921875 0.1109375 0.12265625
0 0.31953125 0.98203125 0.08515625 0.0359375
0 0.4453125 0.98203125 0.1359375 0.0359375
0 0.6515625 0.896875 0.0890625 0.10390625
0 0.53046875 0.86875 0.10546875 0.10390625
0 0.503125 0.75 0.1453125 0.11875
0 0.65078125 0.79921875 0.0640625 0.06640625
0 0.78046875 0.81015625 0.1453125 0.1453125
0 0.82734375 0.6765625 0.15078125 0.12265625
0 0.96171875 0.721875 0.0765625 0.09375
0 0.92578125 0.8359375 0.11484375 0.09453125
0 0.88203125 0.93359375 0.13359375 0.128125
0 0.971875 0.93828125 0.05625 0.1234375
0 0.96640625 0.25 0.0671875 0.1