0 0.84921875 0.2125 0.10625 0.1
0 0.78046875 0.13359375 0.109375 0.09140625
0 0.903125 0.08984375 0.11484375 0.103125
0 0.9765625 0.034375 0.046875 0.06796875
0 0.6796875 0.1015625 0.09609375 0.08125
0 0.73828125 0.3578125 0.1015625 0.075
0 0.52578125 0.24296875 0.12109375 0.134375
0 0.475 0.153125 0.09609375 0.08671875
0 0.50859375 0.05703125 0.10625 0.09453125
0 0.39296875 0.2328125 0.1046875 0.1
0 0.17578125 0.021875 0.06328125 0.04296875
0 0.3046875 0.103125 0.06484375 0.046875
0 0.07734375 0.22734375 0.12109375 0.1296875
0 0.128125 0.2625 0.06953125 0.06796875
0 0.034375 0.39609375 0.06796875 0.14453125
0 0.15 0.35546875 0.09765625 0.08671875
0 0.203125 0.43203125 0.134375 0.11640625
0 0.34296875 0.33359375 0.1109375 0.09140625
0 0.27734375 0.47578125 0.109375 0.078125
0 0.22109375 0.57734375 0.13984375 0.12109375
0 0.32421875 0.56875 0.1 0.12109375
0 0.48828125 0.4734375 0.1296875 0.11640625
0 0.615625 0.48203125 0.0484375 0.046875
0 0.92421875 0.46875 0.08828125 0.08671875
0 0.9875 0.6078125 0.025 0.109375
0 0.92421875 0.646875 0.09765625 0.09453125
0 0.57890625 0.675 0.18125 0.1
0 0.78984375 0.82578125 0.09296875 0.08671875
0 0.98515625 0.76796875 0.0296875 0.1046875
0 0.93984375 0.925 0.11953125 0.103125
0 0.7515625 0.97578125 0.09140625 0.0484375
0 0.56953125 0.971875 0.1 0.05625
0 0.5265625 0.8828125 0.09609375 0.078125
0 0.4046875 0.80078125 0.08828125 0.0796875
0 0.23984375 0.80078125 0.084375 0.103125
0 0.14609375 0.859375 0.12265625 0.1078125
0 0.146875 0.6921875 0.1046875 0.09453125
0 0.0359375 0.78046875 0.07109375 0.0828125
0 0.06328125 0.53671875 0.10625 0.1
0 0.0609375 0.93515625 0.1046875 0.0828125
0 0.240625 0.97578125 0.1 0.0484375
0 0.3328125 0.9265625 0.08125 0.06640625
0 0.43828125 0.9921875 0.1296875 0.01484375
0 0.978125 0.32578125 0.04296875 0.05
0 0.78984375 0.55078125 0.13125 0.11640625
0 0.228125 0.221875 0.1078125 0.1015625
0 0.3390625 0.684375 0.09609375 0.08671875
0 0.75078125 0.259375 0.1265625 0.109375