0 0.040625 0.3796875 0.08125 0.084375
0 0.6109375 0.075 0.12421875 0.11484375
0 0.71015625 0.2125 0.14609375 0.12265625
0 0.753125 0.10234375 0.09140625 0.09453125
0 0.76328125 0.0078125 0.08046875 0.015625
0 0.8703125 0.14921875 0.11484375 0.10703125
0 0.89453125 0.0421875 0.1140625 0.084375
0 0.86875 0.31328125 0.11796875 0.12890625
0 0.74453125 0.37421875 0.13984375 0.11015625
0 0.728125 0.578125 0.11015625 0.10234375
0 0.87109375 0.5109375 0.10703125 0.07890625
0 0.9625 0.434375 0.075 0.14375
0 0.89453125 0.6890625 0.07578125 0.06328125
0 0.5875 0.63671875 0.12421875 0.12265625
0 0.45625 0.50703125 0.13515625 0.11796875
0 0.396875 0.36796875 0.11796875 0.11953125
0 0.44453125 0.15234375 0.12734375 0.11328125
0 0.55390625 0.278125 0.08046875 0.07578125
0 0.5953125 0.4359375 0.0453125 0.0359375
0 0.4515625 0.69921875 0.08671875 0.08359375
0 0.3265625 0.77265625 0.09609375 0.07890625
0 0.26796875 0.07265625 0.10859375 0.11953125
0 0.09453125 0.1765625 0.10390625 0.10078125
0 0.16640625 0.29140625 0.13203125 0.11796875
0 0.328125 0.21953125 0.0546875 0.07421875
0 0.3078125 0.5890625 0.12265625 0.11484375
0 0.2546875 0.434375 0.08828125 0.08046875
0 0.1078125 0.51484375 0.11484375 0.09921875
0 0.1640625 0.64375 0.12734375 0.09921875
0 0.0390625 0.7171875 0.07265625 0.08828125
0 0.0125 0.58125 0.025 0.08984375
0 0.05234375 0.03125 0.1046875 0.0625
0 0.91875 0.9265625 0.16171875 0.14609375
0 0.75078125 0.86875 0.10234375 0.14921875
0 0.0703125 0.94609375 0.1375 0.1078125
0 0.37421875 0.0359375 0.1109375 0.071875
0 0.35546875 0.8765625 0.10078125 0.10859375
0 0.98671875 0.25390625 0.0265625 0.09296875
0 0.975 0.08203125 0.05 0.08203125
0 0.54609375 0.92265625 0.34765625 0.15390625
0 0.31953125 0.98203125 0.09453125 0.0359375