0 0.28984375 0.4265625 0.12890625 0.1234375
0 0.41875 0.39609375 0.12578125 0.11328125
0 0.5578125 0.35546875 0.10859375 0.09296875
0 0.47421875 0.215625 0.13203125 0.11875
0 0.3703125 0.03984375 0.11015625 0.0796875
0 0.26171875 0.25625 0.1 0.08125
0 0.20859375 0.5796875 0.115625 0.1015625
0 0.06640625 0.6078125 0.11875 0.11328125
0 0.025 0.46953125 0.05 0.0703125
0 0.15703125 0.43984375 0.07265625 0.059375
0 0.11640625 0.2609375 0.059375 0.05078125
0 0.04453125 0.11953125 0.0828125 0.08671875
0 0.209375 0.13671875 0.0765625 0.06953125
0 0.1671875 0.0078125 0.103125 0.015625
0 0.4703125 0.04140625 0.10703125 0.0828125
0 0.521875 0.8109375 0.11171875 0.11328125
0 0.36328125 0.69921875 0.13359375 0.1203125
0 0.24453125 0.72578125 0.1234375 0.11015625
0 0.09765625 0.74765625 0.1234375 0.115625
0 0.42578125 0.94453125 0.11171875 0.11015625
0 0.27578125 0.86953125 0.05625 0.04375
0 0.16875 0.984375 0.0828125 0.03046875
0 0.56640625 0.91640625 0.10859375 0.103125
0 0.684375 0.89609375 0.084375 0.07265625
0 0.609375 0.63828125 0.06640625 0.05625
0 0.6 0.52109375 0.10859375 0.103125
0 0.43046875 0.54140625 0.12578125 0.11015625
0 0.90078125 0.24765625 0.11015625 0.10546875
0 0.8890625 0.04609375 0.13359375 0.09140625
0 0.90390625 0.63359375 0.0765625 0.08125
0 0.8296875 0.54296875 0.1 0.11328125
0 0.8890625 0.45078125 0.10703125 0.0984375
0 0.9359375 0.79921875 0.0578125 0.059375
0 0.94140625 0.971875 0.1171875 0.05625
0 0.98671875 0.5609375 0.0265625 0.121875
0 0.6734375 0.1875 0.10703125 0.0796875
0 0.715625 0.06171875 0.1421875 0.1234375
0 0.82578125 0.32265625 0.07421875 0.06953125
0 0.82265625 0.38046875 0.0625 0.059375
0 0.81953125 0.16171875 0.08671875 0.0796875
0 0.8140625 0.23125 0.0625 0.07265625
0 0.7484375 0.4171875 0.0765625 0.0640625
0 0.6671875 0.32890625 0.06953125 0.07421875
0 0.8328125 0.72578125 0.059375 0.0609375