0 0.64140625 0.5890625 0.20390625 0.1953125
0 0.52265625 0.72734375 0.2 0.196875
0 0.75234375 0.88984375 0.1953125 0.18984375
0 0.5 0.95625 0.20390625 0.08671875
0 0.9484375 0.175 0.10234375 0.1734375
0 0.13046875 0.28203125 0.184375 0.1765625
0 0.9609375 0.7515625 0.078125 0.159375
0 0.9015625 0.67734375 0.16953125 0.178125
0 0.87890625 0.5234375 0.19140625 0.18203125
0 0.7453125 0.96484375 0.196875 0.06953125
0 0.0609375 0.9375 0.121875 0.125
0 0.2 0.940625 0.184375 0.11875
0 0.35703125 0.94453125 0.17265625 0.1109375
0 0.64140625 0.934375 0.1578125 0.13125
0 0.88828125 0.92734375 0.1671875 0.1453125
0 0.878125 0.80546875 0.1578125 0.16484375
0 0.75859375 0.7265625 0.175 0.1671875
0 0.6484375 0.79375 0.16796875 0.184375
0 0.52421875 0.8625 0.171875 0.18671875
0 0.4125 0.83828125 0.18046875 0.1890625
0 0.259375 0.84296875 0.20703125 0.1546875
0 0.04140625 0.81953125 0.0828125 0.153125
0 0.12265625 0.825 0.11796875 0.1234375
0 0.21953125 0.71875 0.17734375 0.15234375
0 0.3609375 0.7296875 0.13515625 0.1109375
0 0.328125 0.62890625 0.18203125 0.1453125
0 0.46015625 0.62578125 0.1765625 0.15546875
0 0.43671875 0.76640625 0.00078125 0.003125
0 0.096875 0.725 0.12578125 0.15234375
0 0.065625 0.60234375 0.13125 0.1359375
0 0.18828125 0.5984375 0.17421875 0.1421875
0 0.25859375 0.49453125 0.13359375 0.12109375
0 0.39453125 0.51328125 0.178125 0.14765625
0 0.09140625 0.45546875 0.175 0.18046875
0 0.65625 0.43515625 0.1875 0.1796875
0 0.49296875 0.4328125 0.165625 0.19375
0 0.37109375 0.39375 0.153125 0.18984375
0 0.23828125 0.38125 0.171875 0.16796875
0 0.77890625 0.60625 0.16328125 0.1375
0 0.22265625 0.1765625 0.178125 0.17421875
0 0.31328125 0.2765625 0.1828125 0.1578125
0 0.465625 0.27265625 0.1703125 0.1921875
0 0.409375 0.13984375 0.178125 0.18515625
0 0.328125 0.084375 0.15 0.16875
0 0.19765625 0.06640625 0.18203125 0.1328125
0 0.475 0.0625 0.1953125 0.125
0 0.56484375 0.090625 0.17265625 0.1421875
0 0.6828125 0.0671875 0.1765625 0.13359375
0 0.58125 0.21875 0.1703125 0.159375
0 0.70859375 0.24765625 0.178125 0.17734375
0 0.60390625 0.3453125 0.15703125 0.12578125
0 0.7640625 0.35390625 0.1890625 0.178125
0 0.846875 0.3875 0.18203125 0.153125
0 0.74921875 0.49765625 0.13828125 0.1578125
0 0.815625 0.04296875 0.21640625 0.0859375
0 0.9703125 0.0484375 0.05859375 0.096875
0 0.88046875 0.103125 0.1421875 0.1421875
0 0.87578125 0.09921875 0.1328125 0.140625
0 0.86796875 0.2359375 0.18515625 0.17421875
0 0.9359375 0.32109375 0.12734375 0.19140625
0 0.96328125 0.44296875 0.0734375 0.1859375
0 0.9671875 0.6015625 0.065625 0.16875
0 0.95234375 0.878125 0.0953125 0.14375