0 0.1046875 0.36171875 0.1765625 0.10078125
0 0.28203125 0.6203125 0.07265625 0.096875
0 0.1109375 0.73046875 0.22109375 0.3375
0 0.17890625 0.59140625 0.1953125 0.1765625
0 0.34375 0.475 0.1265625 0.18984375
0 0.2328125 0.46015625 0.16328125 0.18515625
0 0.1109375 0.453125 0.08984375 0.10625
0 0.42890625 0.57265625 0.18671875 0.20390625
0 0.36796875 0.8203125 0.215625 0.25625
0 0.2234375 0.80859375 0.12265625 0.125
0 0.27109375 0.71953125 0.09609375 0.0984375
0 0.740625 0.79453125 0.07421875 0.07421875
0 0.94375 0.590625 0.0453125 0.04140625
0 0.903125 0.57265625 0.040625 0.0421875
0 0.9875 0.478125 0.025 0.0375
0 0.9859375 0.403125 0.028125 0.046875
0 0.99140625 0.36484375 0.0171875 0.03203125
0 0.98984375 0.3375 0.01953125 0.03046875
0 0.9875 0.296875 0.025 0.03359375
0 0.94609375 0.28515625 0.0421875 0.0421875
0 0.57265625 0.253125 0.13984375 0.15078125
0 0.53203125 0.1484375 0.04921875 0.0640625
0 0.56484375 0.13515625 0.0640625 0.07734375
0 0.5671875 0.04296875 0.11328125 0.08359375
0 0.096875 0.06875 0.165625 0.1375
0 0.1125 0.27578125 0.1328125 0.18203125
0 0.1828125 0.140625 0.0984375 0.121875
0 0.365625 0.21015625 0.21640625 0.16484375
0 0.41484375 0.35625 0.1125 0.10859375
0 0.5 0.32890625 0.084375 0.09453125
0 0.53125 0.43828125 0.07578125 0.0671875
0 0.46171875 0.4046875 0.053125 0.05
0 0.478125 0.44375 0.06015625 0.05703125
0 0.22578125 0.3046875 0.1234375 0.1390625
0 0.44375 0.12265625 0.1203125 0.11796875
0 0.36875 0.65078125 0.1046875 0.09453125
0 0.47578125 0.75234375 0.1015625 0.10078125
0 0.30859375 0.0703125 0.13046875 0.1171875
0 0.06640625 0.52890625 0.1015625 0.09453125
0 0.23359375 0.0359375 0.1015625 0.071875
0 0.2890625 0.96640625 0.1171875 0.0671875
0 0.08203125 0.9734375 0.1140625 0.053125
0 0.3328125 0.33203125 0.1359375 0.12578125
0 0.2859375 0.146875 0.140625 0.13203125
0 0.13984375 0.80234375 0.09296875 0.07890625
0 0.54375 0.4921875 0.06484375 0.05078125
0 0.17265625 0.978125 0.09140625 0.04375
0 0.440625 0.2796875 0.0765625 0.07578125
0 0.29375 0.2421875 0.0875 0.096875