0 0.10859375 0.9125 0.11640625 0.09453125
0 0.03359375 0.8453125 0.06640625 0.1625
0 0.33515625 0.021875 0.1484375 0.04296875
0 0.8203125 0.51953125 0.19140625 0.171875
0 0.70859375 0.71796875 0.1734375 0.16484375
0 0.715625 0.19609375 0.1671875 0.184375
0 0.62421875 0.36015625 0.19375 0.190625
0 0.0390625 0.34921875 0.078125 0.1828125
0 0.12265625 0.38046875 0.1546875 0.1546875
0 0.54921875 0.0421875 0.1453125 0.084375
0 0.93828125 0.0734375 0.1234375 0.146875
0 0.03515625 0.57890625 0.06953125 0.1828125
0 0.2375 0.3828125 0.13515625 0.15859375
0 0.2125 0.58515625 0.18046875 0.1546875
0 0.178125 0.27890625 0.15703125 0.13359375
0 0.44296875 0.85390625 0.16640625 0.16328125
0 0.81328125 0.38828125 0.16640625 0.13984375
0 0.03203125 0.70859375 0.0640625 0.13984375
0 0.09296875 0.64921875 0.17578125 0.1671875
0 0.21171875 0.71640625 0.1734375 0.16015625
0 0.0890625 0.78515625 0.16796875 0.1921875
0 0.2046875 0.84765625 0.18046875 0.1671875
0 0.32578125 0.9171875 0.15859375 0.15859375
0 0.33046875 0.78515625 0.16796875 0.18125
0 0.6765625 0.85859375 0.19375 0.165625
0 0.559375 0.80703125 0.165625 0.1703125
0 0.8046875 0.803125 0.1625 0.18125
0 0.85078125 0.65859375 0.18828125 0.175
0 0.93046875 0.5875 0.1390625 0.17734375
0 0.7140625 0.571875 0.15078125 0.1921875
0 0.6125 0.49609375 0.16953125 0.16796875
0 0.58203125 0.634375 0.17578125 0.18046875
0 0.48203125 0.55390625 0.17734375 0.1734375
0 0.3375 0.63671875 0.1625 0.16171875
0 0.43828125 0.70390625 0.14140625 0.16015625
0 0.371875 0.46484375 0.19453125 0.175
0 0.2046875 0.4953125 0.15390625 0.13359375
0 0.1078125 0.50390625 0.1625 0.15703125
0 0.37734375 0.33984375 0.17890625 0.15625
0 0.5125 0.4359375 0.1640625 0.16171875
0 0.50234375 0.29609375 0.1625 0.16015625
0 0.60859375 0.234375 0.16171875 0.175
0 0.5046875 0.15546875 0.18828125 0.15703125
0 0.3828125 0.1609375 0.128125 0.14296875
0 0.72578125 0.06640625 0.1828125 0.1328125
0 0.83671875 0.128125 0.14375 0.18046875
0 0.8609375 0.0359375 0.1515625 0.07109375
0 0.8234375 0.2578125 0.18125 0.17578125
0 0.93515625 0.19609375 0.1296875 0.1703125
0 0.93359375 0.3359375 0.1328125 0.175
0 0.92890625 0.73671875 0.14140625 0.1640625
0 0.20234375 0.94296875 0.171875 0.11328125
0 0.18671875 0.13515625 0.3734375 0.26953125