0 0.5140625 0.09609375 0.14296875 0.19140625
0 0.8796875 0.115625 0.240625 0.23125
0 0.82421875 0.54453125 0.065625 0.0734375
0 0.60703125 0.7875 0.05390625 0.05234375
0 0.10625 0.69453125 0.2125 0.3484375
0 0.27265625 0.26640625 0.1421875 0.1859375
0 0.3859375 0.29609375 0.10078125 0.10234375
0 0.4328125 0.35859375 0.1046875 0.08828125
0 0.37265625 0.4234375 0.1 0.0765625
0 0.3421875 0.39921875 0.065625 0.06484375
0 0.3234375 0.36484375 0.0578125 0.05390625
0 0.20859375 0.47578125 0.1640625 0.1375
0 0.02578125 0.51953125 0.0515625 0.0765625
0 0.3109375 0.6703125 0.06015625 0.05
0 0.05703125 0.93046875 0.1140625 0.1390625