0 0.34609375 0.0296875 0.1515625 0.059375
0 0.11640625 0.90234375 0.11875 0.09375
0 0.0421875 0.74921875 0.084375 0.15
0 0.02734375 0.6078125 0.0546875 0.090625
0 0.06328125 0.58125 0.03515625 0.05390625
0 0.03359375 0.55625 0.0671875 0.0546875
0 0.03359375 0.51484375 0.0640625 0.06015625
0 0.0203125 0.484375 0.03984375 0.04765625
0 0.0640625 0.46640625 0.065625 0.04765625
0 0.11328125 0.3875 0.11875 0.11796875
0 0.04296875 0.34140625 0.08515625 0.1109375
0 0.20390625 0.4703125 0.146875 0.17734375
0 0.22734375 0.64765625 0.14453125 0.13984375
0 0.36171875 0.68046875 0.121875 0.1234375
0 0.4390625 0.628125 0.13671875 0.10234375
0 0.3671875 0.559375 0.17890625 0.13046875
0 0.47421875 0.94140625 0.15703125 0.11640625
0 0.59453125 0.97265625 0.08515625 0.05390625
0 0.67265625 0.965625 0.0859375 0.06875
0 0.9265625 0.790625 0.140625 0.13359375
0 0.8140625 0.903125 0.16484375 0.14296875
0 0.93515625 0.959375 0.0515625 0.0640625
0 0.97890625 0.87890625 0.0421875 0.0796875
0 0.90078125 0.54609375 0.14765625 0.0984375
0 0.578125 0.609375 0.21796875 0.2484375
0 0.50859375 0.37109375 0.10234375 0.09609375
0 0.6109375 0.3515625 0.08515625 0.04140625
0 0.65 0.31171875 0.071875 0.065625
0 0.675 0.33203125 0.0453125 0.05546875
0 0.5984375 0.30859375 0.06328125 0.0734375
0 0.41953125 0.13828125 0.06953125 0.08984375
0 0.340625 0.06953125 0.04765625 0.05078125
0 0.96328125 0.01484375 0.0578125 0.0296875
0 0.96015625 0.07890625 0.0734375 0.06484375
0 0.91640625 0.64140625 0.11328125 0.10546875
0 0.5609375 0.24296875 0.12734375 0.1390625
0 0.596875 0.80078125 0.115625 0.115625
0 0.59375 0.4046875 0.1109375 0.096875
0 0.4328125 0.815625 0.10234375 0.08984375
0 0.3109375 0.921875 0.12734375 0.1265625
0 0.77421875 0.65859375 0.1078125 0.1015625
0 0.7734375 0.57734375 0.1046875 0.09296875
0 0.4703125 0.29375 0.10546875 0.1015625
0 0.79921875 0.7875 0.09765625 0.0890625
0 0.6609375 0.265625 0.071875 0.06796875
0 0.6140625 0.90390625 0.12578125 0.10390625
0 0.8375 0.25234375 0.10859375 0.10390625
0 0.72890625 0.75234375 0.11171875 0.1015625
0 0.05390625 0.97109375 0.1078125 0.0578125
0 0.325 0.46953125 0.0890625 0.0734375
0 0.4296875 0.6984375 0.09375 0.08671875
0 0.10390625 0.55703125 0.0765625 0.0703125
0 0.70703125 0.59609375 0.08046875 0.13828125