0 0.9484375 0.28125 0.103125 0.13828125
0 0.890625 0.08828125 0.12578125 0.10859375
0 0.959375 0.1375 0.08125 0.165625
0 0.66796875 0.05703125 0.1515625 0.1140625
0 0.5625 0.11875 0.15390625 0.1296875
0 0.48515625 0.06640625 0.1515625 0.1328125
0 0.38671875 0.08671875 0.1625 0.14375
0 0.18828125 0.21171875 0.0734375 0.0890625
0 0.10703125 0.17421875 0.1671875 0.1609375
0 0.7609375 0.26015625 0.17734375 0.15625
0 0.61953125 0.2359375 0.1796875 0.184375
0 0.4875 0.2140625 0.1453125 0.16484375
0 0.2640625 0.2609375 0.09765625 0.08671875
0 0.38125 0.2078125 0.16875 0.15390625
0 0.40703125 0.93984375 0.14765625 0.1203125
0 0.49140625 0.946875 0.12109375 0.10546875
0 0.6984375 0.9578125 0.146875 0.084375
0 0.2390625 0.75078125 0.1234375 0.11484375
0 0.42109375 0.74375 0.121875 0.11484375
0 0.48828125 0.5421875 0.1265625 0.1515625
0 0.92421875 0.50625 0.12421875 0.1296875
0 0.93359375 0.39765625 0.1296875 0.15625
0 0.853125 0.35390625 0.15859375 0.1609375
0 0.73984375 0.3890625 0.11015625 0.128125
0 0.66875 0.415625 0.11875 0.1015625
0 0.565625 0.4578125 0.140625 0.09765625
0 0.6015625 0.35859375 0.1828125 0.146875
0 0.5125 0.3125 0.13203125 0.1265625
0 0.3203125 0.4203125 0.1234375 0.1078125
0 0.2375 0.37734375 0.11875 0.121875
0 0.2953125 0.53515625 0.1046875 0.1359375
0 0.20703125 0.540625 0.13125 0.1578125
0 0.11875 0.515625 0.11875 0.140625
0 0.803125 0.59296875 0.15 0.13125
0 0.653125 0.51796875 0.1859375 0.153125
0 0.8234375 0.5046875 0.140625 0.1234375
0 0.9296875 0.6375 0.140625 0.1625
0 0.7359375 0.66953125 0.12421875 0.13828125
0 0.659375 0.6578125 0.1296875 0.13359375
0 0.5953125 0.596875 0.175 0.14921875
0 0.43125 0.65703125 0.09765625 0.1171875
0 0.346875 0.6546875 0.121875 0.1390625
0 0.52734375 0.6546875 0.15625 0.13828125
0 0.0859375 0.63671875 0.14296875 0.13359375
0 0.18984375 0.6 0.1140625 0.11640625
0 0.225 0.684375 0.1453125 0.1140625
0 0.09609375 0.740625 0.153125 0.140625
0 0.3390625 0.7625 0.14765625 0.13828125
0 0.921875 0.7828125 0.13203125 0.12109375
0 0.8046875 0.8 0.14921875 0.1109375
0 0.721875 0.89765625 0.1796875 0.13828125
0 0.5359375 0.77265625 0.13671875 0.13203125
0 0.53125 0.878125 0.15859375 0.1703125
0 0.1984375 0.83203125 0.153125 0.1359375
0 0.315625 0.86953125 0.140625 0.1359375
0 0.2734375 0.153125 0.15390625 0.146875
0 0.78671875 0.1359375 0.1359375 0.1359375
0 0.90234375 0.9125 0.1921875 0.17421875
0 0.8625 0.2109375 0.171875 0.15703125
0 0.825 0.715625 0.15546875 0.12109375
0 0.39296875 0.53671875 0.13984375 0.175
0 0.409375 0.83359375 0.12578125 0.13203125
0 0.71484375 0.7625 0.1390625 0.14296875
0 0.1046875 0.2875 0.0953125 0.09453125
0 0.14453125 0.0734375 0.1578125 0.13984375
0 0.41171875 0.30390625 0.1328125 0.13359375
0 0.478125 0.41953125 0.1109375 0.1234375
0 0.63125 0.8375 0.1265625 0.14765625
0 0.03515625 0.2359375 0.06953125 0.1
0 0.08515625 0.40390625 0.1546875 0.14765625
0 0.1671875 0.33515625 0.06171875 0.06171875