0 0.128125 0.484375 0.21015625 0.21328125
0 0.06015625 0.596875 0.1203125 0.171875
0 0.1515625 0.703125 0.1421875 0.15
0 0.31953125 0.7015625 0.146875 0.15625
0 0.4203125 0.78671875 0.1484375 0.140625
0 0.490625 0.8484375 0.14375 0.17265625
0 0.58125 0.90546875 0.17734375 0.1734375
0 0.39765625 0.909375 0.159375 0.1625
0 0.10625 0.96484375 0.14609375 0.0703125
0 0.20625 0.12109375 0.24140625 0.2421875
0 0.33359375 0.3625 0.55078125 0.3625
0 0.70234375 0.70859375 0.18359375 0.23203125
0 0.696875 0.91640625 0.5625 0.16640625
0 0.97421875 0.7265625 0.0515625 0.11953125
0 0.93671875 0.78828125 0.1265625 0.10390625
0 0.92734375 0.67890625 0.1453125 0.12109375
0 0.79765625 0.24140625 0.21484375 0.1875