0 0.06875 0.16875 0.10234375 0.0671875
0 0.04375 0.19296875 0.0875 0.1046875
0 0.14140625 0.21875 0.084375 0.096875
0 0.09296875 0.23671875 0.07890625 0.1140625
0 0.22421875 0.396875 0.1578125 0.159375
0 0.25546875 0.62890625 0.19140625 0.30859375
0 0.11328125 0.54609375 0.1609375 0.221875
0 0.075 0.33125 0.14921875 0.19765625
0 0.571875 0.48359375 0.140625 0.1328125
0 0.50078125 0.4828125 0.1125 0.115625
0 0.7859375 0.6140625 0.15 0.1625
0 0.8390625 0.6640625 0.10234375 0.12734375
0 0.73203125 0.7015625 0.05546875 0.04609375
0 0.6921875 0.7875 0.03203125 0.028125
0 0.6125 0.6984375 0.0203125 0.03359375
0 0.71015625 0.8671875 0.0328125 0.03984375
0 0.76953125 0.84296875 0.046875 0.034375
0 0.80546875 0.87578125 0.04921875 0.0625
0 0.84140625 0.9078125 0.0625 0.0484375
0 0.88046875 0.9484375 0.06484375 0.06484375
0 0.82734375 0.953125 0.04609375 0.04453125
0 0.58203125 0.95 0.0390625 0.0484375
0 0.47578125 0.68359375 0.05625 0.0625
0 0.390625 0.81796875 0.046875 0.05
0 0.66875 0.2671875 0.0546875 0.05234375
0 0.61796875 0.24375 0.05078125 0.05234375
0 0.9125 0.23828125 0.1015625 0.0859375
0 0.8703125 0.28359375 0.04140625 0.03515625
0 0.9734375 0.07734375 0.053125 0.0609375
0 0.41484375 0.39765625 0.05 0.06484375