0 0.084375 0.04765625 0.16796875 0.09453125
0 0.2234375 0.0328125 0.171875 0.06484375
0 0.4015625 0.03515625 0.1671875 0.0703125
0 0.46640625 0.059375 0.17421875 0.11796875
0 0.5171875 0.1296875 0.15703125 0.16953125
0 0.03203125 0.12734375 0.0640625 0.1640625
0 0.10546875 0.121875 0.06171875 0.07734375
0 0.0796875 0.18359375 0.1109375 0.084375
0 0.30078125 0.1546875 0.084375 0.08359375
0 0.36171875 0.17578125 0.03984375 0.05390625
0 0.40234375 0.17578125 0.06640625 0.04375
0 0.38671875 0.13828125 0.04375 0.03515625
0 0.33359375 0.28125 0.0703125 0.06875
0 0.3296875 0.2328125 0.0359375 0.03515625
0 0.26015625 0.29453125 0.09765625 0.08515625
0 0.16640625 0.3296875 0.13203125 0.10625
0 0.2390625 0.3421875 0.0734375 0.05
0 0.1578125 0.39765625 0.053125 0.0640625
0 0.0546875 0.478125 0.07734375 0.07109375
0 0.071875 0.71796875 0.14375 0.1953125
0 0.01171875 0.89765625 0.0234375 0.0828125
0 0.35703125 0.9296875 0.1671875 0.140625
0 0.34140625 0.83515625 0.1015625 0.1046875
0 0.5140625 0.7234375 0.08125 0.06640625
0 0.47109375 0.71953125 0.04375 0.053125
0 0.5 0.70078125 0.06171875 0.04140625
0 0.4828125 0.58359375 0.0578125 0.078125
0 0.46484375 0.60546875 0.04375 0.0703125
0 0.4078125 0.590625 0.09296875 0.08203125
0 0.340625 0.6421875 0.07265625 0.05703125
0 0.71171875 0.56796875 0.0796875 0.09140625
0 0.75703125 0.61796875 0.05 0.071875
0 0.7921875 0.621875 0.0359375 0.06640625
0 0.7078125 0.471875 0.059375 0.071875
0 0.86015625 0.55234375 0.0984375 0.08359375
0 0.78125 0.57109375 0.075 0.0484375
0 0.7609375 0.83828125 0.065625 0.08671875
0 0.83125 0.7671875 0.0390625 0.03828125
0 0.86015625 0.81171875 0.109375 0.09140625
0 0.90703125 0.91171875 0.1859375 0.1765625
0 0.8140625 0.959375 0.1765625 0.08125
0 0.67578125 0.97109375 0.1109375 0.0578125
0 0.696875 0.91171875 0.12734375 0.08671875
0 0.55 0.971875 0.0640625 0.05625