0 0.81171875 0.23125 0.04765625 0.05625
0 0.95546875 0.5796875 0.03359375 0.03671875
0 0.94296875 0.68203125 0.1140625 0.08359375
0 0.678125 0.81484375 0.03515625 0.0359375
0 0.7140625 0.83203125 0.0390625 0.05078125
0 0.7546875 0.85625 0.03828125 0.03828125
0 0.83203125 0.89609375 0.046875 0.046875
0 0.16015625 0.546875 0.05625 0.06328125
0 0.20234375 0.58359375 0.078125 0.06953125
0 0.26484375 0.60703125 0.0640625 0.06875
0 0.19765625 0.6203125 0.0421875 0.04296875
0 0.23125 0.63359375 0.04140625 0.040625
0 0.2953125 0.6546875 0.0421875 0.03203125
0 0.25859375 0.678125 0.05078125 0.04609375
0 0.3203125 0.6734375 0.0453125 0.0515625
0 0.39140625 0.6609375 0.0875 0.090625
0 0.52578125 0.709375 0.059375 0.0703125
0 0.4921875 0.684375 0.09453125 0.0796875
0 0.47734375 0.62890625 0.065625 0.0546875
0 0.58125 0.57109375 0.0734375 0.0765625
0 0.496875 0.50625 0.121875 0.09453125
0 0.52265625 0.39765625 0.05703125 0.06875
0 0.58359375 0.290625 0.0390625 0.0359375
0 0.61484375 0.30390625 0.03984375 0.0359375
0 0.63359375 0.32734375 0.034375 0.03046875
0 0.703125 0.3453125 0.03984375 0.03671875
0 0.69140625 0.37421875 0.03359375 0.03046875
0 0.67734375 0.41640625 0.03125 0.02890625
0 0.64375 0.1234375 0.04453125 0.0453125
0 0.4796875 0.11015625 0.053125 0.0515625
0 0.284375 0.228125 0.05234375 0.04765625
0 0.0734375 0.11953125 0.0484375 0.05078125
0 0.18046875 0.17421875 0.0515625 0.0515625
0 0.04921875 0.2296875 0.0984375 0.1296875
0 0.68984375 0.27265625 0.09140625 0.0921875