0 0.6125 0.39453125 0.175 0.215625
0 0.078125 0.10390625 0.15625 0.2078125
0 0.1484375 0.24453125 0.29609375 0.365625
0 0.49375 0.659375 0.40390625 0.37265625
0 0.2921875 0.39453125 0.46015625 0.4328125
0 0.334375 0.109375 0.24375 0.171875
0 0.18671875 0.0453125 0.3734375 0.090625
0 0.05859375 0.78671875 0.1171875 0.17734375
0 0.109375 0.8859375 0.21875 0.22734375
0 0.990625 0.9640625 0.01875 0.071875
0 0.8015625 0.91328125 0.396875 0.1734375
0 0.82890625 0.75625 0.08671875 0.08359375
0 0.6265625 0.78203125 0.04140625 0.0703125
0 0.734375 0.76015625 0.08359375 0.05703125
0 0.734375 0.7953125 0.05859375 0.0515625
0 0.78515625 0.815625 0.0703125 0.08984375
0 0.94296875 0.58828125 0.0796875 0.10390625