0 0.35390625 0.40234375 0.1375 0.1328125
0 0.35390625 0.53125 0.078125 0.08046875
0 0.34921875 0.49296875 0.06640625 0.053125
0 0.21484375 0.4828125 0.2046875 0.2078125
0 0.43515625 0.4203125 0.1484375 0.171875
0 0.62578125 0.5484375 0.05 0.03515625
0 0.6015625 0.534375 0.046875 0.04921875
0 0.6125 0.50234375 0.05078125 0.0453125
0 0.31015625 0.85390625 0.09609375 0.09921875
0 0.3171875 0.7390625 0.08125 0.084375
0 0.2421875 0.765625 0.08984375 0.1015625
0 0.1546875 0.67734375 0.13125 0.13359375
0 0.021875 0.5265625 0.04296875 0.1
0 0.19609375 0.3125 0.18515625 0.140625
0 0.3828125 0.290625 0.14140625 0.1296875
0 0.59296875 0.2609375 0.10625 0.09921875
0 0.70546875 0.1 0.175 0.1875
0 0.9140625 0.17421875 0.16171875 0.17265625
0 0.9015625 0.05546875 0.178125 0.1109375
0 0.6390625 0.60546875 0.10234375 0.09140625
0 0.4828125 0.221875 0.16640625 0.159375
0 0.35625 0.9109375 0.0921875 0.09453125
0 0.771875 0.03046875 0.125 0.0609375
0 0.01796875 0.9578125 0.0359375 0.084375
0 0.421875 0.9796875 0.1015625 0.040625
0 0.13203125 0.2828125 0.09609375 0.090625
0 0.40234375 0.94140625 0.065625 0.0546875
0 0.02265625 0.6109375 0.04453125 0.08984375
0 0.65234375 0.028125 0.0953125 0.05625
0 0.01171875 0.221875 0.0234375 0.08359375