0 0.9765625 0.2328125 0.046875 0.140625
0 0.940625 0.55625 0.115625 0.15625
0 0.96875 0.75546875 0.0625 0.14140625
0 0.9671875 0.8828125 0.06484375 0.14609375
0 0.96640625 0.96953125 0.0671875 0.0609375
0 0.06953125 0.8984375 0.06640625 0.05625
0 0.6234375 0.11328125 0.1234375 0.1046875
0 0.5265625 0.91875 0.18203125 0.14765625
0 0.60390625 0.7578125 0.12734375 0.109375
0 0.01796875 0.0328125 0.0359375 0.065625
0 0.740625 0.20703125 0.1140625 0.1140625
0 0.0171875 0.146875 0.034375 0.075
0 0.025 0.85859375 0.05 0.0875
0 0.81484375 0.02578125 0.0953125 0.0515625
0 0.6828125 0.9296875 0.140625 0.140625
0 0.68984375 0.03984375 0.1296875 0.0796875
0 0.6125 0.5671875 0.06171875 0.0671875
0 0.784375 0.965625 0.1546875 0.06875
0 0.6640625 0.49140625 0.0578125 0.0390625
0 0.9140625 0.83046875 0.171875 0.1390625
0 0.4265625 0.86171875 0.08984375 0.0796875
0 0.93046875 0.31328125 0.12890625 0.1609375
0 0.8015625 0.8734375 0.13984375 0.13046875
0 0.6859375 0.815625 0.1671875 0.12421875
0 0.1109375 0.9234375 0.02890625 0.02734375
0 0.33828125 0.98125 0.23046875 0.03671875
0 0.42734375 0.946875 0.065625 0.0734375
0 0.54921875 0.8046875 0.075 0.06796875
0 0.553125 0.70234375 0.08203125 0.08359375
0 0.76171875 0.33203125 0.07734375 0.10078125
0 0.85859375 0.2109375 0.14921875 0.1828125
0 0.840625 0.3984375 0.1671875 0.15546875
0 0.840625 0.52421875 0.16875 0.1703125
0 0.84296875 0.65703125 0.17265625 0.13984375
0 0.90234375 0.7375 0.1671875 0.15
0 0.96796875 0.63125 0.0640625 0.1640625
0 0.98046875 0.50859375 0.0390625 0.1484375
0 0.93671875 0.434375 0.1265625 0.1640625
0 0.934375 0.06875 0.13125 0.1375
0 0.89765625 0.93125 0.13046875 0.1375
0 0.940625 0.171875 0.11875 0.153125