0 0.4765625 0.85390625 0.18203125 0.17265625
0 0.0421875 0.66640625 0.084375 0.1125
0 0.21171875 0.121875 0.16875 0.175
0 0.84453125 0.1328125 0.1671875 0.1578125
0 0.95 0.14296875 0.1 0.18046875
0 0.59609375 0.1203125 0.17265625 0.171875
0 0.13515625 0.41171875 0.11640625 0.08828125
0 0.8375 0.4140625 0.14296875 0.1296875
0 0.9375 0.4125 0.125 0.1625
0 0.95 0.30625 0.1 0.14921875
0 0.840625 0.28984375 0.17578125 0.196875
0 0.5875 0.36640625 0.18984375 0.15078125
0 0.56875 0.24765625 0.15234375 0.1453125
0 0.434375 0.2546875 0.17265625 0.19296875
0 0.06171875 0.378125 0.12265625 0.19609375
0 0.93828125 0.54921875 0.1234375 0.1703125
0 0.81953125 0.51015625 0.1375 0.12265625
0 0.5765625 0.51171875 0.1609375 0.16015625
0 0.92890625 0.6390625 0.1421875 0.1578125
0 0.821875 0.66484375 0.15703125 0.18359375
0 0.565625 0.6578125 0.18984375 0.18828125
0 0.43671875 0.55703125 0.18671875 0.18515625
0 0.19140625 0.68828125 0.15234375 0.1671875
0 0.1015625 0.696875 0.1125 0.125
0 0.06171875 0.78125 0.12265625 0.15703125
0 0.80234375 0.82734375 0.18984375 0.18046875
0 0.69296875 0.75234375 0.18828125 0.17578125
0 0.5578125 0.80546875 0.15078125 0.15234375
0 0.68046875 0.90703125 0.18046875 0.1640625
0 0.415625 0.9546875 0.165625 0.08984375
0 0.54296875 0.93828125 0.1984375 0.12265625
0 0.07265625 0.15703125 0.1453125 0.20390625
0 0.0484375 0.371875 0.096875 0.19609375
0 0.3 0.1703125 0.2 0.190625
0 0.08828125 0.9078125 0.1734375 0.184375
0 0.34921875 0.85703125 0.1671875 0.1953125
0 0.06796875 0.55234375 0.13515625 0.18203125
0 0.7015625 0.27890625 0.1828125 0.190625
0 0.15859375 0.29609375 0.1875 0.1921875
0 0.0390625 0.03828125 0.078125 0.0765625
0 0.68203125 0.61015625 0.1890625 0.1984375
0 0.221875 0.028125 0.159375 0.05625
0 0.44296875 0.10234375 0.1609375 0.15859375
0 0.4359375 0.43203125 0.1828125 0.20078125
0 0.8984375 0.92109375 0.203125 0.1578125
0 0.17265625 0.51640625 0.15390625 0.1765625
0 0.3203125 0.33828125 0.184375 0.171875
0 0.41328125 0.73984375 0.19140625 0.1796875
0 0.2078125 0.87265625 0.1625 0.21875
0 0.30625 0.4875 0.17578125 0.18125
0 0.6984375 0.45859375 0.203125 0.20390625
0 0.65078125 0.03203125 0.1671875 0.0640625
0 0.71796875 0.1265625 0.159375 0.14140625
0 0.91328125 0.77890625 0.1734375 0.1828125
0 0.75078125 0.9578125 0.16015625 0.084375
0 0.29765625 0.65703125 0.17734375 0.21875