0 0.6625 0.11484375 0.26015625 0.2296875
0 0.74296875 0.175 0.14609375 0.18046875
0 0.0265625 0.15703125 0.05234375 0.24453125
0 0.11328125 0.2578125 0.06328125 0.05625
0 0.1015625 0.4453125 0.1484375 0.1234375
0 0.9375 0.425 0.125 0.24765625
0 0.8296875 0.7296875 0.340625 0.3953125
0 0.878125 0.90546875 0.24296875 0.1890625
0 0.55625 0.9640625 0.12109375 0.071875
0 0.4109375 0.83828125 0.125 0.11328125
0 0.35703125 0.88046875 0.1203125 0.12734375
0 0.0125 0.8765625 0.02421875 0.071875
0 0.09140625 0.91953125 0.12578125 0.08984375
0 0.0734375 0.95078125 0.146875 0.0953125
0 0.22109375 0.86171875 0.140625 0.1515625