0 0.446875 0.94765625 0.19296875 0.1046875
0 0.596875 0.971875 0.19609375 0.05546875
0 0.8453125 0.36328125 0.16640625 0.1671875
0 0.9546875 0.93125 0.08984375 0.1375
0 0.034375 0.5421875 0.06875 0.21484375
0 0.03671875 0.37578125 0.0734375 0.1765625
0 0.040625 0.234375 0.08125 0.1703125
0 0.0578125 0.09453125 0.115625 0.1890625
0 0.13125 0.06171875 0.175 0.1234375
0 0.11640625 0.17890625 0.1953125 0.18359375
0 0.11171875 0.3234375 0.175 0.1703125
0 0.103125 0.478125 0.20625 0.20625
0 0.053125 0.66796875 0.10546875 0.17265625
0 0.15546875 0.67265625 0.20546875 0.20625
0 0.03125 0.8453125 0.0625 0.1875
0 0.059375 0.9359375 0.11875 0.128125
0 0.18203125 0.94140625 0.1953125 0.1171875
0 0.303125 0.95625 0.1828125 0.0875
0 0.30390625 0.7 0.1625 0.16015625
0 0.3421875 0.59921875 0.18671875 0.17265625
0 0.21953125 0.5328125 0.17578125 0.1625
0 0.22890625 0.3953125 0.16015625 0.1578125
0 0.2484375 0.26640625 0.1828125 0.20703125
0 0.253125 0.0890625 0.1859375 0.178125
0 0.3890625 0.07109375 0.19609375 0.14140625
0 0.375 0.1859375 0.17265625 0.165625
0 0.36171875 0.33828125 0.190625 0.16875
0 0.35859375 0.484375 0.18984375 0.15
0 0.45078125 0.72578125 0.178125 0.19296875
0 0.4765625 0.55234375 0.17421875 0.178125
0 0.4828125 0.41484375 0.17734375 0.12265625
0 0.48984375 0.27578125 0.178125 0.146875
0 0.50625 0.1328125 0.190625 0.175
0 0.50859375 0.02578125 0.2078125 0.0515625
0 0.634375 0.06328125 0.15234375 0.12578125
0 0.63828125 0.2046875 0.17265625 0.190625
0 0.62890625 0.34140625 0.18359375 0.15546875
0 0.60859375 0.4796875 0.16171875 0.1375
0 0.61484375 0.58984375 0.16171875 0.165625
0 0.6015625 0.7265625 0.1703125 0.171875
0 0.55 0.8828125 0.16875 0.1546875
0 0.70859375 0.9296875 0.1921875 0.140625
0 0.728125 0.14921875 0.1828125 0.17421875
0 0.7703125 0.0453125 0.1984375 0.090625
0 0.878125 0.228125 0.21328125 0.1875
0 0.89453125 0.0828125 0.159375 0.1546875
0 0.9421875 0.146875 0.11484375 0.1703125
0 0.7375 0.42890625 0.1765625 0.1875
0 0.73671875 0.27421875 0.1265625 0.1171875
0 0.7515625 0.578125 0.1703125 0.16328125
0 0.73359375 0.8265625 0.20703125 0.18984375
0 0.73984375 0.7140625 0.20703125 0.17890625
0 0.85234375 0.84453125 0.17890625 0.19609375
0 0.9171875 0.7921875 0.165625 0.21328125
0 0.8703125 0.66484375 0.18984375 0.1546875
0 0.8671875 0.52578125 0.1703125 0.16796875
0 0.94453125 0.59453125 0.1109375 0.2109375
0 0.94453125 0.3421875 0.1109375 0.1859375
0 0.96640625 0.46953125 0.0671875 0.14375
0 0.11015625 0.87109375 0.16953125 0.1546875