0 0.74296875 0.62265625 0.0890625 0.06171875
0 0.83125 0.55625 0.12890625 0.13046875
0 0.2828125 0.55234375 0.0328125 0.034375
0 0.1234375 0.4609375 0.046875 0.05078125
0 0.08984375 0.60625 0.17890625 0.23984375
0 0.61171875 0.8515625 0.09765625 0.1
0 0.88984375 0.4515625 0.1125 0.1
0 0.6703125 0.8828125 0.08828125 0.09375
0 0.034375 0.37734375 0.06875 0.09453125
0 0.17734375 0.46640625 0.09609375 0.09921875
0 0.37109375 0.103125 0.04453125 0.0390625
0 0.94375 0.365625 0.1125 0.109375
0 0.47890625 0.7140625 0.02578125 0.02421875
0 0.3921875 0.00234375 0.0484375 0.00390625