0 0.91875 0.9171875 0.1625 0.165625
0 0.01875 0.3671875 0.03671875 0.1609375
0 0.0171875 0.48671875 0.034375 0.16015625
0 0.0578125 0.82421875 0.115625 0.1828125
0 0.0640625 0.7046875 0.128125 0.16875
0 0.06953125 0.6078125 0.13828125 0.12734375
0 0.06328125 0.5203125 0.1265625 0.11953125
0 0.08828125 0.42421875 0.17578125 0.16875
0 0.06875 0.27265625 0.1375 0.190625
0 0.18984375 0.290625 0.171875 0.21171875
0 0.134375 0.1390625 0.22578125 0.13984375
0 0.12734375 0.06484375 0.171875 0.1296875
0 0.7640625 0.26171875 0.18046875 0.178125
0 0.44765625 0.08125 0.18515625 0.1625
0 0.603125 0.10078125 0.175 0.165625
0 0.753125 0.11953125 0.17890625 0.190625
0 0.48046875 0.23671875 0.2015625 0.18671875
0 0.4578125 0.37109375 0.2234375 0.19609375
0 0.60546875 0.2765625 0.196875 0.22265625
0 0.61328125 0.40546875 0.15703125 0.15390625
0 0.73359375 0.41015625 0.1703125 0.1578125
0 0.840625 0.32890625 0.190625 0.19609375
0 0.86640625 0.4515625 0.18515625 0.15078125
0 0.865625 0.59296875 0.178125 0.18671875
0 0.5921875 0.53359375 0.20859375 0.18984375
0 0.7375 0.56640625 0.18984375 0.1984375
0 0.17109375 0.69921875 0.1578125 0.13984375
0 0.27421875 0.6515625 0.1640625 0.17890625
0 0.39765625 0.68828125 0.18828125 0.1984375
0 0.53203125 0.70078125 0.18515625 0.18046875
0 0.665625 0.7109375 0.178125 0.2015625
0 0.78203125 0.7296875 0.178125 0.21484375
0 0.92109375 0.7546875 0.1578125 0.190625
0 0.13671875 0.82734375 0.19375 0.22265625
0 0.18046875 0.95625 0.14296875 0.0875
0 0.2953125 0.90234375 0.18671875 0.14609375
0 0.41953125 0.85546875 0.18046875 0.18671875
0 0.315625 0.96953125 0.175 0.06015625
0 0.4421875 0.9703125 0.18359375 0.059375
0 0.58359375 0.9765625 0.21796875 0.046875
0 0.7671875 0.90546875 0.21328125 0.18828125
0 0.5984375 0.8859375 0.1984375 0.20703125
0 0.32421875 0.25703125 0.20625 0.19609375
0 0.075 0.93515625 0.14921875 0.1296875
0 0.2875 0.50078125 0.20625 0.190625
0 0.28359375 0.0765625 0.17890625 0.153125
0 0.446875 0.5421875 0.19140625 0.18125
0 0.16953125 0.584375 0.1703125 0.16484375
0 0.90625 0.16171875 0.18671875 0.2015625
0 0.28125 0.82421875 0.17578125 0.1640625
0 0.91796875 0.03671875 0.1640625 0.0734375
0 0.74375 0.0359375 0.175 0.071875
0 0.8453125 0.97109375 0.171875 0.0578125