0 0.19453125 0.91953125 0.1203125 0.13984375
0 0.09296875 0.846875 0.1859375 0.303125
0 0.11796875 0.565625 0.2359375 0.21640625
0 0.09765625 0.1671875 0.09296875 0.0890625
0 0.071875 0.203125 0.07421875 0.06953125
0 0.05390625 0.06953125 0.10703125 0.11484375
0 0.33125 0.0640625 0.215625 0.128125
0 0.35703125 0.215625 0.13984375 0.1625
0 0.53203125 0.26328125 0.1703125 0.13515625
0 0.94375 0.44140625 0.09453125 0.08984375
0 0.115625 0.4609375 0.17578125 0.1703125
0 0.9359375 0.153125 0.128125 0.115625
0 0.54453125 0.0796875 0.19140625 0.15859375
0 0.7296875 0.27109375 0.103125 0.09609375
0 0.94296875 0.34921875 0.1140625 0.1359375
0 0.94140625 0.06015625 0.1171875 0.11953125
0 0.14296875 0.72890625 0.12890625 0.10625
0 0.89609375 0.01484375 0.12421875 0.0296875
0 0.8578125 0.08515625 0.09296875 0.10234375
0 0.36953125 0.68046875 0.128125 0.13984375
0 0.1765625 0.65546875 0.10078125 0.08828125
0 0.409375 0.8734375 0.05859375 0.05078125
0 0.653125 0.0375 0.103125 0.075
0 0.0109375 0.615625 0.02109375 0.08984375
0 0.41796875 0.76875 0.115625 0.1109375
0 0.39765625 0.91640625 0.046875 0.0421875