0 0.053125 0.21015625 0.0390625 0.0390625
0 0.0296875 0.31484375 0.02890625 0.02890625
0 0.02578125 0.36171875 0.03828125 0.03359375
0 0.06328125 0.1375 0.0359375 0.0375
0 0.07734375 0.06796875 0.04375 0.04296875
0 0.265625 0.60390625 0.0421875 0.0328125
0 0.271875 0.57734375 0.04765625 0.04140625
0 0.25859375 0.5109375 0.10234375 0.09609375
0 0.0296875 0.46796875 0.0484375 0.0453125
0 0.02109375 0.5796875 0.040625 0.03828125
0 0.015625 0.63359375 0.03125 0.0421875
0 0.01171875 0.69140625 0.0234375 0.04296875
0 0.0109375 0.7515625 0.02109375 0.04375
0 0.97578125 0.940625 0.04765625 0.0625
0 0.8234375 0.91015625 0.090625 0.08984375
0 0.85234375 0.559375 0.2203125 0.346875
0 0.49140625 0.3328125 0.0828125 0.08515625
0 0.109375 0.0046875 0.03359375 0.00859375