0 0.0703125 0.19453125 0.140625 0.13046875
0 0.065625 0.28984375 0.13046875 0.1828125
0 0.24296875 0.2515625 0.2 0.20859375
0 0.4375 0.2203125 0.190625 0.18046875
0 0.33828125 0.3296875 0.209375 0.16953125
0 0.16796875 0.44296875 0.3015625 0.2859375
0 0.0578125 0.51875 0.115625 0.215625
0 0.34609375 0.10546875 0.1890625 0.1671875
0 0.54921875 0.0953125 0.2328125 0.190625
0 0.94375 0.04453125 0.11171875 0.0890625
0 0.7484375 0.2046875 0.165625 0.19140625
0 0.60703125 0.3328125 0.14765625 0.13125
0 0.4734375 0.43203125 0.165625 0.1484375
0 0.33828125 0.53828125 0.1671875 0.125
0 0.20546875 0.67890625 0.1484375 0.16484375
0 0.08125 0.75625 0.1546875 0.17265625
0 0.784375 0.440625 0.43046875 0.4546875
0 0.73203125 0.66328125 0.478125 0.42109375
0 0.4734375 0.759375 0.45078125 0.38671875
0 0.4 0.8625 0.39609375 0.275