0 0.28046875 0.04140625 0.1671875 0.0828125
0 0.42421875 0.0453125 0.1234375 0.090625
0 0.46796875 0.12109375 0.05078125 0.0609375
0 0.546875 0.075 0.14921875 0.14765625
0 0.78125 0.3296875 0.1578125 0.15390625
0 0.96484375 0.415625 0.0703125 0.15625
0 0.859375 0.67109375 0.13671875 0.13828125
0 0.97421875 0.63203125 0.05078125 0.08515625
0 0.9328125 0.7703125 0.134375 0.17109375
0 0.7765625 0.796875 0.12734375 0.1328125
0 0.50703125 0.94453125 0.09453125 0.10859375
0 0.384375 0.9078125 0.165625 0.184375
0 0.07578125 0.8484375 0.09609375 0.10625
0 0.5171875 0.70234375 0.24140625 0.13671875
0 0.45078125 0.56953125 0.13359375 0.14140625
0 0.3390625 0.71015625 0.084375 0.0953125
0 0.38671875 0.7546875 0.14765625 0.12421875
0 0.271875 0.690625 0.05703125 0.08125
0 0.1265625 0.5703125 0.18515625 0.16328125
0 0.14921875 0.48046875 0.06953125 0.05625
0 0.096875 0.4734375 0.0578125 0.06015625
0 0.23046875 0.46328125 0.08125 0.09296875
0 0.26640625 0.22109375 0.2203125 0.19375
0 0.3703125 0.09921875 0.15625 0.13671875
0 0.04140625 0.0609375 0.08203125 0.121875
0 0.5546875 0.42265625 0.1453125 0.13046875
0 0.165625 0.68515625 0.14140625 0.13671875
0 0.4265625 0.31328125 0.13984375 0.1453125
0 0.3140625 0.40625 0.14453125 0.11875
0 0.96171875 0.290625 0.0765625 0.125
0 0.5828125 0.2 0.10234375 0.1046875
0 0.559375 0.609375 0.1203125 0.134375
0 0.48125 0.740625 0.11015625 0.1265625
0 0.62421875 0.5046875 0.12578125 0.13515625
0 0.12109375 0.74140625 0.08515625 0.096875
0 0.61484375 0.8265625 0.1078125 0.10078125
0 0.71171875 0.61171875 0.12421875 0.12421875
0 0.853125 0.4140625 0.1078125 0.1078125
0 0.6921875 0.76875 0.15234375 0.13671875
0 0.54140625 0.278125 0.08984375 0.07734375
0 0.65625 0.34296875 0.11328125 0.12890625
0 0.5078125 0.18359375 0.0859375 0.1203125
0 0.440625 0.40859375 0.10078125 0.075
0 0.69453125 0.92109375 0.08828125 0.103125
0 0.715625 0.83359375 0.08046875 0.1
0 0.88671875 0.53359375 0.08984375 0.090625