0 0.61640625 0.3546875 0.06328125 0.05625
0 0.65703125 0.28984375 0.07265625 0.05859375
0 0.9671875 0.11640625 0.065625 0.2328125
0 0.8109375 0.090625 0.19140625 0.17265625
0 0.19921875 0.29296875 0.18515625 0.1734375
0 0.0796875 0.25859375 0.159375 0.18828125
0 0.92578125 0.34609375 0.1484375 0.19296875
0 0.31875 0.4046875 0.2046875 0.20625
0 0.4625 0.47890625 0.2203125 0.23125
0 0.93671875 0.55859375 0.12578125 0.18984375
0 0.9390625 0.6796875 0.121875 0.15
0 0.84375 0.95625 0.153125 0.0875
0 0.6953125 0.95546875 0.203125 0.0890625
0 0.93125 0.8 0.1375 0.1734375
0 0.83203125 0.86328125 0.18671875 0.18515625
0 0.68515625 0.89375 0.17265625 0.12265625
0 0.8515625 0.621875 0.175 0.14609375
0 0.825 0.7140625 0.18671875 0.16953125
0 0.715625 0.78828125 0.1765625 0.19375
0 0.65859375 0.65546875 0.178125 0.19296875
0 0.57578125 0.5828125 0.19140625 0.1765625
0 0.540625 0.72265625 0.19375 0.18203125
0 0.13125 0.58828125 0.19296875 0.23671875
0 0.053125 0.56796875 0.10625 0.18515625
0 0.06796875 0.7203125 0.1359375 0.2046875
0 0.12734375 0.81953125 0.18203125 0.18203125
0 0.27265625 0.8359375 0.1796875 0.16796875
0 0.17421875 0.9265625 0.19375 0.146875
0 0.50078125 0.94453125 0.1984375 0.1109375
0 0.4375 0.8265625 0.2 0.196875
0 0.33359375 0.76484375 0.18671875 0.1796875
0 0.42734375 0.64453125 0.21171875 0.196875
0 0.334375 0.58671875 0.13828125 0.1484375
0 0.25703125 0.5015625 0.184375 0.11953125
0 0.23984375 0.625 0.18984375 0.1609375
0 0.8640625 0.0265625 0.13671875 0.05234375
0 0.11953125 0.40703125 0.21015625 0.19140625
0 0.0671875 0.1015625 0.134375 0.19296875
0 0.27265625 0.18828125 0.1578125 0.1609375
0 0.07578125 0.0296875 0.1515625 0.059375
0 0.35546875 0.9328125 0.178125 0.134375
0 0.5734375 0.85859375 0.17578125 0.165625
0 0.9265625 0.92109375 0.146875 0.1578125
0 0.3 0.02890625 0.1984375 0.0578125
0 0.9546875 0.02734375 0.090625 0.0546875
0 0.18125 0.06875 0.18125 0.13671875
0 0.02734375 0.903125 0.0546875 0.096875