0 0.7265625 0.46796875 0.11171875 0.09453125
0 0.621875 0.2765625 0.1546875 0.1484375
0 0.128125 0.06953125 0.17421875 0.1390625
0 0.41484375 0.15 0.16328125 0.16328125
0 0.4984375 0.57890625 0.14765625 0.15703125
0 0.62578125 0.053125 0.14453125 0.10546875
0 0.92265625 0.721875 0.14140625 0.14375
0 0.91953125 0.596875 0.1609375 0.140625
0 0.596875 0.64296875 0.171875 0.15078125
0 0.2984375 0.56640625 0.159375 0.15859375
0 0.5125 0.3328125 0.14453125 0.13984375
0 0.084375 0.5515625 0.14609375 0.16171875
0 0.30546875 0.32265625 0.15546875 0.16328125
0 0.92890625 0.36015625 0.14140625 0.153125
0 0.71171875 0.58359375 0.15625 0.15703125
0 0.28671875 0.69140625 0.14375 0.125
0 0.403125 0.50625 0.1546875 0.14609375
0 0.81171875 0.76015625 0.1453125 0.1296875
0 0.834375 0.296875 0.15390625 0.15390625
0 0.934375 0.23046875 0.13046875 0.13515625
0 0.73359375 0.09921875 0.16015625 0.146875
0 0.1765625 0.73828125 0.1578125 0.1390625
0 0.584375 0.87734375 0.15234375 0.15546875
0 0.18359375 0.62421875 0.13671875 0.14296875
0 0.63359375 0.15703125 0.15 0.13125
0 0.1984375 0.38671875 0.1578125 0.14296875
0 0.38125 0.7609375 0.1578125 0.14921875
0 0.09921875 0.3296875 0.14453125 0.14296875
0 0.8171875 0.653125 0.15234375 0.13671875
0 0.32109375 0.0765625 0.15390625 0.153125
0 0.52421875 0.2125 0.1359375 0.134375
0 0.81171875 0.88671875 0.14609375 0.1453125
0 0.11015625 0.1984375 0.16015625 0.153125
0 0.08359375 0.66484375 0.16328125 0.1296875
0 0.0734375 0.7953125 0.146875 0.15
0 0.071875 0.90390625 0.11953125 0.16015625
0 0.1703125 0.8640625 0.17421875 0.1359375
0 0.3859375 0.86953125 0.14296875 0.12734375
0 0.27265625 0.92421875 0.1375 0.12109375
0 0.47890625 0.93359375 0.134375 0.11328125
0 0.60078125 0.75234375 0.15703125 0.13984375
0 0.90703125 0.840625 0.13359375 0.1359375
0 0.6984375 0.925 0.1484375 0.15
0 0.49609375 0.721875 0.1453125 0.18828125
0 0.278125 0.81171875 0.1703125 0.1515625
0 0.19609375 0.496875 0.1703125 0.153125
0 0.2046875 0.25625 0.1640625 0.153125
0 0.209375 0.11875 0.13984375 0.1546875
0 0.3140625 0.19375 0.13984375 0.1515625
0 0.415625 0.3859375 0.1453125 0.15859375
0 0.4078125 0.26484375 0.153125 0.1328125
0 0.5203125 0.44765625 0.16796875 0.1625
0 0.6375 0.4 0.1828125 0.17890625
0 0.72734375 0.215625 0.171875 0.153125
0 0.83828125 0.41328125 0.18828125 0.14921875
0 0.72265625 0.32109375 0.17734375 0.14765625
0 0.8390625 0.15859375 0.1640625 0.1515625
0 0.92890625 0.10234375 0.1421875 0.13984375
0 0.91953125 0.4828125 0.1609375 0.13984375
0 0.7046875 0.70703125 0.1640625 0.14375
0 0.71015625 0.821875 0.1640625 0.14921875
0 0.378125 0.6265625 0.171875 0.1734375
0 0.615625 0.52265625 0.1640625 0.1703125
0 0.29453125 0.4328125 0.1421875 0.14375
0 0.521875 0.09375 0.1828125 0.175
0 0.0859375 0.4328125 0.14375 0.1171875
0 0.50078125 0.81875 0.1703125 0.1703125