0 0.85390625 0.7484375 0.0984375 0.0984375
0 0.67734375 0.69140625 0.071875 0.07578125
0 0.5328125 0.60703125 0.1078125 0.078125
0 0.6453125 0.62109375 0.10546875 0.096875
0 0.746875 0.4796875 0.115625 0.10234375
0 0.6609375 0.4703125 0.0578125 0.05546875
0 0.65703125 0.534375 0.0546875 0.07109375
0 0.8609375 0.59453125 0.1515625 0.1390625
0 0.91796875 0.215625 0.16328125 0.1328125
0 0.9125 0.0796875 0.175 0.159375
0 0.640625 0.1078125 0.15703125 0.11015625
0 0.790625 0.33828125 0.096875 0.09921875
0 0.70234375 0.315625 0.1109375 0.11484375
0 0.62578125 0.2796875 0.10859375 0.15
0 0.5578125 0.2046875 0.109375 0.1109375
0 0.45390625 0.10703125 0.21171875 0.2140625
0 0.109375 0.0484375 0.06328125 0.0515625
0 0.24765625 0.0296875 0.0953125 0.05859375
0 0.278125 0.0640625 0.06171875 0.04375
0 0.303125 0.08828125 0.06171875 0.05703125
0 0.32890625 0.11015625 0.06328125 0.06640625
0 0.56796875 0.421875 0.10625 0.11953125
0 0.48046875 0.40234375 0.04921875 0.053125
0 0.4484375 0.496875 0.08125 0.11328125
0 0.2953125 0.5953125 0.1265625 0.14453125
0 0.165625 0.49765625 0.1359375 0.10546875
0 0.290625 0.48359375 0.121875 0.1265625
0 0.153125 0.89453125 0.159375 0.1421875
0 0.178125 0.7890625 0.0984375 0.09609375
0 0.12265625 0.3515625 0.1390625 0.16796875
0 0.11328125 0.225 0.1375 0.14140625
0 0.76328125 0.409375 0.1234375 0.10625
0 0.17265625 0.57421875 0.1203125 0.11796875
0 0.20625 0.41484375 0.11953125 0.12890625
0 0.78984375 0.55234375 0.08984375 0.0859375
0 0.64296875 0.4 0.096875 0.096875
0 0.53125 0.5265625 0.09453125 0.115625
0 0.4203125 0.21875 0.0953125 0.0828125
0 0.25078125 0.675 0.090625 0.09453125
0 0.60234375 0.5390625 0.08671875 0.103125
0 0.4734375 0.26328125 0.09296875 0.08359375