0 0.6234375 0.9828125 0.1046875 0.034375
0 0.8140625 0.91953125 0.21953125 0.1609375
0 0.66328125 0.93359375 0.13359375 0.11328125
0 0.0171875 0.68125 0.034375 0.06953125
0 0.06640625 0.58984375 0.1328125 0.2328125
0 0.24921875 0.7265625 0.14453125 0.13515625
0 0.41015625 0.70078125 0.0984375 0.084375
0 0.60546875 0.82890625 0.14765625 0.1734375
0 0.46015625 0.8265625 0.12734375 0.1625
0 0.25625 0.2140625 0.1875 0.16953125
0 0.1671875 0.825 0.134375 0.13203125
0 0.17265625 0.59765625 0.1625 0.1484375
0 0.13125 0.1484375 0.20234375 0.1625
0 0.1671875 0.415625 0.1734375 0.1609375
0 0.59609375 0.13125 0.16015625 0.1640625
0 0.27109375 0.4859375 0.1484375 0.1484375
0 0.59765625 0.03515625 0.19765625 0.0703125
0 0.38046875 0.2796875 0.18046875 0.16796875
0 0.7265625 0.17421875 0.1640625 0.17578125
0 0.69140625 0.83984375 0.10859375 0.0921875
0 0.8640625 0.38203125 0.16796875 0.1734375
0 0.89140625 0.80390625 0.19453125 0.16484375
0 0.03828125 0.61484375 0.07578125 0.1140625
0 0.92890625 0.065625 0.14140625 0.13125
0 0.51171875 0.6171875 0.14296875 0.15546875
0 0.9453125 0.16875 0.109375 0.159375
0 0.13515625 0.296875 0.1703125 0.1734375
0 0.3640625 0.04375 0.18125 0.08671875
0 0.75078125 0.46328125 0.1859375 0.16484375
0 0.72578125 0.32890625 0.1734375 0.18203125
0 0.2609375 0.3546875 0.13203125 0.14140625
0 0.86796875 0.6578125 0.15546875 0.14609375
0 0.87265625 0.52734375 0.15625 0.15390625
0 0.48984375 0.35078125 0.18125 0.18203125
0 0.6375 0.67421875 0.159375 0.1578125
0 0.62109375 0.53828125 0.16953125 0.15546875
0 0.946875 0.43984375 0.10625 0.1703125
0 0.7515625 0.6 0.15625 0.14921875
0 0.74296875 0.73828125 0.1703125 0.18125
0 0.50078125 0.48125 0.1703125 0.15546875
0 0.621875 0.4078125 0.159375 0.15
0 0.60390625 0.28359375 0.153125 0.171875
0 0.475 0.0734375 0.14375 0.146875
0 0.39609375 0.590625 0.17890625 0.1875
0 0.021875 0.3140625 0.04375 0.1734375
0 0.2484375 0.084375 0.18203125 0.16796875
0 0.13828125 0.0546875 0.2109375 0.109375
0 0.05078125 0.2203125 0.1015625 0.16171875
0 0.9453125 0.5921875 0.109375 0.16875
0 0.95625 0.7234375 0.0875 0.15546875
0 0.95859375 0.84609375 0.0828125 0.15546875
0 0.83359375 0.1078125 0.1515625 0.165625
0 0.82265625 0.028125 0.1484375 0.05546875
0 0.8421875 0.24296875 0.1828125 0.19140625
0 0.946875 0.32265625 0.10625 0.16875
0 0.35859375 0.15078125 0.13515625 0.14296875
0 0.48203125 0.2046875 0.14140625 0.165625
0 0.3734375 0.41875 0.15625 0.16953125
0 0.709375 0.06015625 0.184375 0.1203125
0 0.03984375 0.103125 0.0796875 0.165625