0 0.04609375 0.7390625 0.0921875 0.2625
0 0.39453125 0.6359375 0.053125 0.05078125
0 0.3265625 0.69921875 0.040625 0.04453125
0 0.25078125 0.75078125 0.18046875 0.17109375
0 0.19765625 0.840625 0.03203125 0.03125
0 0.1328125 0.8984375 0.04921875 0.05703125
0 0.075 0.96484375 0.03046875 0.0296875
0 0.6765625 0.884375 0.30625 0.23125
0 0.81171875 0.77421875 0.0546875 0.05390625
0 0.8515625 0.73046875 0.0515625 0.04921875
0 0.94765625 0.91640625 0.1046875 0.1671875
0 0.615625 0.2703125 0.19765625 0.2015625
0 0.7421875 0.06171875 0.196875 0.1234375
0 0.68828125 0.15546875 0.2234375 0.215625