0 0.953125 0.20234375 0.09296875 0.12890625
0 0.6765625 0.10859375 0.175 0.178125
0 0.2828125 0.225 0.159375 0.1578125
0 0.85 0.70859375 0.1515625 0.1578125
0 0.21796875 0.45234375 0.15859375 0.15703125
0 0.065625 0.32109375 0.13125 0.16484375
0 0.92578125 0.55625 0.1484375 0.1375
0 0.62421875 0.8640625 0.15 0.1453125
0 0.44375 0.20546875 0.165625 0.16171875
0 0.790625 0.921875 0.14609375 0.15625
0 0.759375 0.37265625 0.13046875 0.1234375
0 0.24609375 0.621875 0.1609375 0.153125
0 0.525 0.62578125 0.165625 0.16953125
0 0.4875 0.84140625 0.1671875 0.16875
0 0.38046875 0.303125 0.153125 0.15390625
0 0.63984375 0.40078125 0.153125 0.15390625
0 0.3859375 0.61953125 0.16328125 0.1578125
0 0.1921875 0.15625 0.13828125 0.15546875
0 0.559375 0.47421875 0.15546875 0.1359375
0 0.57578125 0.04453125 0.178125 0.08828125
0 0.09765625 0.09453125 0.16640625 0.171875
0 0.77421875 0.07109375 0.1421875 0.1421875
0 0.66875 0.73984375 0.1421875 0.1515625
0 0.87734375 0.83828125 0.14453125 0.1484375
0 0.56640625 0.74609375 0.13125 0.15546875
0 0.87265625 0.2609375 0.1625 0.16171875
0 0.5125 0.30546875 0.13359375 0.1671875
0 0.77578125 0.4828125 0.134375 0.14375
0 0.1921875 0.75625 0.15859375 0.153125
0 0.9625 0.778125 0.075 0.13125
0 0.06953125 0.784375 0.13828125 0.18203125
0 0.86875 0.13203125 0.140625 0.13125
0 0.2609375 0.846875 0.14296875 0.140625
0 0.35078125 0.13203125 0.14609375 0.13828125
0 0.446875 0.06484375 0.109375 0.1296875
0 0.0578125 0.58984375 0.115625 0.1515625
0 0.10703125 0.65390625 0.1484375 0.1671875
0 0.128125 0.87421875 0.16484375 0.15625
0 0.2984375 0.93203125 0.18125 0.1359375
0 0.4234375 0.93046875 0.153125 0.1390625
0 0.37265625 0.8171875 0.15625 0.153125
0 0.5421875 0.93828125 0.159375 0.1234375
0 0.309375 0.6953125 0.15 0.1265625
0 0.44609375 0.72265625 0.17421875 0.159375
0 0.32421875 0.53046875 0.18046875 0.1546875
0 0.378125 0.42421875 0.17265625 0.12734375
0 0.471875 0.40234375 0.134375 0.11796875
0 0.0859375 0.475 0.171875 0.1671875
0 0.13828125 0.3703125 0.146875 0.10546875
0 0.18515625 0.28359375 0.153125 0.1359375
0 0.0953125 0.21328125 0.14375 0.12890625
0 0.25390625 0.0765625 0.16484375 0.153125
0 0.6171875 0.28046875 0.12734375 0.1515625
0 0.6296875 0.56328125 0.165625 0.17265625
0 0.903125 0.92890625 0.16484375 0.14140625
0 0.7609375 0.7765625 0.153125 0.17421875
0 0.26953125 0.346875 0.15 0.1359375
0 0.771875 0.2015625 0.13671875 0.15625
0 0.94375 0.33984375 0.1125 0.1546875
0 0.88515625 0.4421875 0.153125 0.153125
0 0.8234375 0.5875 0.1484375 0.134375
0 0.94921875 0.08515625 0.1015625 0.1671875
0 0.45546875 0.5203125 0.1265625 0.146875
0 0.940625 0.66796875 0.11875 0.1421875
0 0.6015625 0.14765625 0.1515625 0.1359375