0 0.81796875 0.57109375 0.16328125 0.14375
0 0.93203125 0.63671875 0.1359375 0.1234375
0 0.1859375 0.51953125 0.10859375 0.0921875
0 0.0921875 0.4734375 0.12578125 0.14140625
0 0.0578125 0.43046875 0.115625 0.1640625
0 0.08203125 0.33828125 0.1171875 0.13671875
0 0.5421875 0.57578125 0.13671875 0.09453125
0 0.39765625 0.53359375 0.16484375 0.1265625
0 0.5921875 0.30859375 0.1 0.1125
0 0.8515625 0.11484375 0.15546875 0.146875
0 0.8796875 0.06640625 0.10859375 0.10625
0 0.77890625 0.125 0.1125 0.11875
0 0.69921875 0.13125 0.09921875 0.1109375
0 0.2015625 0.08203125 0.146875 0.1171875
0 0.25859375 0.16015625 0.11015625 0.11015625
0 0.1171875 0.12265625 0.15390625 0.15
0 0.36484375 0.07734375 0.1578125 0.153125
0 0.9390625 0.24296875 0.12109375 0.14140625
0 0.9140625 0.365625 0.17109375 0.1296875
0 0.86875 0.28203125 0.16328125 0.146875
0 0.77109375 0.24609375 0.12578125 0.14765625
0 0.68359375 0.2421875 0.134375 0.1578125
0 0.60234375 0.2046875 0.13359375 0.146875
0 0.71328125 0.5203125 0.18671875 0.190625
0 0.94453125 0.52109375 0.11015625 0.15859375
0 0.8796875 0.48515625 0.1234375 0.1703125
0 0.7203125 0.38203125 0.16328125 0.1609375
0 0.61328125 0.42890625 0.128125 0.13828125
0 0.4859375 0.375 0.146875 0.15625
0 0.49609375 0.25078125 0.16015625 0.153125
0 0.30625 0.24609375 0.153125 0.14765625
0 0.190625 0.28984375 0.14921875 0.15
0 0.2953125 0.35625 0.13125 0.11640625
0 0.3921875 0.3140625 0.1515625 0.140625
0 0.7984375 0.43359375 0.1609375 0.13671875
0 0.61875 0.08203125 0.1421875 0.153125
0 0.5109375 0.13984375 0.1265625 0.128125
0 0.1921875 0.40859375 0.1421875 0.134375
0 0.2796875 0.4765625 0.1109375 0.1171875
0 0.1015625 0.24609375 0.1046875 0.10390625