0 0.7828125 0.075 0.06953125 0.0671875
0 0.8171875 0.1 0.07578125 0.07109375
0 0.7203125 0.10234375 0.0703125 0.071875
0 0.81171875 0.17578125 0.0703125 0.0765625
0 0.7140625 0.203125 0.08046875 0.0921875
0 0.76015625 0.28515625 0.06953125 0.078125
0 0.8296875 0.31640625 0.06640625 0.059375
0 0.66875 0.31953125 0.03828125 0.03828125
0 0.81953125 0.48046875 0.096875 0.10234375
0 0.7640625 0.4796875 0.10625 0.071875
0 0.69609375 0.48984375 0.06875 0.0609375
0 0.73671875 0.52265625 0.084375 0.065625
0 0.8140625 0.5328125 0.0921875 0.0734375
0 0.9109375 0.2828125 0.153125 0.14375
0 0.9234375 0.403125 0.06171875 0.103125
0 0.890625 0.85625 0.08046875 0.10546875
0 0.846875 0.79296875 0.06953125 0.084375
0 0.7875 0.78828125 0.07890625 0.11875
0 0.840625 0.85234375 0.0640625 0.059375
0 0.765625 0.91484375 0.175 0.1703125
0 0.134375 0.79765625 0.128125 0.10234375
0 0.18671875 0.79140625 0.1296875 0.1390625
0 0.06171875 0.446875 0.0609375 0.0796875
0 0.03125 0.490625 0.06171875 0.078125
0 0.53828125 0.0703125 0.08515625 0.06875
0 0.74140625 0.3453125 0.04375 0.05390625
0 0.68828125 0.4359375 0.0609375 0.059375
0 0.65859375 0.58671875 0.1171875 0.1703125