0 0.28203125 0.90078125 0.134375 0.1421875
0 0.8984375 0.85546875 0.18046875 0.16796875
0 0.97265625 0.7828125 0.0546875 0.165625
0 0.9703125 0.64296875 0.05859375 0.18203125
0 0.90390625 0.68984375 0.18359375 0.18203125
0 0.81015625 0.74453125 0.221875 0.21484375
0 0.41875 0.634375 0.1375 0.1453125
0 0.46796875 0.77265625 0.12265625 0.140625
0 0.56953125 0.71953125 0.1421875 0.13046875
0 0.14609375 0.55625 0.128125 0.125
0 0.6734375 0.38203125 0.11796875 0.096875
0 0.16640625 0.46875 0.115625 0.1125
0 0.4828125 0.94453125 0.33203125 0.11015625
0 0.36015625 0.7109375 0.115625 0.09765625
0 0.61953125 0.87265625 0.22578125 0.178125
0 0.64765625 0.775 0.09921875 0.09453125
0 0.97421875 0.9203125 0.0515625 0.159375
0 0.50078125 0.65859375 0.1140625 0.10703125
0 0.9265625 0.56875 0.146875 0.178125
0 0.7703125 0.07265625 0.17421875 0.140625
0 0.953125 0.14921875 0.09375 0.20546875
0 0.809375 0.25078125 0.08828125 0.10234375
0 0.9171875 0.2671875 0.065625 0.05234375
0 0.66015625 0.55 0.3109375 0.3390625
0 0.85 0.4359375 0.21484375 0.28125
0 0.35703125 0.82578125 0.24765625 0.18671875
0 0.20234375 0.946875 0.09921875 0.075
0 0.171875 0.3953125 0.253125 0.23515625
0 0.95859375 0.04375 0.0828125 0.0875