0 0.52734375 0.3890625 0.19921875 0.165625
0 0.06484375 0.31328125 0.1296875 0.1375
0 0.13515625 0.28125 0.159375 0.1484375
0 0.4296875 0.07890625 0.128125 0.1375
0 0.32578125 0.12578125 0.1296875 0.12421875
0 0.021875 0.778125 0.04296875 0.1484375
0 0.021875 0.9171875 0.04296875 0.1453125
0 0.96328125 0.64140625 0.0734375 0.175
0 0.96328125 0.4875 0.0734375 0.20078125
0 0.9515625 0.34375 0.09609375 0.15
0 0.9375 0.21015625 0.125 0.1640625
0 0.94453125 0.0953125 0.1109375 0.146875
0 0.68125 0.0296875 0.159375 0.059375
0 0.8515625 0.0453125 0.13125 0.08984375
0 0.534375 0.046875 0.18125 0.09375
0 0.70703125 0.0875 0.1765625 0.1453125
0 0.1140625 0.0984375 0.1484375 0.12265625
0 0.21640625 0.06796875 0.1734375 0.1359375
0 0.07421875 0.19296875 0.1453125 0.1296875
0 0.20859375 0.18203125 0.1796875 0.1265625
0 0.31953125 0.2328125 0.14375 0.1421875
0 0.440625 0.1859375 0.18671875 0.184375
0 0.3015625 0.31875 0.1171875 0.13203125
0 0.4015625 0.30625 0.171875 0.1546875
0 0.51796875 0.28359375 0.1671875 0.1625
0 0.5828125 0.17109375 0.165625 0.1484375
0 0.64296875 0.2703125 0.20625 0.1890625
0 0.08359375 0.80546875 0.1671875 0.1609375
0 0.08359375 0.69296875 0.1671875 0.1421875
0 0.07265625 0.56171875 0.1453125 0.1640625
0 0.41171875 0.6796875 0.1546875 0.159375
0 0.271875 0.67109375 0.1734375 0.1640625
0 0.28203125 0.54921875 0.1625 0.1515625
0 0.17265625 0.37109375 0.1515625 0.13203125
0 0.17265625 0.47578125 0.1515625 0.1546875
0 0.284375 0.4234375 0.1765625 0.1546875
0 0.40546875 0.4421875 0.1890625 0.1609375
0 0.39921875 0.56875 0.1828125 0.159375
0 0.52734375 0.4953125 0.1421875 0.1375
0 0.64375 0.43125 0.1796875 0.1828125
0 0.87578125 0.4234375 0.1921875 0.1609375
0 0.7609375 0.5 0.1609375 0.153125
0 0.89375 0.56796875 0.19765625 0.1828125
0 0.084375 0.94140625 0.16875 0.1171875
0 0.171875 0.88671875 0.20625 0.20078125
0 0.30390625 0.93515625 0.190625 0.12890625
0 0.43359375 0.95859375 0.19375 0.0828125
0 0.4375 0.86640625 0.1796875 0.1796875
0 0.52578125 0.79765625 0.1765625 0.16875
0 0.659375 0.74921875 0.1921875 0.16875
0 0.78671875 0.7765625 0.14609375 0.1453125
0 0.65625 0.871875 0.1796875 0.14609375
0 0.90234375 0.94765625 0.1953125 0.1046875
0 0.6625 0.95078125 0.190625 0.0984375
0 0.7765625 0.91328125 0.1640625 0.153125
0 0.3046875 0.82109375 0.1828125 0.1796875
0 0.77265625 0.646875 0.16640625 0.1828125
0 0.8859375 0.725 0.1828125 0.17421875
0 0.7609375 0.37109375 0.1640625 0.1625
0 0.87421875 0.2875 0.1828125 0.16328125
0 0.06640625 0.44375 0.1328125 0.15234375
0 0.6453125 0.59453125 0.15 0.1703125
0 0.55703125 0.9296875 0.15859375 0.13984375
0 0.52421875 0.64765625 0.159375 0.184375
0 0.85390625 0.14296875 0.16875 0.1859375
0 0.96875 0.771875 0.0625 0.15703125
0 0.18203125 0.628125 0.171875 0.18671875
0 0.7390625 0.2125 0.16171875 0.16328125
0 0.9078125 0.85703125 0.184375 0.15234375