0 0.11015625 0.4859375 0.2203125 0.22734375
0 0.19921875 0.39921875 0.125 0.12265625
0 0.21484375 0.52890625 0.134375 0.1375
0 0.3 0.409375 0.11953125 0.134375
0 0.35546875 0.51796875 0.13828125 0.109375
0 0.43046875 0.47890625 0.084375 0.0890625
0 0.49609375 0.4234375 0.128125 0.14921875
0 0.63828125 0.39921875 0.05625 0.05390625
0 0.2875 0.23515625 0.196875 0.2046875
0 0.21328125 0.0125 0.11171875 0.02421875
0 0.04375 0.7046875 0.0875 0.1484375
0 0.29921875 0.79296875 0.0703125 0.07890625
0 0.25625 0.79609375 0.0484375 0.0625
0 0.5015625 0.70703125 0.08125 0.07734375
0 0.55234375 0.696875 0.06796875 0.0609375
0 0.86328125 0.6609375 0.05546875 0.06484375
0 0.8921875 0.7421875 0.06328125 0.0734375