0 0.690625 0.734375 0.10234375 0.1140625
0 0.5421875 0.9734375 0.0765625 0.053125
0 0.72578125 0.8859375 0.0859375 0.09140625
0 0.22109375 0.98671875 0.05546875 0.0265625
0 0.59296875 0.53046875 0.06171875 0.06171875
0 0.50234375 0.390625 0.05546875 0.0484375
0 0.4828125 0.36953125 0.04140625 0.0390625
0 0.92265625 0.12890625 0.05 0.05234375
0 0.86328125 0.128125 0.04140625 0.046875
0 0.80078125 0.17109375 0.06015625 0.0515625
0 0.428125 0.059375 0.13125 0.11796875
0 0.6515625 0.9734375 0.1328125 0.053125
0 0.76953125 0.790625 0.11484375 0.10078125
0 0.73984375 0.96875 0.1140625 0.0625
0 0.81171875 0.9609375 0.1171875 0.078125