0 0.4046875 0.91328125 0.184375 0.1734375
0 0.8546875 0.05 0.175 0.1
0 0.72265625 0.0890625 0.1765625 0.178125
0 0.78046875 0.22734375 0.2203125 0.16640625
0 0.85859375 0.140625 0.18984375 0.1609375
0 0.3796875 0.34375 0.16328125 0.16171875
0 0.50078125 0.2703125 0.16796875 0.1609375
0 0.63515625 0.3171875 0.16953125 0.184375
0 0.6515625 0.471875 0.18984375 0.16796875
0 0.75 0.39921875 0.14296875 0.18125
0 0.5 0.40859375 0.184375 0.184375
0 0.37109375 0.46875 0.18828125 0.16328125
0 0.25859375 0.5625 0.22265625 0.1984375
0 0.1390625 0.6375 0.21171875 0.18125
0 0.05703125 0.73046875 0.1140625 0.1890625
0 0.05859375 0.88671875 0.1171875 0.18828125
0 0.30625 0.96015625 0.178125 0.0796875
0 0.15234375 0.9171875 0.2484375 0.165625
0 0.1546875 0.7890625 0.1984375 0.16328125
0 0.259375 0.71015625 0.21796875 0.153125
0 0.384375 0.628125 0.19375 0.18203125
0 0.884375 0.57734375 0.18515625 0.1578125
0 0.51015625 0.696875 0.19296875 0.1734375
0 0.40625 0.7921875 0.2015625 0.18671875
0 0.53984375 0.95390625 0.1609375 0.0921875
0 0.79453125 0.93828125 0.1859375 0.1234375
0 0.6640625 0.9078125 0.18515625 0.184375
0 0.64765625 0.76484375 0.2 0.203125
0 0.64375 0.5953125 0.18828125 0.178125
0 0.77265625 0.66875 0.18203125 0.2
0 0.8953125 0.88203125 0.13671875 0.1515625
0 0.95703125 0.92578125 0.0859375 0.1484375
0 0.95625 0.6484375 0.0875 0.18515625
0 0.85234375 0.37265625 0.171875 0.1984375
0 0.90234375 0.72265625 0.15859375 0.171875
0 0.95859375 0.521875 0.0828125 0.153125
0 0.3 0.853125 0.1796875 0.18125
0 0.95390625 0.375 0.0921875 0.17109375
0 0.5203125 0.54453125 0.17265625 0.1796875
0 0.96328125 0.79765625 0.0734375 0.1765625
0 0.9625 0.08828125 0.075 0.1765625
0 0.9421875 0.240625 0.115625 0.16171875
0 0.78515625 0.83203125 0.184375 0.18515625
0 0.546875 0.85703125 0.18828125 0.16796875