0 0.6328125 0.221875 0.09765625 0.08203125
0 0.94921875 0.059375 0.1015625 0.11875
0 0.70625 0.75703125 0.1625 0.17265625
0 0.44375 0.16328125 0.19453125 0.19375
0 0.065625 0.38203125 0.13125 0.1875
0 0.04765625 0.66171875 0.0953125 0.18671875
0 0.47421875 0.83203125 0.13125 0.12421875
0 0.3609375 0.828125 0.13125 0.16171875
0 0.94765625 0.30703125 0.1046875 0.1765625
0 0.39453125 0.3359375 0.196875 0.1625
0 0.95703125 0.159375 0.08515625 0.17421875
0 0.51953125 0.409375 0.16171875 0.15625
0 0.19765625 0.8828125 0.15703125 0.1390625
0 0.8828125 0.22421875 0.171875 0.14921875
0 0.27109375 0.4046875 0.153125 0.140625
0 0.74296875 0.275 0.1921875 0.20546875
0 0.79609375 0.95546875 0.153125 0.08828125
0 0.8453125 0.75390625 0.17578125 0.1796875
0 0.96484375 0.69921875 0.0703125 0.08828125
0 0.91015625 0.8609375 0.1796875 0.278125
0 0.37890625 0.6109375 0.159375 0.18359375
0 0.51015625 0.5546875 0.16796875 0.20625
0 0.62890625 0.63515625 0.1625 0.15703125
0 0.74453125 0.5609375 0.1640625 0.1640625
0 0.8515625 0.62578125 0.20859375 0.18671875
0 0.95078125 0.57890625 0.0984375 0.1796875
0 0.87578125 0.50703125 0.18125 0.13984375
0 0.95390625 0.44375 0.09140625 0.18984375
0 0.70390625 0.10859375 0.18125 0.1875
0 0.29765625 0.175 0.1609375 0.16953125
0 0.06875 0.2328125 0.1375 0.178125
0 0.27109375 0.52734375 0.16015625 0.1671875
0 0.140625 0.58984375 0.17421875 0.18515625
0 0.26796875 0.66640625 0.1921875 0.1734375
0 0.06171875 0.08515625 0.1234375 0.1703125
0 0.15234375 0.18125 0.15546875 0.125
0 0.15859375 0.30703125 0.19296875 0.171875
0 0.153125 0.446875 0.159375 0.153125
0 0.15546875 0.7453125 0.178125 0.171875
0 0.53125 0.77109375 0.15546875 0.178125
0 0.403125 0.4640625 0.18046875 0.1640625
0 0.51328125 0.2640625 0.1703125 0.15546875
0 0.5828125 0.12421875 0.1578125 0.18828125
0 0.634375 0.32734375 0.16171875 0.1640625
0 0.61796875 0.48046875 0.1703125 0.175
0 0.75078125 0.43203125 0.16875 0.1625
0 0.8875 0.3671875 0.18828125 0.178125
0 0.271875 0.253125 0.15078125 0.15234375
0 0.853125 0.0796875 0.178125 0.159375
0 0.05546875 0.51015625 0.1109375 0.14765625