0 0.9171875 0.03828125 0.0953125 0.07578125
0 0.84609375 0.02734375 0.0859375 0.0546875
0 0.684375 0.13046875 0.12109375 0.10859375
0 0.59375 0.09921875 0.09296875 0.128125
0 0.8515625 0.18671875 0.10390625 0.096875
0 0.878125 0.18125 0.08828125 0.096875
0 0.69765625 0.21328125 0.09921875 0.103125
0 0.62421875 0.23046875 0.07890625 0.09453125
0 0.69765625 0.328125 0.11171875 0.10546875
0 0.1578125 0.4859375 0.2671875 0.2046875
0 0.2609375 0.2484375 0.10390625 0.0953125
0 0.2859375 0.046875 0.11640625 0.09375
0 0.50859375 0.08984375 0.07421875 0.07265625
0 0.703125 0.0734375 0.18359375 0.14609375
0 0.64296875 0.02734375 0.253125 0.0546875
0 0.9375 0.60390625 0.125 0.2203125
0 0.878125 0.76796875 0.24375 0.2296875
0 0.84609375 0.89609375 0.2265625 0.2078125
0 0.33125 0.7671875 0.24296875 0.1875
0 0.2296875 0.890625 0.459375 0.21875
0 0.10078125 0.83125 0.2015625 0.321875
0 0.0171875 0.72890625 0.034375 0.3