0 0.9046875 0.490625 0.190625 0.21796875
0 0.9625 0.60546875 0.075 0.1765625
0 0.8921875 0.71484375 0.14609375 0.15390625
0 0.7203125 0.7140625 0.15078125 0.16015625
0 0.6171875 0.80078125 0.15234375 0.14375
0 0.5453125 0.8640625 0.14765625 0.17734375
0 0.45234375 0.91640625 0.18203125 0.1671875
0 0.64140625 0.92109375 0.1640625 0.1578125
0 0.93203125 0.9734375 0.1359375 0.053125
0 0.83671875 0.121875 0.24765625 0.24296875
0 0.70546875 0.365625 0.5640625 0.371875
0 0.328125 0.72109375 0.1875 0.2375
0 0.33359375 0.92421875 0.5765625 0.1515625
0 0.03828125 0.7390625 0.0765625 0.12265625
0 0.0875 0.803125 0.13046875 0.10625
0 0.09140625 0.68984375 0.16015625 0.12421875
0 0.23046875 0.24140625 0.2203125 0.1921875