0 0.19921875 0.30078125 0.146875 0.16484375
0 0.4234375 0.1921875 0.1625 0.15703125
0 0.59609375 0.94296875 0.1359375 0.11171875
0 0.31015625 0.2484375 0.1609375 0.159375
0 0.7375 0.28671875 0.1546875 0.1453125
0 0.52890625 0.13515625 0.14375 0.14921875
0 0.08359375 0.49921875 0.1671875 0.1640625
0 0.6359375 0.08671875 0.1734375 0.17265625
0 0.82421875 0.478125 0.146875 0.15
0 0.4484375 0.0671875 0.1390625 0.128125
0 0.2875 0.61875 0.16796875 0.14765625
0 0.80546875 0.94609375 0.14140625 0.1078125
0 0.2734375 0.75078125 0.146875 0.159375
0 0.409375 0.33046875 0.1359375 0.14609375
0 0.34296875 0.10234375 0.1375 0.14375
0 0.07109375 0.86640625 0.14140625 0.1609375
0 0.1796875 0.92734375 0.15859375 0.1359375
0 0.3828125 0.93984375 0.15390625 0.1203125
0 0.28125 0.87890625 0.128125 0.134375
0 0.38984375 0.815625 0.1703125 0.16875
0 0.5015625 0.88671875 0.14296875 0.1359375
0 0.6078125 0.83203125 0.14765625 0.13828125
0 0.70234375 0.88125 0.14765625 0.12109375
0 0.8078125 0.8421875 0.15390625 0.16015625
0 0.91953125 0.91171875 0.1609375 0.1734375
0 0.72109375 0.76875 0.1515625 0.1578125
0 0.61875 0.7171875 0.153125 0.15
0 0.5078125 0.653125 0.1390625 0.1265625
0 0.39921875 0.69296875 0.165625 0.1453125
0 0.175 0.81015625 0.1671875 0.16015625
0 0.828125 0.7140625 0.1453125 0.15390625
0 0.91953125 0.77734375 0.14375 0.1359375
0 0.9296875 0.6640625 0.140625 0.13203125
0 0.71484375 0.6421875 0.17265625 0.16328125
0 0.8359375 0.61796875 0.134375 0.14140625
0 0.07421875 0.625 0.13359375 0.1609375
0 0.17421875 0.6734375 0.15 0.14765625
0 0.06875 0.73125 0.1265625 0.13203125
0 0.18984375 0.553125 0.153125 0.14375
0 0.3140625 0.509375 0.146875 0.146875
0 0.4203125 0.575 0.1625 0.15390625
0 0.51640625 0.52890625 0.1390625 0.15390625
0 0.62109375 0.55859375 0.1515625 0.1796875
0 0.740625 0.5296875 0.14921875 0.14375
0 0.93125 0.53515625 0.1375 0.15546875
0 0.2015625 0.43671875 0.1609375 0.140625
0 0.10546875 0.3578125 0.16015625 0.1828125
0 0.30546875 0.38671875 0.15859375 0.15625
0 0.41484375 0.44453125 0.1625 0.1609375
0 0.5234375 0.40625 0.15546875 0.15546875
0 0.53359375 0.27109375 0.1734375 0.16875
0 0.646875 0.21796875 0.16875 0.16015625
0 0.64140625 0.3328125 0.1796875 0.1578125
0 0.62421875 0.45 0.153125 0.140625
0 0.746875 0.40546875 0.146875 0.1296875
0 0.75390625 0.1609375 0.1578125 0.14765625
0 0.85078125 0.22734375 0.15625 0.15859375
0 0.8453125 0.34921875 0.1140625 0.13203125
0 0.05703125 0.26484375 0.1140625 0.1578125
0 0.13515625 0.19765625 0.1578125 0.15625
0 0.07265625 0.11953125 0.1453125 0.1609375
0 0.18046875 0.0765625 0.1453125 0.153125
0 0.24375 0.15078125 0.16015625 0.1921875
0 0.503125 0.76875 0.16328125 0.15859375
0 0.9328125 0.41484375 0.134375 0.1453125
0 0.940625 0.30390625 0.11875 0.1734375
0 0.940625 0.1546875 0.11875 0.16484375
0 0.8421875 0.07578125 0.1359375 0.1515625
0 0.9359375 0.053125 0.128125 0.10625