0 0.06015625 0.81875 0.11796875 0.128125
0 0.95625 0.53984375 0.08671875 0.15859375
0 0.37890625 0.959375 0.1328125 0.08125
0 0.31640625 0.95078125 0.07578125 0.00390625
0 0.065625 0.9390625 0.13046875 0.121875
0 0.084375 0.6328125 0.128125 0.1328125
0 0.05 0.69609375 0.1 0.17578125
0 0.1421875 0.87421875 0.16015625 0.18046875
0 0.2734375 0.91953125 0.16328125 0.16015625
0 0.18359375 0.72109375 0.1734375 0.15625
0 0.29921875 0.665625 0.18671875 0.18203125
0 0.390625 0.6296875 0.12734375 0.140625
0 0.4828125 0.6703125 0.1171875 0.1421875
0 0.36328125 0.753125 0.16640625 0.1640625
0 0.47578125 0.7953125 0.15546875 0.16875
0 0.4609375 0.903125 0.1640625 0.16015625
0 0.590625 0.94609375 0.16796875 0.1078125
0 0.81171875 0.93828125 0.16171875 0.12265625
0 0.9125 0.87421875 0.15234375 0.15390625
0 0.6921875 0.89375 0.16796875 0.15625
0 0.5609375 0.8359375 0.1734375 0.1796875
0 0.58046875 0.71171875 0.14765625 0.1484375
0 0.671875 0.7703125 0.14375 0.17578125
0 0.7921875 0.81953125 0.140625 0.15625
0 0.77734375 0.69375 0.15234375 0.16328125
0 0.88515625 0.6078125 0.16796875 0.1765625
0 0.67734375 0.63203125 0.16171875 0.15
0 0.5765625 0.5921875 0.13984375 0.15234375
0 0.3 0.54375 0.1375 0.18046875
0 0.35859375 0.4765625 0.16171875 0.1484375
0 0.46015625 0.5375 0.16796875 0.15859375
0 0.44375 0.28203125 0.1421875 0.1171875
0 0.078125 0.49765625 0.121875 0.16171875
0 0.18203125 0.440625 0.17578125 0.18203125
0 0.2796875 0.39609375 0.1375 0.15234375
0 0.071875 0.09140625 0.121875 0.10625
0 0.19453125 0.2015625 0.1796875 0.1734375
0 0.18046875 0.06640625 0.15390625 0.1328125
0 0.44140625 0.15703125 0.171875 0.1765625
0 0.54296875 0.1953125 0.165625 0.14375
0 0.46328125 0.40546875 0.15390625 0.140625
0 0.565625 0.47265625 0.1765625 0.1640625
0 0.55078125 0.32734375 0.19140625 0.1859375
0 0.68515625 0.5078125 0.14765625 0.15546875
0 0.7875 0.546875 0.16875 0.184375
0 0.89453125 0.48671875 0.12421875 0.15078125
0 0.665625 0.38515625 0.15625 0.16171875
0 0.76171875 0.315625 0.15859375 0.15
0 0.90078125 0.35 0.15234375 0.165625
0 0.6546875 0.25859375 0.1390625 0.134375
0 0.2890625 0.153125 0.12890625 0.13203125
0 0.0546875 0.2140625 0.10859375 0.1765625
0 0.29609375 0.28359375 0.15234375 0.15703125
0 0.909375 0.75625 0.18046875 0.1671875
0 0.19921875 0.5859375 0.17578125 0.15859375
0 0.36328125 0.86171875 0.18359375 0.171875
0 0.371875 0.35703125 0.1296875 0.13515625
0 0.0359375 0.45390625 0.071875 0.159375
0 0.79765625 0.43046875 0.1453125 0.1328125
0 0.29921875 0.05 0.165625 0.1
0 0.95703125 0.28046875 0.0859375 0.15859375