0 0.45 0.69375 0.07578125 0.08984375
0 0.61953125 0.52890625 0.14375 0.14140625
0 0.3390625 0.23671875 0.16640625 0.14609375
0 0.91015625 0.34296875 0.1796875 0.1890625
0 0.09765625 0.28671875 0.1515625 0.15546875
0 0.19296875 0.34140625 0.1609375 0.1625
0 0.55859375 0.36640625 0.17109375 0.14765625
0 0.3078125 0.825 0.1171875 0.1125
0 0.0671875 0.16875 0.1171875 0.12421875
0 0.10078125 0.08671875 0.0703125 0.05625
0 0.946875 0.56953125 0.10546875 0.16171875
0 0.93984375 0.42734375 0.11953125 0.12734375
0 0.82734375 0.42109375 0.146875 0.146875
0 0.8609375 0.553125 0.1546875 0.1703125
0 0.746875 0.52734375 0.13203125 0.14375
0 0.49453125 0.49375 0.1546875 0.1734375
0 0.9140625 0.16796875 0.1546875 0.1828125
0 0.8109375 0.2546875 0.1421875 0.1453125
0 0.8140625 0.13046875 0.109375 0.13828125
0 0.88125 0.05390625 0.13203125 0.1078125
0 0.78359375 0.03125 0.11484375 0.0625
0 0.70546875 0.1875 0.1421875 0.146875
0 0.7015625 0.0734375 0.16328125 0.13828125
0 0.59375 0.08671875 0.134375 0.15703125
0 0.5859375 0.26015625 0.17734375 0.1703125
0 0.49609375 0.1359375 0.12734375 0.15390625
0 0.30234375 0.390625 0.1734375 0.15703125
0 0.3140625 0.5296875 0.1671875 0.1578125
0 0.1859375 0.4875 0.15859375 0.17734375
0 0.08125 0.4171875 0.1609375 0.1671875
0 0.44140625 0.39296875 0.134375 0.12890625
0 0.43828125 0.278125 0.16640625 0.15859375
0 0.43515625 0.040625 0.1453125 0.08125
0 0.40078125 0.1390625 0.13046875 0.14921875
0 0.3171875 0.03828125 0.134375 0.0765625
0 0.2984375 0.121875 0.11953125 0.12734375
0 0.1953125 0.1171875 0.16875 0.18671875
0 0.06640625 0.04609375 0.1328125 0.0921875
0 0.03203125 0.09765625 0.0640625 0.1953125
0 0.025 0.23359375 0.05 0.1296875
0 0.02578125 0.359375 0.0515625 0.1609375
0 0.04609375 0.4984375 0.0921875 0.171875
0 0.19609375 0.2171875 0.16796875 0.15078125
0 0.31875 0.6859375 0.12578125 0.09296875
0 0.66328125 0.70859375 0.0921875 0.08984375
0 0.74296875 0.7078125 0.0703125 0.11953125
0 0.790625 0.7125 0.0625 0.0625
0 0.86015625 0.70625 0.06640625 0.059375
0 0.875 0.76171875 0.07890625 0.0984375
0 0.91328125 0.7359375 0.065625 0.09453125
0 0.58984375 0.7765625 0.18984375 0.1921875
0 0.3984375 0.828125 0.13046875 0.11953125
0 0.08046875 0.7359375 0.1609375 0.21875
0 0.0265625 0.6703125 0.053125 0.184375
0 0.32421875 0.965625 0.046875 0.06015625
0 0.36171875 0.98671875 0.0734375 0.0265625
0 0.7765625 0.84765625 0.1171875 0.1421875