0 0.95078125 0.709375 0.0984375 0.103125
0 0.96171875 0.95234375 0.0765625 0.0953125
0 0.79296875 0.6484375 0.09453125 0.09609375
0 0.91640625 0.60546875 0.08515625 0.0984375
0 0.6328125 0.240625 0.10234375 0.10859375
0 0.59921875 0.03515625 0.10859375 0.0703125
0 0.95546875 0.4953125 0.08828125 0.12578125
0 0.93828125 0.41796875 0.08359375 0.0796875
0 0.64453125 0.6734375 0.0375 0.0375
0 0.93046875 0.0234375 0.1015625 0.046875
0 0.92265625 0.09609375 0.15390625 0.13984375
0 0.4265625 0.021875 0.0484375 0.04375
0 0.80234375 0.8375 0.034375 0.04296875
0 0.8453125 0.9671875 0.1015625 0.065625
0 0.68046875 0.153125 0.07109375 0.07578125
0 0.696875 0.66640625 0.03359375 0.028125
0 0.7703125 0.1546875 0.165625 0.1578125
0 0.634375 0.0828125 0.0890625 0.0765625
0 0.76171875 0.26875 0.06875 0.07109375
0 0.70625 0.24140625 0.08671875 0.0625
0 0.7140625 0.28828125 0.07421875 0.07265625
0 0.67109375 0.27734375 0.04609375 0.05
0 0.9390625 0.33046875 0.121875 0.1390625
0 0.84375 0.5203125 0.1328125 0.0875
0 0.82109375 0.60703125 0.10078125 0.13671875
0 0.88828125 0.646875 0.0921875 0.18515625
0 0.81015625 0.78671875 0.0515625 0.0453125
0 0.76796875 0.95234375 0.06796875 0.06015625
0 0.7703125 0.984375 0.065625 0.03125
0 0.72734375 0.9828125 0.065625 0.03359375
0 0.471875 0.6390625 0.04296875 0.03984375
0 0.05078125 0.13515625 0.0359375 0.04453125
0 0.05078125 0.1796875 0.04453125 0.0484375