0 0.53515625 0.48046875 0.0578125 0.0515625
0 0.57265625 0.42109375 0.065625 0.05390625
0 0.9125 0.228125 0.175 0.28203125
0 0.7125 0.23984375 0.17421875 0.15703125
0 0.4359375 0.08828125 0.225 0.17578125
0 0.14609375 0.07265625 0.1703125 0.14453125
0 0.1546875 0.4234375 0.16875 0.15859375
0 0.059375 0.39296875 0.11875 0.171875
0 0.84296875 0.47265625 0.18515625 0.17578125
0 0.2640625 0.52578125 0.18671875 0.1875
0 0.39453125 0.59375 0.2015625 0.2109375
0 0.8453125 0.66640625 0.14921875 0.1734375
0 0.93359375 0.84921875 0.12265625 0.16875
0 0.85859375 0.7765625 0.16875 0.13671875
0 0.8453125 0.88671875 0.1703125 0.15859375
0 0.73203125 0.9296875 0.1703125 0.140625
0 0.59765625 0.9578125 0.15703125 0.084375
0 0.75 0.7234375 0.16015625 0.1328125
0 0.72578125 0.80859375 0.1703125 0.1546875
0 0.62578125 0.87578125 0.1609375 0.17734375
0 0.57421875 0.7546875 0.1625 0.17578125
0 0.4984375 0.68828125 0.17421875 0.1609375
0 0.465625 0.815625 0.17734375 0.16640625
0 0.0921875 0.69296875 0.17578125 0.21640625
0 0.03515625 0.675 0.0703125 0.16875
0 0.0484375 0.81328125 0.096875 0.18671875
0 0.0890625 0.90390625 0.16640625 0.16640625
0 0.221875 0.91875 0.16328125 0.153125
0 0.13203125 0.9671875 0.17734375 0.065625
0 0.4296875 0.98359375 0.18125 0.0328125
0 0.371875 0.91015625 0.18203125 0.17890625
0 0.27734375 0.8546875 0.1703125 0.16328125
0 0.3625 0.74453125 0.19296875 0.1796875
0 0.278125 0.69140625 0.12578125 0.1359375
0 0.2078125 0.6140625 0.16796875 0.10859375
0 0.19140625 0.7265625 0.1734375 0.14609375
0 0.76171875 0.1359375 0.125 0.1359375
0 0.0890625 0.52734375 0.178125 0.17421875
0 0.04765625 0.2484375 0.0953125 0.175
0 0.221875 0.32890625 0.14375 0.14609375
0 0.05546875 0.125 0.1109375 0.1734375
0 0.296875 0.97265625 0.1625 0.0546875
0 0.49609375 0.93203125 0.16015625 0.1359375
0 0.25546875 0.0375 0.1796875 0.075
0 0.840625 0.9625 0.17734375 0.075
0 0.246875 0.1328125 0.18046875 0.15234375
0 0.93515625 0.5953125 0.1296875 0.12734375
0 0.94140625 0.7078125 0.1171875 0.14296875
0 0.84765625 0.15546875 0.090625 0.10234375
0 0.13828125 0.20234375 0.165625 0.15859375