0 0.73828125 0.19765625 0.16796875 0.16015625
0 0.4953125 0.07578125 0.15234375 0.146875
0 0.8828125 0.53046875 0.16328125 0.1875
0 0.50078125 0.2203125 0.18359375 0.18046875
0 0.95625 0.590625 0.0875 0.16484375
0 0.17578125 0.709375 0.17109375 0.1546875
0 0.5546875 0.97109375 0.19375 0.0578125
0 0.7515625 0.60703125 0.18046875 0.175
0 0.8828125 0.68046875 0.17890625 0.1578125
0 0.8390625 0.12265625 0.16171875 0.146875
0 0.52109375 0.484375 0.159375 0.1484375
0 0.5453125 0.89375 0.15 0.1421875
0 0.93203125 0.0625 0.1359375 0.125
0 0.4 0.559375 0.175 0.17265625
0 0.7234375 0.0765625 0.1953125 0.153125
0 0.41953125 0.94375 0.19296875 0.1125
0 0.07265625 0.921875 0.1453125 0.15625
0 0.85703125 0.25859375 0.16796875 0.15625
0 0.89140625 0.8109375 0.15859375 0.1734375
0 0.1609375 0.4453125 0.16171875 0.16875
0 0.53125 0.76875 0.1796875 0.165625
0 0.96015625 0.8640625 0.0796875 0.15390625
0 0.95703125 0.7203125 0.08515625 0.15625
0 0.76796875 0.7546875 0.1921875 0.16796875
0 0.76640625 0.884375 0.18125 0.17734375
0 0.7734375 0.9703125 0.17578125 0.059375
0 0.896875 0.928125 0.16015625 0.14375
0 0.6515625 0.934375 0.18125 0.13125
0 0.303125 0.96953125 0.17890625 0.0609375
0 0.19609375 0.9484375 0.1765625 0.103125
0 0.40234375 0.83046875 0.16484375 0.17109375
0 0.4046875 0.70234375 0.1828125 0.15390625
0 0.6265625 0.675 0.16484375 0.19609375
0 0.94921875 0.44140625 0.1015625 0.165625
0 0.95078125 0.30390625 0.0984375 0.16484375
0 0.746875 0.33203125 0.16171875 0.18671875
0 0.61328125 0.2734375 0.1796875 0.18671875
0 0.61796875 0.4359375 0.19609375 0.19375
0 0.49609375 0.3421875 0.17734375 0.16328125
0 0.3796875 0.2890625 0.190625 0.18671875
0 0.26015625 0.23515625 0.159375 0.16171875
0 0.14375 0.29609375 0.18125 0.16328125
0 0.28125 0.36015625 0.13984375 0.15234375
0 0.3796875 0.43359375 0.19609375 0.18671875
0 0.0515625 0.3828125 0.103125 0.184375
0 0.07109375 0.52265625 0.1421875 0.19609375
0 0.16796875 0.58203125 0.16171875 0.1703125
0 0.07109375 0.6484375 0.1421875 0.125
0 0.07109375 0.7734375 0.1421875 0.16328125
0 0.275 0.77578125 0.1828125 0.18671875
0 0.29765625 0.9046875 0.11484375 0.12578125
0 0.16328125 0.8484375 0.1921875 0.1828125
0 0.37578125 0.146875 0.14140625 0.15078125
0 0.23359375 0.09765625 0.1703125 0.1953125
0 0.13359375 0.16484375 0.15234375 0.13515625
0 0.053125 0.0953125 0.10625 0.16796875
0 0.771875 0.4984375 0.17421875 0.20625
0 0.9375 0.1796875 0.125 0.16875
0 0.52265625 0.62578125 0.190625 0.2015625
0 0.2828125 0.49375 0.1828125 0.18671875
0 0.27734375 0.628125 0.1578125 0.16328125
0 0.65 0.8234375 0.1734375 0.19921875
0 0.86015625 0.396875 0.1734375 0.159375
0 0.0578125 0.23046875 0.115625 0.1640625
0 0.603125 0.1359375 0.16796875 0.16875