0 0.81875 0.04609375 0.1734375 0.0921875
0 0.9484375 0.159375 0.103125 0.1703125
0 0.86875 0.13203125 0.175 0.17890625
0 0.74453125 0.10625 0.1703125 0.175
0 0.95078125 0.28046875 0.09765625 0.1640625
0 0.875 0.27578125 0.18125 0.16953125
0 0.75234375 0.2484375 0.17890625 0.16484375
0 0.9171875 0.40625 0.159375 0.1703125
0 0.7796875 0.3984375 0.21875 0.16484375
0 0.74921875 0.525 0.1640625 0.1703125
0 0.8609375 0.5359375 0.15390625 0.1703125
0 0.95078125 0.56953125 0.09765625 0.196875
0 0.95703125 0.72109375 0.0859375 0.1734375
0 0.85078125 0.67578125 0.19921875 0.18125
0 0.665625 0.66796875 0.18125 0.16796875
0 0.7671875 0.73125 0.1859375 0.16953125
0 0.890625 0.83125 0.2046875 0.203125
0 0.71015625 0.8390625 0.18984375 0.18828125
0 0.73671875 0.9671875 0.20234375 0.065625
0 0.62109375 0.92578125 0.175 0.1484375
0 0.83359375 0.925 0.1953125 0.15
0 0.953125 0.9015625 0.09375 0.1890625
0 0.93359375 0.05859375 0.1328125 0.1171875