0 0.79140625 0.928125 0.19609375 0.14375
0 0.93203125 0.95 0.1359375 0.09921875
0 0.84765625 0.553125 0.1890625 0.20625
0 0.5796875 0.0671875 0.15 0.134375
0 0.73046875 0.61796875 0.18828125 0.18203125
0 0.60703125 0.2734375 0.1828125 0.18671875
0 0.5390625 0.9078125 0.18203125 0.18359375
0 0.915625 0.73046875 0.16484375 0.16015625
0 0.37421875 0.53828125 0.19375 0.1828125
0 0.47890625 0.75078125 0.19765625 0.16953125
0 0.42734375 0.95625 0.1765625 0.0875
0 0.31796875 0.9359375 0.1625 0.12734375
0 0.40546875 0.846875 0.18046875 0.165625
0 0.64453125 0.80625 0.175 0.18203125
0 0.21796875 0.8484375 0.1921875 0.17109375
0 0.309375 0.74921875 0.1734375 0.16796875
0 0.42265625 0.65703125 0.1578125 0.171875
0 0.528125 0.5734375 0.15546875 0.19609375
0 0.6203125 0.6734375 0.22890625 0.18828125
0 0.66171875 0.5109375 0.17109375 0.1625
0 0.26171875 0.62109375 0.20625 0.19375
0 0.22265625 0.484375 0.178125 0.13125
0 0.496875 0.44921875 0.134375 0.12265625
0 0.27421875 0.3125 0.1765625 0.16640625
0 0.35234375 0.4 0.2 0.1578125
0 0.484375 0.321875 0.19609375 0.18203125
0 0.33671875 0.16328125 0.178125 0.16953125
0 0.1953125 0.21171875 0.18359375 0.16796875
0 0.3921875 0.2359375 0.18515625 0.16796875
0 0.4546875 0.10859375 0.159375 0.14296875
0 0.52265625 0.18359375 0.165625 0.13984375
0 0.72890625 0.21171875 0.1859375 0.159375
0 0.75234375 0.328125 0.19375 0.16953125
0 0.790625 0.42265625 0.16796875 0.1609375
0 0.62578125 0.39609375 0.2171875 0.15234375
0 0.7796875 0.72734375 0.1921875 0.1890625
0 0.91796875 0.8609375 0.1609375 0.1453125
0 0.984375 0.82109375 0.03125 0.1734375
0 0.953125 0.5 0.09375 0.1921875
0 0.91171875 0.39453125 0.1734375 0.1578125
0 0.87578125 0.27734375 0.14140625 0.1296875
0 0.975 0.32890625 0.05 0.165625
0 0.9640625 0.23359375 0.071875 0.1609375
0 0.86171875 0.17421875 0.1921875 0.15546875
0 0.825 0.06484375 0.17109375 0.12890625
0 0.9578125 0.12890625 0.084375 0.1515625
0 0.1953125 0.0890625 0.18828125 0.165625