0 0.4484375 0.1578125 0.09296875 0.0859375
0 0.37890625 0.17421875 0.07421875 0.06640625
0 0.5234375 0.11796875 0.13046875 0.11796875
0 0.5640625 0.01953125 0.08203125 0.03828125
0 0.49453125 0.0296875 0.09140625 0.059375
0 0.1921875 0.02734375 0.10078125 0.0546875
0 0.2578125 0.0453125 0.07734375 0.08828125
0 0.2734375 0.01015625 0.0453125 0.01953125
0 0.18359375 0.090625 0.07265625 0.07734375
0 0.14140625 0.13359375 0.0890625 0.08515625
0 0.921875 0.5109375 0.109375 0.1046875
0 0.4171875 0.28125 0.153125 0.1703125
0 0.5703125 0.396875 0.26953125 0.2640625
0 0.59609375 0.2265625 0.21171875 0.12109375
0 0.2203125 0.2140625 0.11484375 0.1359375
0 0.3203125 0.23046875 0.109375 0.1453125
0 0.24921875 0.10390625 0.11796875 0.128125