0 0.953125 0.70390625 0.09375 0.0859375
0 0.65859375 0.93828125 0.15703125 0.1234375
0 0.9546875 0.04453125 0.08984375 0.0890625
0 0.871875 0.04375 0.14609375 0.0875
0 0.86484375 0.14375 0.12734375 0.1375
0 0.8609375 0.25625 0.15546875 0.1234375
0 0.7890625 0.61484375 0.134375 0.14453125
0 0.75703125 0.8625 0.1515625 0.1578125
0 0.91640625 0.953125 0.1203125 0.09296875
0 0.953125 0.88671875 0.09375 0.1234375
0 0.9046875 0.840625 0.1515625 0.13203125
0 0.8359375 0.73671875 0.19375 0.1609375
0 0.84921875 0.371875 0.13359375 0.13828125
0 0.94140625 0.3875 0.11171875 0.15234375
0 0.8359375 0.5 0.140625 0.13671875
0 0.78125 0.08828125 0.1421875 0.15078125
0 0.746875 0.34140625 0.13671875 0.140625
0 0.88984375 0.64453125 0.1453125 0.15546875
0 0.76171875 0.215625 0.14453125 0.1375
0 0.94765625 0.13359375 0.1046875 0.1703125
0 0.93046875 0.50859375 0.13515625 0.14140625
0 0.83203125 0.93046875 0.15078125 0.1390625