0 0.86171875 0.0703125 0.1625 0.13984375
0 0.05078125 0.040625 0.02890625 0.0265625
0 0.653125 0.79765625 0.10859375 0.1296875
0 0.59609375 0.7265625 0.0421875 0.04375
0 0.5546875 0.71953125 0.04453125 0.0453125
0 0.521875 0.70234375 0.03984375 0.0453125
0 0.48046875 0.7 0.05078125 0.0484375
0 0.415625 0.69609375 0.0578125 0.0515625
0 0.3578125 0.69140625 0.0515625 0.046875
0 0.28515625 0.6828125 0.03828125 0.040625
0 0.2109375 0.6765625 0.03828125 0.03828125
0 0.0078125 0.65625 0.01484375 0.0296875
0 0.03046875 0.9515625 0.06015625 0.096875
0 0.7421875 0.934375 0.2484375 0.13046875
0 0.9 0.7984375 0.15625 0.1171875
0 0.8 0.82109375 0.04140625 0.04453125
0 0.77265625 0.7859375 0.05625 0.059375
0 0.80859375 0.77578125 0.0703125 0.0546875
0 0.84921875 0.725 0.06171875 0.046875
0 0.8640625 0.68046875 0.04375 0.05078125
0 0.94609375 0.74609375 0.1078125 0.08984375
0 0.94140625 0.6390625 0.1171875 0.1265625
0 0.884375 0.51875 0.10859375 0.0671875
0 0.9953125 0.5171875 0.00859375 0.06328125
0 0.93984375 0.446875 0.05234375 0.0703125
0 0.97109375 0.41796875 0.0578125 0.0796875
0 0.3265625 0.39765625 0.0453125 0.0328125
0 0.3890625 0.43359375 0.06875 0.05234375
0 0.41484375 0.40859375 0.05859375 0.04765625
0 0.584375 0.4328125 0.078125 0.059375
0 0.57265625 0.353125 0.13203125 0.12734375
0 0.6546875 0.30703125 0.121875 0.15234375
0 0.840625 0.22734375 0.09453125 0.08671875
0 0.72734375 0.109375 0.10390625 0.11328125
0 0.9796875 0.04296875 0.03984375 0.0859375
0 0.746875 0.03125 0.15390625 0.0625
0 0.02265625 0.346875 0.0453125 0.06171875
0 0.15 0.41796875 0.084375 0.08125
0 0.2421875 0.4203125 0.10078125 0.08984375
0 0.95546875 0.95703125 0.0890625 0.08515625
0 0.78359375 0.19453125 0.12890625 0.134375
0 0.6484375 0.125 0.10078125 0.12265625
0 0.78125 0.4078125 0.1046875 0.1078125
0 0.75703125 0.28828125 0.10703125 0.11640625
0 0.85234375 0.36015625 0.11796875 0.1203125
0 0.71015625 0.8203125 0.0984375 0.1015625
0 0.08828125 0.95546875 0.10234375 0.08828125
0 0.9625 0.1640625 0.075 0.10625
0 0.30390625 0.7390625 0.0953125 0.0875
0 0.85859375 0.4578125 0.11640625 0.1125
0 0.69765625 0.3859375 0.11015625 0.1078125
0 0.50703125 0.96875 0.0984375 0.0625
0 0.95703125 0.5171875 0.08203125 0.10625
0 0.58203125 0.97421875 0.1203125 0.0515625
0 0.5671875 0.11953125 0.06640625 0.06171875
0 0.9625 0.2640625 0.075 0.121875
0 0.93671875 0.38671875 0.07421875 0.078125
0 0.1625 0.7265625 0.0828125 0.08046875
0 0.9703125 0.61171875 0.05859375 0.09609375
0 0.92578125 0.3125 0.103125 0.10078125
0 0.55234375 0.77109375 0.09296875 0.0828125
0 0.23046875 0.73359375 0.075 0.07578125