0 0.80703125 0.15390625 0.0828125 0.08125
0 0.64609375 0.03828125 0.06640625 0.06171875
0 0.69453125 0.81640625 0.06484375 0.06484375
0 0.659375 0.784375 0.06484375 0.06328125
0 0.62578125 0.80859375 0.0640625 0.0625
0 0.06953125 0.97421875 0.1390625 0.0515625
0 0.04453125 0.88046875 0.0890625 0.16171875
0 0.10859375 0.64609375 0.21015625 0.18046875
0 0.1484375 0.928125 0.175 0.09921875
0 0.08984375 0.8015625 0.140625 0.1890625
0 0.31015625 0.88359375 0.17265625 0.1390625
0 0.3828125 0.77265625 0.14609375 0.17421875
0 0.3765625 0.63046875 0.2 0.13984375
0 0.31484375 0.571875 0.1453125 0.12109375
0 0.521875 0.584375 0.15 0.1359375
0 0.546875 0.45625 0.1375 0.134375
0 0.4328125 0.509375 0.1515625 0.12890625
0 0.42109375 0.3890625 0.17578125 0.1578125
0 0.4734375 0.2671875 0.1015625 0.13203125
0 0.265625 0.271875 0.26640625 0.34765625
0 0.0546875 0.4890625 0.109375 0.271875
0 0.2265625 0.7859375 0.20390625 0.22109375