0 0.1109375 0.93125 0.221875 0.1375
0 0.275 0.9359375 0.1609375 0.12734375
0 0.8421875 0.965625 0.09921875 0.06796875
0 0.8421875 0.82734375 0.04921875 0.059375
0 0.4296875 0.81796875 0.18671875 0.221875
0 0.58671875 0.78828125 0.2203125 0.24453125
0 0.72890625 0.46796875 0.10859375 0.10546875
0 0.43515625 0.40546875 0.22421875 0.20703125
0 0.06953125 0.0390625 0.0484375 0.0546875
0 0.1015625 0.0171875 0.040625 0.034375
0 0.08515625 0.08828125 0.04453125 0.0390625
0 0.671875 0.2859375 0.06015625 0.07421875
0 0.92421875 0.253125 0.14375 0.13671875
0 0.403125 0.175 0.11171875 0.11328125
0 0.9140625 0.73046875 0.15703125 0.14140625
0 0.56015625 0.95 0.11875 0.1
0 0.403125 0.95703125 0.11953125 0.08515625
0 0.63828125 0.9734375 0.10234375 0.053125
0 0.63046875 0.9171875 0.0796875 0.0671875
0 0.3328125 0.9578125 0.0640625 0.08046875
0 0.68671875 0.8203125 0.07109375 0.08671875