0 0.46640625 0.0375 0.1171875 0.075
0 0.36796875 0.03828125 0.096875 0.0765625
0 0.2984375 0.0328125 0.0890625 0.06484375
0 0.24140625 0.0265625 0.065625 0.053125
0 0.1828125 0.03046875 0.059375 0.0609375
0 0.11875 0.02734375 0.075 0.0546875
0 0.0359375 0.4078125 0.071875 0.15
0 0.1390625 0.515625 0.08671875 0.12890625
0 0.20859375 0.5953125 0.0734375 0.08828125
0 0.22734375 0.66953125 0.07578125 0.07265625
0 0.4078125 0.94765625 0.15 0.1046875
0 0.68984375 0.69765625 0.20625 0.2109375
0 0.77578125 0.6734375 0.1828125 0.1734375
0 0.8640625 0.60625 0.1484375 0.17421875
0 0.925 0.525 0.128125 0.1453125
0 0.94609375 0.434375 0.10703125 0.1703125
0 0.8078125 0.8640625 0.3828125 0.271875
0 0.93984375 0.68125 0.11875 0.25859375