0 0.51328125 0.64609375 0.17109375 0.15546875
0 0.3046875 0.63671875 0.15078125 0.14765625
0 0.528125 0.39921875 0.159375 0.14921875
0 0.63359375 0.34921875 0.16640625 0.15703125
0 0.39296875 0.81875 0.13671875 0.13984375
0 0.64921875 0.23203125 0.14453125 0.14140625
0 0.92890625 0.4265625 0.14140625 0.13515625
0 0.2921875 0.76328125 0.13984375 0.14765625
0 0.840625 0.24375 0.16015625 0.14921875
0 0.6515625 0.10703125 0.14375 0.1359375
0 0.40078125 0.7015625 0.13984375 0.1234375
0 0.7109375 0.78359375 0.15703125 0.14921875
0 0.3859375 0.93125 0.1578125 0.1328125
0 0.61328125 0.71015625 0.14609375 0.1328125
0 0.7296875 0.425 0.165625 0.146875
0 0.525 0.5171875 0.1546875 0.1421875
0 0.928125 0.54765625 0.14296875 0.1421875
0 0.315625 0.50546875 0.1375 0.13671875
0 0.75703125 0.165625 0.13359375 0.14609375
0 0.45078125 0.090625 0.14140625 0.12109375
0 0.4046875 0.57265625 0.13046875 0.13984375
0 0.5140625 0.74765625 0.159375 0.14375
0 0.5296875 0.93828125 0.1578125 0.1234375
0 0.5171875 0.85625 0.1734375 0.13046875
0 0.6234375 0.928125 0.14609375 0.14375
0 0.61171875 0.83984375 0.1359375 0.128125
0 0.74609375 0.87890625 0.17109375 0.1421875
0 0.85703125 0.8703125 0.11796875 0.11796875
0 0.93671875 0.88828125 0.1265625 0.1546875
0 0.9171875 0.8078125 0.165625 0.1375
0 0.634375 0.6125 0.16484375 0.14765625
0 0.734375 0.546875 0.1609375 0.14765625
0 0.7328125 0.66640625 0.140625 0.14609375
0 0.83359375 0.61015625 0.1609375 0.1734375
0 0.93671875 0.66875 0.1265625 0.16484375
0 0.82109375 0.73515625 0.14921875 0.1421875
0 0.421875 0.4578125 0.16484375 0.1375
0 0.428125 0.3390625 0.14921875 0.1703125
0 0.440625 0.21015625 0.1375 0.14921875
0 0.546875 0.1640625 0.1546875 0.1703125
0 0.85703125 0.115625 0.1390625 0.1359375
0 0.93828125 0.19921875 0.1234375 0.1578125
0 0.9359375 0.309375 0.128125 0.14921875
0 0.8484375 0.359375 0.1703125 0.1703125
0 0.73046875 0.290625 0.1 0.11484375
0 0.621875 0.48125 0.1421875 0.1703125
0 0.54453125 0.2828125 0.1421875 0.13359375
0 0.83046875 0.48671875 0.15078125 0.1375
0 0.05546875 0.0625 0.1109375 0.12421875
0 0.05390625 0.175 0.1078125 0.121875
0 0.053125 0.30234375 0.10625 0.1671875