0 0.39609375 0.42890625 0.1421875 0.121875
0 0.3890625 0.31328125 0.15625 0.15390625
0 0.4953125 0.375 0.1421875 0.14140625
0 0.5953125 0.3015625 0.15 0.14453125
0 0.58984375 0.17578125 0.17421875 0.14609375
0 0.5953125 0.06640625 0.15 0.13203125
0 0.69609375 0.0890625 0.14140625 0.16171875
0 0.79375 0.1125 0.15 0.13515625
0 0.06953125 0.278125 0.13828125 0.1671875
0 0.06171875 0.15078125 0.1234375 0.1359375
0 0.165625 0.20546875 0.1671875 0.15234375
0 0.15859375 0.07578125 0.17109375 0.1515625
0 0.36875 0.18984375 0.17109375 0.171875
0 0.07890625 0.528125 0.1578125 0.14375
0 0.49765625 0.49921875 0.14765625 0.15234375
0 0.61171875 0.4203125 0.1515625 0.15390625
0 0.41015625 0.690625 0.14140625 0.1203125
0 0.29375 0.63359375 0.1515625 0.12890625
0 0.08671875 0.63359375 0.17265625 0.15390625
0 0.18828125 0.69296875 0.159375 0.1484375
0 0.0953125 0.88203125 0.1421875 0.12421875
0 0.1875 0.93515625 0.171875 0.1296875
0 0.08671875 0.7703125 0.17265625 0.16171875
0 0.296875 0.74453125 0.13125 0.1390625
0 0.415625 0.790625 0.1421875 0.14140625
0 0.74453125 0.94765625 0.1546875 0.10390625
0 0.74453125 0.84765625 0.159375 0.1515625
0 0.85 0.78203125 0.1515625 0.14921875
0 0.30625 0.50625 0.17109375 0.16171875
0 0.409375 0.57109375 0.15546875 0.16484375
0 0.82109375 0.2921875 0.14140625 0.15625
0 0.27734375 0.1359375 0.16953125 0.16953125
0 0.2921875 0.265625 0.14765625 0.13671875
0 0.85625 0.66171875 0.14765625 0.1171875
0 0.834375 0.4265625 0.1515625 0.153125
0 0.29296875 0.39140625 0.16015625 0.159375
0 0.61328125 0.54375 0.153125 0.14453125
0 0.178125 0.3296875 0.14765625 0.13671875
0 0.73828125 0.73203125 0.15 0.1515625
0 0.72265625 0.36328125 0.16171875 0.1453125
0 0.525 0.865625 0.16484375 0.1375
0 0.73125 0.48984375 0.146875 0.13671875
0 0.65078125 0.9171875 0.16328125 0.14609375
0 0.08359375 0.40703125 0.16640625 0.15390625
0 0.85 0.54375 0.15 0.1421875
0 0.421875 0.92734375 0.15 0.1453125
0 0.18984375 0.45234375 0.134375 0.13828125
0 0.6375 0.79140625 0.15703125 0.13046875
0 0.50390625 0.24609375 0.140625 0.16328125
0 0.51484375 0.621875 0.1359375 0.1328125
0 0.51796875 0.74375 0.134375 0.1296875
0 0.48125 0.1296875 0.15 0.1359375
0 0.70390625 0.23046875 0.16015625 0.16171875
0 0.91640625 0.1203125 0.15859375 0.1625
0 0.859375 0.90703125 0.140625 0.13125
0 0.1921875 0.5765625 0.13046875 0.140625
0 0.2171875 0.82109375 0.12421875 0.1234375
0 0.340625 0.86640625 0.14453125 0.1453125
0 0.73828125 0.60546875 0.16171875 0.146875
0 0.62890625 0.66875 0.1578125 0.134375