0 0.80546875 0.26328125 0.159375 0.11640625
0 0.61640625 0.38984375 0.18515625 0.165625
0 0.690625 0.1796875 0.17265625 0.15390625
0 0.57421875 0.2453125 0.19609375 0.1765625
0 0.7125 0.284375 0.14453125 0.15
0 0.96640625 0.27421875 0.06640625 0.1671875
0 0.94296875 0.17734375 0.109375 0.125
0 0.88203125 0.21015625 0.16171875 0.1484375
0 0.79140625 0.1359375 0.1796875 0.16171875
0 0.75390625 0.05703125 0.1765625 0.1140625
0 0.63984375 0.0859375 0.15859375 0.171875
0 0.54609375 0.1265625 0.1390625 0.18203125
0 0.4578125 0.1859375 0.17265625 0.16953125
0 0.33046875 0.21875 0.209375 0.1625
0 0.3390625 0.09453125 0.190625 0.1796875
0 0.1953125 0.1703125 0.17578125 0.14765625
0 0.21328125 0.065625 0.1671875 0.13125
0 0.0984375 0.0578125 0.12890625 0.115625
0 0.15546875 0.2453125 0.18515625 0.16171875
0 0.2859375 0.296875 0.21328125 0.1640625
0 0.94453125 0.53828125 0.11015625 0.165625
0 0.33515625 0.40390625 0.1765625 0.165625
0 0.196875 0.36015625 0.203125 0.17578125
0 0.75078125 0.37734375 0.1234375 0.1375
0 0.1703125 0.49609375 0.1921875 0.1734375
0 0.2953125 0.52734375 0.17109375 0.16796875
0 0.4453125 0.48671875 0.190625 0.18203125
0 0.5015625 0.58515625 0.19375 0.18984375
0 0.3875 0.63125 0.18125 0.165625
0 0.57421875 0.66171875 0.178125 0.15703125
0 0.07109375 0.66640625 0.1421875 0.1109375
0 0.2890625 0.69453125 0.15390625 0.15
0 0.61484375 0.75234375 0.19765625 0.178125
0 0.42578125 0.72421875 0.1796875 0.13046875
0 0.946875 0.67578125 0.10625 0.18515625
0 0.86015625 0.6984375 0.1671875 0.16796875
0 0.91796875 0.95078125 0.1609375 0.0984375
0 0.0328125 0.89296875 0.065625 0.1671875
0 0.046875 0.74140625 0.09375 0.1484375
0 0.3171875 0.83515625 0.16953125 0.18359375
0 0.20390625 0.815625 0.15546875 0.17578125
0 0.1390625 0.7390625 0.18203125 0.13203125
0 0.10703125 0.8640625 0.1671875 0.153125
0 0.09453125 0.96328125 0.1671875 0.0734375
0 0.91484375 0.82890625 0.1703125 0.1796875
0 0.59296875 0.9703125 0.18671875 0.059375
0 0.5 0.9515625 0.178125 0.096875
0 0.40625 0.92265625 0.215625 0.1546875
0 0.20859375 0.94609375 0.23046875 0.1078125
0 0.89140625 0.07890625 0.2171875 0.1578125
0 0.4828125 0.36328125 0.190625 0.19140625
0 0.66484375 0.9171875 0.18359375 0.165625
0 0.8484375 0.534375 0.15703125 0.16796875
0 0.73359375 0.97421875 0.1859375 0.0515625
0 0.89453125 0.3671875 0.15546875 0.17421875
0 0.78046875 0.8234375 0.178125 0.16015625
0 0.83203125 0.92421875 0.1703125 0.1515625
0 0.49375 0.82734375 0.18125 0.1796875
0 0.69140625 0.5890625 0.17734375 0.1859375
0 0.0890625 0.29296875 0.178125 0.1484375
0 0.57578125 0.51484375 0.15546875 0.16171875
0 0.1859375 0.6140625 0.19140625 0.19453125
0 0.34296875 0.98359375 0.18125 0.0328125
0 0.43984375 0.06875 0.2109375 0.1375
0 0.9765625 0.4296875 0.046875 0.190625
0 0.70625 0.46953125 0.1484375 0.184375
0 0.0203125 0.08515625 0.040625 0.16953125
0 0.0734375 0.4171875 0.146875 0.171875