0 0.95390625 0.66640625 0.0921875 0.1796875
0 0.87890625 0.35234375 0.1796875 0.15390625
0 0.57109375 0.4015625 0.14140625 0.1390625
0 0.93828125 0.0421875 0.1234375 0.08359375
0 0.16796875 0.92578125 0.140625 0.14453125
0 0.30390625 0.915625 0.15625 0.14296875
0 0.415625 0.9015625 0.1359375 0.1484375
0 0.55078125 0.8984375 0.1625 0.16640625
0 0.15546875 0.82421875 0.1453125 0.13125
0 0.25859375 0.81328125 0.153125 0.14453125
0 0.13828125 0.71484375 0.14140625 0.12109375
0 0.26328125 0.70703125 0.14140625 0.1140625
0 0.3734375 0.77578125 0.159375 0.15546875
0 0.503125 0.7734375 0.1421875 0.16015625
0 0.4875 0.77578125 0.1546875 0.14140625
0 0.38046875 0.6671875 0.14140625 0.1203125
0 0.18359375 0.5984375 0.18203125 0.16796875
0 0.31171875 0.58046875 0.14296875 0.11953125
0 0.34140625 0.5234375 0.175 0.1515625
0 0.45078125 0.55859375 0.1171875 0.10546875
0 0.1875 0.47578125 0.12890625 0.11796875
0 0.27578125 0.4296875 0.128125 0.13828125
0 0.2640625 0.26640625 0.14453125 0.15546875
0 0.37578125 0.36640625 0.15703125 0.1484375
0 0.4640625 0.4421875 0.165625 0.17734375
0 0.39296875 0.25234375 0.16015625 0.13828125
0 0.5203125 0.2828125 0.178125 0.16953125
0 0.30234375 0.1328125 0.17265625 0.1390625
0 0.4296875 0.14921875 0.13515625 0.14609375
0 0.534375 0.17421875 0.13515625 0.14296875
0 0.4421875 0.046875 0.14921875 0.09296875
0 0.31015625 0.04296875 0.1703125 0.08515625
0 0.56796875 0.0609375 0.1765625 0.121875
0 0.653125 0.140625 0.18515625 0.14921875
0 0.68203125 0.0578125 0.1640625 0.11484375
0 0.803125 0.10625 0.18203125 0.18828125
0 0.91796875 0.128125 0.11796875 0.15234375
0 0.65546875 0.2546875 0.15625 0.14609375
0 0.77734375 0.28984375 0.14765625 0.18203125
0 0.88671875 0.22734375 0.1609375 0.14296875
0 0.69765625 0.3828125 0.15 0.1546875
0 0.675 0.5078125 0.190625 0.1640625
0 0.55859375 0.5234375 0.134375 0.13125
0 0.55703125 0.6140625 0.15546875 0.14296875
0 0.5015625 0.6609375 0.1421875 0.15625
0 0.68515625 0.83515625 0.18203125 0.159375
0 0.66796875 0.91953125 0.1515625 0.1375
0 0.79453125 0.9203125 0.1609375 0.159375
0 0.92109375 0.8984375 0.1578125 0.15
0 0.8109375 0.8125 0.159375 0.1484375
0 0.76640625 0.715625 0.1625 0.1546875
0 0.64453125 0.7546875 0.19375 0.14765625
0 0.9234375 0.76953125 0.14453125 0.15625
0 0.6375 0.65546875 0.1703125 0.16953125
0 0.75703125 0.60078125 0.15625 0.16328125
0 0.803125 0.490625 0.14609375 0.1703125
0 0.86328125 0.64921875 0.1421875 0.13828125
0 0.92109375 0.546875 0.1578125 0.15625
0 0.91015625 0.440625 0.165625 0.125