0 0.071875 0.69921875 0.06953125 0.0625
0 0.75703125 0.04453125 0.1265625 0.0890625
0 0.8921875 0.91875 0.1734375 0.1625
0 0.91015625 0.04609375 0.17890625 0.0921875
0 0.85546875 0.06875 0.03828125 0.03671875
0 0.99375 0.18125 0.0125 0.028125
0 0.978125 0.20546875 0.028125 0.02734375
0 0.890625 0.13203125 0.02421875 0.0296875
0 0.7828125 0.21796875 0.0328125 0.0328125
0 0.81484375 0.19296875 0.03046875 0.028125
0 0.7390625 0.25 0.0328125 0.03203125
0 0.62421875 0.2609375 0.046875 0.05078125
0 0.5734375 0.24453125 0.02578125 0.0234375
0 0.1421875 0.6484375 0.04375 0.046875
0 0.4328125 0.9671875 0.184375 0.06484375
0 0.725 0.99296875 0.0625 0.0140625
0 0.9890625 0.94140625 0.021875 0.04609375
0 0.978125 0.96953125 0.04375 0.0609375
0 0.86875 0.815625 0.0359375 0.040625
0 0.85 0.83671875 0.03515625 0.0328125
0 0.4515625 0.3890625 0.015625 0.0171875
0 0.48046875 0.3796875 0.015625 0.01875
0 0.4234375 0.40078125 0.01640625 0.01875
0 0.39453125 0.41328125 0.01640625 0.01328125
0 0.36640625 0.42265625 0.015625 0.01796875
0 0.43203125 0.359375 0.02421875 0.028125
0 0.365625 0.384375 0.028125 0.03046875
0 0.375 0.3453125 0.02578125 0.02578125
0 0.41640625 0.32578125 0.0234375 0.02890625