0 0.49140625 0.81328125 0.159375 0.15390625
0 0.528125 0.0859375 0.1671875 0.1671875
0 0.63671875 0.28046875 0.15 0.1421875
0 0.13203125 0.73125 0.15390625 0.128125
0 0.53125 0.3375 0.15234375 0.146875
0 0.665625 0.8734375 0.1421875 0.15234375
0 0.4421875 0.66484375 0.15859375 0.15078125
0 0.94609375 0.93046875 0.1078125 0.1234375
0 0.421875 0.16484375 0.16328125 0.1625
0 0.896875 0.42421875 0.1421875 0.17890625
0 0.95625 0.80625 0.0875 0.140625
0 0.41953125 0.28203125 0.15546875 0.1234375
0 0.76796875 0.45390625 0.1515625 0.15234375
0 0.69453125 0.36171875 0.16796875 0.13828125
0 0.7046875 0.571875 0.15234375 0.14921875
0 0.60703125 0.78359375 0.13984375 0.159375
0 0.33203125 0.71484375 0.1546875 0.1328125
0 0.85234375 0.9453125 0.14921875 0.10859375
0 0.86953125 0.8375 0.1671875 0.1546875
0 0.75234375 0.92109375 0.1484375 0.1578125
0 0.778125 0.78828125 0.1890625 0.16796875
0 0.9234375 0.7171875 0.153125 0.175
0 0.834375 0.6765625 0.1484375 0.14921875
0 0.91015625 0.5671875 0.1515625 0.15234375
0 0.7484375 0.64296875 0.13125 0.14453125
0 0.646875 0.6734375 0.159375 0.1484375
0 0.53203125 0.675 0.165625 0.14453125
0 0.57734375 0.578125 0.13359375 0.12578125
0 0.6328125 0.4625 0.1578125 0.17265625
0 0.5375 0.44609375 0.1421875 0.171875
0 0.4296875 0.396875 0.1796875 0.16328125
0 0.42578125 0.52578125 0.159375 0.14921875
0 0.83125 0.34296875 0.146875 0.13828125
0 0.759375 0.2640625 0.15 0.12890625
0 0.88671875 0.25546875 0.13984375 0.13828125
0 0.93203125 0.29921875 0.1359375 0.171875
0 0.9359375 0.1484375 0.128125 0.159375
0 0.89375 0.06640625 0.146875 0.1328125
0 0.8203125 0.15234375 0.146875 0.13359375
0 0.73125 0.0734375 0.1359375 0.14296875
0 0.71328125 0.190625 0.13359375 0.13125
0 0.62265625 0.125 0.16484375 0.16171875
0 0.52421875 0.20859375 0.13125 0.14921875
0 0.30078125 0.21796875 0.14921875 0.15625
0 0.3015625 0.08671875 0.159375 0.1484375
0 0.19296875 0.1609375 0.15234375 0.14296875
0 0.1875 0.05078125 0.15625 0.1015625
0 0.08125 0.10234375 0.1625 0.178125
0 0.090625 0.23671875 0.15625 0.15234375
0 0.20703125 0.29140625 0.18125 0.15625
0 0.31875 0.4640625 0.15625 0.1796875
0 0.21796875 0.421875 0.165625 0.17734375
0 0.1 0.48125 0.17265625 0.18203125
0 0.2203125 0.54921875 0.15 0.1578125
0 0.109375 0.61015625 0.15859375 0.14296875
0 0.346875 0.83984375 0.16484375 0.159375
0 0.26171875 0.8234375 0.1328125 0.1578125
0 0.44921875 0.91171875 0.13515625 0.16796875
0 0.55390625 0.896875 0.1484375 0.16875
0 0.3484375 0.93984375 0.153125 0.1203125
0 0.24140625 0.9109375 0.1546875 0.1453125
0 0.13046875 0.85703125 0.16171875 0.1546875
0 0.05 0.92109375 0.1 0.1578125
0 0.134375 0.953125 0.146875 0.09296875
0 0.046875 0.8046875 0.09375 0.165625
0 0.0421875 0.671875 0.084375 0.153125
0 0.8171875 0.5421875 0.125 0.12578125
0 0.325 0.6015625 0.1359375 0.1328125
0 0.09375 0.35703125 0.14921875 0.1625