0 0.8984375 0.3640625 0.17109375 0.09765625
0 0.7265625 0.61484375 0.0703125 0.09375
0 0.89296875 0.72109375 0.2140625 0.3265625
0 0.8265625 0.58671875 0.18984375 0.17109375
0 0.6671875 0.4734375 0.12265625 0.18359375
0 0.77421875 0.459375 0.15859375 0.17890625
0 0.8921875 0.45234375 0.0875 0.10234375
0 0.584375 0.56875 0.18046875 0.19765625
0 0.64296875 0.80859375 0.209375 0.2484375
0 0.78359375 0.796875 0.11875 0.12109375
0 0.73671875 0.7109375 0.09296875 0.0953125
0 0.28203125 0.78359375 0.071875 0.071875
0 0.08515625 0.5859375 0.04375 0.040625
0 0.12421875 0.56875 0.0390625 0.040625
0 0.03515625 0.47734375 0.0390625 0.03671875
0 0.034375 0.40390625 0.0453125 0.0453125
0 0.03125 0.3671875 0.03203125 0.03125
0 0.0296875 0.340625 0.040625 0.0296875
0 0.0359375 0.30078125 0.0375 0.0328125
0 0.0828125 0.28984375 0.040625 0.040625
0 0.4453125 0.25859375 0.1359375 0.14609375
0 0.484375 0.15703125 0.04765625 0.06171875
0 0.45234375 0.14453125 0.0625 0.075
0 0.45078125 0.0546875 0.109375 0.08125
0 0.90625 0.0734375 0.1609375 0.146875
0 0.89140625 0.28046875 0.12890625 0.1765625
0 0.82265625 0.15 0.09609375 0.11796875
0 0.64609375 0.2171875 0.209375 0.159375
0 0.59765625 0.359375 0.109375 0.10546875
0 0.515625 0.33203125 0.08203125 0.09140625
0 0.48515625 0.43828125 0.0734375 0.065625
0 0.55234375 0.40625 0.0515625 0.0484375
0 0.5359375 0.44296875 0.05859375 0.05546875
0 0.78125 0.30859375 0.11953125 0.134375
0 0.5703125 0.13203125 0.11640625 0.1140625
0 0.6421875 0.64453125 0.1015625 0.09140625
0 0.5390625 0.7421875 0.0984375 0.09765625
0 0.70078125 0.08203125 0.1265625 0.11328125
0 0.93515625 0.52578125 0.0984375 0.0921875
0 0.7734375 0.04140625 0.096875 0.0828125
0 0.7203125 0.95859375 0.1140625 0.0828125
0 0.92109375 0.965625 0.1109375 0.06875
0 0.67734375 0.33515625 0.13203125 0.121875
0 0.72265625 0.15625 0.1359375 0.128125
0 0.8640625 0.79140625 0.08984375 0.07578125
0 0.47265625 0.490625 0.0625 0.04921875
0 0.83359375 0.96953125 0.0890625 0.0609375
0 0.57265625 0.284375 0.07421875 0.0734375
0 0.71484375 0.24765625 0.084375 0.09375