0 0.2515625 0.53125 0.23203125 0.2390625
0 0.4 0.41875 0.1671875 0.19375
0 0.45234375 0.37109375 0.1734375 0.1484375
0 0.54140625 0.24453125 0.31328125 0.2734375
0 0.59296875 0.0875 0.115625 0.10390625
0 0.69765625 0.12890625 0.146875 0.15703125
0 0.7671875 0.0640625 0.25625 0.128125
0 0.0890625 0.23125 0.06328125 0.0515625
0 0.12734375 0.2859375 0.09609375 0.08828125
0 0.034375 0.646875 0.06875 0.0671875
0 0.0296875 0.7015625 0.059375 0.084375
0 0.08515625 0.75703125 0.065625 0.09765625
0 0.03359375 0.80859375 0.0671875 0.0734375
0 0.15390625 0.6765625 0.06796875 0.0796875
0 0.34453125 0.76484375 0.06953125 0.05546875
0 0.3078125 0.7984375 0.0578125 0.07265625
0 0.3109375 0.84765625 0.071875 0.10078125
0 0.434375 0.8140625 0.0296875 0.03359375
0 0.41484375 0.7625 0.03046875 0.0375
0 0.35546875 0.7078125 0.03359375 0.0453125
0 0.60703125 0.83828125 0.071875 0.0796875
0 0.55078125 0.7953125 0.0828125 0.08671875
0 0.50078125 0.86640625 0.03125 0.0375
0 0.56875 0.95 0.05703125 0.0546875
0 0.52734375 0.9703125 0.05078125 0.05859375
0 0.4875 0.98203125 0.04375 0.0359375
0 0.328125 0.95078125 0.06953125 0.0578125
0 0.303125 0.9859375 0.071875 0.028125
0 0.24375 0.98125 0.090625 0.03671875
0 0.27109375 0.90703125 0.0484375 0.06015625
0 0.284375 0.94375 0.0625 0.0578125
0 0.18828125 0.90078125 0.053125 0.084375
0 0.2171875 0.96015625 0.0609375 0.06953125
0 0.1 0.9546875 0.0421875 0.06328125
0 0.125 0.93046875 0.08125 0.08515625
0 0.1203125 0.8546875 0.09453125 0.0765625
0 0.18125 0.78359375 0.0796875 0.05703125
0 0.22109375 0.7625 0.03828125 0.04921875
0 0.0703125 0.684375 0.06328125 0.0453125
0 0.090625 0.63515625 0.0625 0.046875
0 0.0234375 0.9015625 0.046875 0.0375
0 0.02578125 0.87421875 0.05 0.0421875
0 0.03125 0.975 0.0625 0.04921875