0 0.19921875 0.97265625 0.1515625 0.0546875
0 0.8796875 0.440625 0.12265625 0.10859375
0 0.97421875 0.4921875 0.0515625 0.15546875
0 0.1546875 0.07109375 0.11796875 0.10625
0 0.3125 0.66328125 0.1515625 0.18125
0 0.30625 0.525 0.1640625 0.1609375
0 0.421875 0.590625 0.1828125 0.18046875
0 0.91015625 0.94921875 0.1796875 0.10078125
0 0.0421875 0.9578125 0.084375 0.084375
0 0.075 0.93984375 0.146875 0.1203125
0 0.07265625 0.81484375 0.1453125 0.1828125
0 0.1796875 0.7390625 0.13828125 0.1140625
0 0.0734375 0.3921875 0.14609375 0.1703125
0 0.2 0.43984375 0.13125 0.134375
0 0.2828125 0.39765625 0.15546875 0.165625
0 0.01796875 0.1875 0.0359375 0.1515625
0 0.06015625 0.26015625 0.1203125 0.1703125
0 0.1578125 0.315625 0.1640625 0.1859375
0 0.28046875 0.2421875 0.17578125 0.1859375
0 0.096875 0.0265625 0.16015625 0.05234375
0 0.2703125 0.02109375 0.19609375 0.04140625
0 0.27109375 0.10859375 0.1484375 0.1484375
0 0.40234375 0.16640625 0.1671875 0.1703125
0 0.4890625 0.0234375 0.1609375 0.046875
0 0.5234375 0.23125 0.1703125 0.17890625
0 0.65078125 0.28984375 0.16875 0.16328125
0 0.53828125 0.5078125 0.16015625 0.1703125
0 0.653125 0.4296875 0.18984375 0.1921875
0 0.440625 0.86484375 0.16015625 0.14140625
0 0.4375 0.96171875 0.17890625 0.07578125
0 0.559375 0.92265625 0.159375 0.1546875
0 0.68125 0.95234375 0.165625 0.0953125
0 0.7984375 0.91171875 0.171875 0.1765625
0 0.94921875 0.66171875 0.10078125 0.1984375
0 0.7859375 0.64609375 0.19609375 0.18125
0 0.7875 0.4953125 0.1609375 0.18046875
0 0.43984375 0.72890625 0.17421875 0.16328125
0 0.88984375 0.03828125 0.1546875 0.07578125
0 0.4234375 0.45859375 0.19765625 0.18671875
0 0.925 0.84140625 0.15 0.17734375
0 0.89375 0.15 0.14375 0.1453125
0 0.80390625 0.78828125 0.16640625 0.16796875
0 0.64765625 0.1546875 0.15703125 0.1703125
0 0.07265625 0.6828125 0.14453125 0.146875
0 0.16875 0.18671875 0.15625 0.15703125
0 0.9203125 0.55625 0.159375 0.159375
0 0.42109375 0.3171875 0.19921875 0.16015625
0 0.9671875 0.06484375 0.065625 0.1296875
0 0.0796875 0.54609375 0.159375 0.1953125
0 0.565625 0.79375 0.15390625 0.15234375
0 0.52578125 0.09140625 0.165625 0.15546875
0 0.68671875 0.7125 0.1765625 0.16796875
0 0.20546875 0.87265625 0.18203125 0.18828125
0 0.55 0.375 0.16875 0.1609375
0 0.89609375 0.278125 0.1328125 0.1375
0 0.396875 0.05625 0.171875 0.1125
0 0.796875 0.35390625 0.1703125 0.165625
0 0.97265625 0.17890625 0.0546875 0.1203125
0 0.66875 0.571875 0.15 0.14375
0 0.77109375 0.20546875 0.18984375 0.16171875
0 0.68515625 0.85859375 0.153125 0.1515625
0 0.065625 0.11953125 0.13125 0.1484375
0 0.32421875 0.8046875 0.1703125 0.15625
0 0.66484375 0.04140625 0.1390625 0.0828125
0 0.56484375 0.6453125 0.14375 0.13671875