0 0.1296875 0.0953125 0.259375 0.190625
0 0.22109375 0.18125 0.2203125 0.203125
0 0.39765625 0.09453125 0.1515625 0.14609375
0 0.48671875 0.134375 0.07734375 0.0625
0 0.5328125 0.20234375 0.1484375 0.14296875
0 0.534375 0.30859375 0.13359375 0.08984375
0 0.64140625 0.3 0.1015625 0.14765625
0 0.68984375 0.3921875 0.20703125 0.24375
0 0.4515625 0.4484375 0.29375 0.31640625
0 0.68046875 0.55078125 0.1484375 0.12578125
0 0.765625 0.4625 0.1046875 0.1421875
0 0.825 0.559375 0.14609375 0.134375
0 0.94140625 0.578125 0.115625 0.1515625
0 0.91171875 0.66953125 0.1765625 0.1828125
0 0.828125 0.79375 0.16328125 0.140625
0 0.93515625 0.825 0.128125 0.15859375