0 0.6078125 0.61328125 0.11796875 0.0984375
0 0.95703125 0.51171875 0.08515625 0.13125
0 0.87265625 0.459375 0.11796875 0.12421875
0 0.846875 0.5765625 0.140625 0.14140625
0 0.93671875 0.77265625 0.1265625 0.1484375
0 0.75390625 0.94765625 0.13984375 0.1046875
0 0.9671875 0.93046875 0.06484375 0.11328125
0 0.89765625 0.9078125 0.12734375 0.15390625
0 0.8015625 0.90859375 0.11953125 0.10078125
0 0.834375 0.79765625 0.11953125 0.12109375
0 0.7359375 0.82578125 0.1234375 0.13046875
0 0.6484375 0.94296875 0.165625 0.1
0 0.6171875 0.8859375 0.11015625 0.09765625
0 0.653125 0.8375 0.13984375 0.13359375
0 0.5359375 0.6734375 0.10390625 0.07265625
0 0.5171875 0.74453125 0.12734375 0.10625
0 0.5265625 0.8515625 0.13203125 0.1421875
0 0.409375 0.95234375 0.1484375 0.09453125
0 0.41171875 0.8703125 0.134375 0.1203125
0 0.325 0.88125 0.1515625 0.1515625
0 0.27109375 0.821875 0.096875 0.1015625
0 0.19375 0.85859375 0.10390625 0.09375
0 0.20078125 0.93359375 0.1578125 0.13125
0 0.0875 0.93984375 0.15 0.1203125
0 0.83359375 0.7 0.12890625 0.12734375
0 0.7328125 0.63671875 0.15703125 0.12734375
0 0.70703125 0.74375 0.11796875 0.1140625
0 0.94375 0.6390625 0.1125 0.128125