0 0.71171875 0.6828125 0.14765625 0.13515625
0 0.63203125 0.7671875 0.1625 0.1875
0 0.4515625 0.96484375 0.1515625 0.0703125
0 0.30625 0.9609375 0.15234375 0.078125
0 0.41953125 0.85546875 0.1921875 0.159375
0 0.40546875 0.56640625 0.0875 0.1046875
0 0.4359375 0.6921875 0.1828125 0.1734375
0 0.253125 0.49453125 0.2234375 0.1921875
0 0.07109375 0.27109375 0.1171875 0.13125
0 0.1671875 0.1859375 0.12109375 0.109375
0 0.29453125 0.1703125 0.1515625 0.17109375
0 0.17109375 0.04453125 0.1125 0.0890625
0 0.3265625 0.03671875 0.26015625 0.07265625
0 0.5265625 0.109375 0.1328125 0.18359375
0 0.93828125 0.109375 0.0734375 0.08515625
0 0.85703125 0.08125 0.1109375 0.0921875
0 0.52578125 0.0125 0.1171875 0.02421875
0 0.57421875 0.95859375 0.09921875 0.08203125
0 0.4234375 0.06640625 0.0984375 0.09140625
0 0.33125 0.06484375 0.09453125 0.08515625