0 0.7484375 0.6 0.33984375 0.28046875
0 0.46875 0.46796875 0.32421875 0.45078125
0 0.64375 0.42109375 0.134375 0.1875
0 0.7390625 0.365625 0.15859375 0.19921875
0 0.603125 0.20390625 0.134375 0.12421875
0 0.28828125 0.025 0.08828125 0.04921875
0 0.30859375 0.16953125 0.18984375 0.27890625
0 0.3203125 0.3484375 0.16328125 0.11953125
0 0.43203125 0.17109375 0.228125 0.296875
0 0.01875 0.03125 0.0375 0.0625
0 0.15390625 0.04375 0.1921875 0.0875
0 0.115625 0.2 0.23125 0.328125
0 0.14375 0.39921875 0.18828125 0.0890625
0 0.015625 0.321875 0.03046875 0.16875