0 0.71328125 0.0484375 0.134375 0.09609375
0 0.5 0.95390625 0.1359375 0.0921875
0 0.95546875 0.33359375 0.08828125 0.11015625
0 0.94921875 0.44453125 0.1015625 0.1484375
0 0.8328125 0.515625 0.115625 0.1
0 0.8328125 0.6125 0.1484375 0.14453125
0 0.94296875 0.57421875 0.1140625 0.1484375
0 0.93984375 0.80703125 0.1203125 0.128125
0 0.95 0.7 0.1 0.153125
0 0.06875 0.9078125 0.13671875 0.115625
0 0.15 0.946875 0.1109375 0.10625
0 0.2609375 0.92421875 0.17890625 0.140625
0 0.375 0.79453125 0.1234375 0.11015625
0 0.61015625 0.7 0.16171875 0.153125
0 0.6078125 0.5828125 0.175 0.14921875
0 0.7296875 0.54296875 0.12734375 0.12109375
0 0.0578125 0.61640625 0.115625 0.1109375
0 0.13828125 0.5515625 0.1203125 0.13359375
0 0.94609375 0.9015625 0.1078125 0.12421875
0 0.85546875 0.7421875 0.15 0.14296875
0 0.74453125 0.78671875 0.16484375 0.14609375
0 0.3875 0.903125 0.1765625 0.1546875
0 0.2546875 0.8296875 0.14375 0.1390625
0 0.61640625 0.93828125 0.1359375 0.1234375
0 0.14296875 0.85703125 0.13984375 0.15234375
0 0.6078125 0.815625 0.1328125 0.1375
0 0.73203125 0.66953125 0.15859375 0.1375
0 0.8515625 0.86640625 0.1546875 0.146875
0 0.50546875 0.8640625 0.1546875 0.14140625
0 0.74609375 0.91171875 0.16796875 0.15625
0 0.5125 0.7421875 0.13359375 0.14296875
0 0.5671875 0.21328125 0.0953125 0.10546875
0 0.9015625 0.97890625 0.09453125 0.0421875
0 0.25 0.32890625 0.128125 0.12734375
0 0.7921875 0.19140625 0.29765625 0.24609375
0 0.090625 0.17265625 0.18046875 0.15859375
0 0.24765625 0.10078125 0.1734375 0.15625
0 0.08828125 0.05078125 0.1765625 0.1015625
0 0.2984375 0.19609375 0.1453125 0.0859375
0 0.55703125 0.4953125 0.17265625 0.2140625
0 0.8828125 0.41484375 0.1265625 0.14453125