0 0.9859375 0.81640625 0.02734375 0.046875
0 0.98046875 0.90390625 0.03828125 0.053125
0 0.3 0.6453125 0.03984375 0.03984375
0 0.3125 0.6875 0.046875 0.04609375
0 0.06015625 0.03203125 0.1203125 0.0640625
0 0.25859375 0.1140625 0.1703125 0.14609375
0 0.9859375 0.703125 0.028125 0.1484375
0 0.23046875 0.38671875 0.17265625 0.14453125
0 0.828125 0.21953125 0.13828125 0.1390625
0 0.7140625 0.0421875 0.1875 0.08359375
0 0.25078125 0.24453125 0.16875 0.15546875
0 0.7203125 0.14375 0.17421875 0.16328125
0 0.60234375 0.34375 0.18046875 0.16796875
0 0.04921875 0.3671875 0.09765625 0.15
0 0.11640625 0.284375 0.1359375 0.134375
0 0.07734375 0.328125 0.05 0.04453125
0 0.58828125 0.07421875 0.1859375 0.1484375
0 0.371875 0.18515625 0.2015625 0.1671875
0 0.35703125 0.31484375 0.18046875 0.146875
0 0.11640625 0.42109375 0.1390625 0.18046875
0 0.25234375 0.50546875 0.16953125 0.1453125
0 0.45625 0.5265625 0.17734375 0.18046875
0 0.59375 0.5578125 0.1578125 0.1625
0 0.69609375 0.53203125 0.11328125 0.12890625
0 0.3765625 0.45 0.1546875 0.16015625
0 0.5890625 0.44765625 0.17421875 0.125
0 0.48125 0.37890625 0.13046875 0.14453125
0 0.48203125 0.2328125 0.12890625 0.17421875
0 0.05703125 0.22578125 0.1140625 0.1640625
0 0.05 0.0984375 0.1 0.13515625
0 0.15390625 0.05703125 0.1453125 0.1140625
0 0.27421875 0.021875 0.1515625 0.04375
0 0.38984375 0.05703125 0.1765625 0.11328125
0 0.50859375 0.04609375 0.175 0.0921875
0 0.60390625 0.19296875 0.17890625 0.16796875
0 0.86171875 0.08828125 0.1703125 0.14921875
0 0.728125 0.28046875 0.1484375 0.19140625
0 0.81640625 0.346875 0.17890625 0.18203125
0 0.13984375 0.17890625 0.14296875 0.15390625
0 0.8671875 0.015625 0.1765625 0.03125