0 0.40078125 0.9484375 0.1578125 0.103125
0 0.32578125 0.18359375 0.1484375 0.14140625
0 0.540625 0.07578125 0.134375 0.1296875
0 0.19765625 0.47734375 0.14375 0.165625
0 0.5359375 0.20390625 0.1625 0.159375
0 0.096875 0.53046875 0.15 0.1453125
0 0.82265625 0.63515625 0.15078125 0.1359375
0 0.4875 0.9203125 0.17109375 0.159375
0 0.3140625 0.5453125 0.159375 0.1546875
0 0.1984375 0.61015625 0.1578125 0.13984375
0 0.23671875 0.11796875 0.14296875 0.1296875
0 0.5171875 0.43671875 0.140625 0.13125
0 0.49609375 0.7984375 0.13203125 0.12578125
0 0.13125 0.06015625 0.1671875 0.1203125
0 0.62421875 0.503125 0.1546875 0.15234375
0 0.33828125 0.07265625 0.17265625 0.14375
0 0.60703125 0.86875 0.1703125 0.1515625
0 0.92421875 0.8328125 0.15078125 0.15546875
0 0.22109375 0.2375 0.14765625 0.1375
0 0.190625 0.725 0.13984375 0.153125
0 0.83515625 0.40234375 0.1421875 0.14921875
0 0.50859375 0.68828125 0.15859375 0.146875
0 0.0921875 0.771875 0.1453125 0.1359375
0 0.09375 0.6453125 0.153125 0.13828125
0 0.3 0.67578125 0.1703125 0.14765625
0 0.30078125 0.78984375 0.16015625 0.15625
0 0.2953125 0.90390625 0.15546875 0.128125
0 0.1859375 0.84296875 0.14140625 0.15546875
0 0.40234375 0.853125 0.16015625 0.15390625
0 0.70859375 0.91875 0.1578125 0.1625
0 0.80546875 0.87421875 0.15546875 0.14375
0 0.621875 0.7421875 0.1453125 0.1515625
0 0.6203125 0.6296875 0.1609375 0.1359375
0 0.42421875 0.60546875 0.1453125 0.1734375
0 0.10546875 0.39921875 0.1578125 0.146875
0 0.115625 0.278125 0.13203125 0.1453125
0 0.31796875 0.30234375 0.14296875 0.16484375
0 0.4359375 0.25078125 0.15859375 0.16484375
0 0.43203125 0.39453125 0.1734375 0.17109375
0 0.53984375 0.3109375 0.15625 0.14375
0 0.6421875 0.2640625 0.16875 0.16484375
0 0.74765625 0.21640625 0.140625 0.1421875
0 0.85 0.27109375 0.16015625 0.14375
0 0.7296875 0.32734375 0.1234375 0.134375
0 0.6421875 0.3921875 0.1734375 0.16484375
0 0.94375 0.34765625 0.1125 0.1625
0 0.92578125 0.47109375 0.14765625 0.1734375
0 0.8296875 0.5234375 0.14296875 0.15
0 0.9265625 0.58203125 0.146875 0.11015625
0 0.92578125 0.6921875 0.14765625 0.14375
0 0.73515625 0.69375 0.1609375 0.16484375
0 0.71484375 0.8078125 0.1015625 0.1109375
0 0.83359375 0.7578125 0.1703125 0.1609375
0 0.93125 0.94453125 0.1375 0.11015625
0 0.19140625 0.9484375 0.12421875 0.103125
0 0.0828125 0.8953125 0.15 0.13125
0 0.64609375 0.1390625 0.12421875 0.13359375
0 0.77109375 0.0921875 0.15 0.1796875
0 0.859375 0.1546875 0.134375 0.11953125
0 0.94140625 0.09296875 0.1171875 0.1484375
0 0.29609375 0.44921875 0.15390625 0.18203125
0 0.121875 0.16875 0.165625 0.14921875
0 0.51640625 0.56171875 0.16875 0.178125
0 0.72734375 0.4453125 0.1609375 0.16484375
0 0.7328125 0.5640625 0.1390625 0.14375
0 0.40390625 0.7359375 0.153125 0.17578125
0 0.21796875 0.359375 0.153125 0.140625
0 0.93828125 0.21328125 0.1234375 0.14375
0 0.4453125 0.1296875 0.14765625 0.14921875