0 0.640625 0.7921875 0.10625 0.11171875
0 0.7828125 0.93125 0.05390625 0.05390625
0 0.91328125 0.96328125 0.0890625 0.0734375
0 0.97109375 0.6609375 0.0578125 0.25078125
0 0.77578125 0.5109375 0.1390625 0.09921875
0 0.66640625 0.453125 0.078125 0.0765625
0 0.21640625 0.628125 0.12890625 0.13828125
0 0.0140625 0.4125 0.028125 0.12109375
0 0.1734375 0.1953125 0.06875 0.08359375
0 0.225 0.19140625 0.0515625 0.0546875
0 0.271875 0.18671875 0.08828125 0.09375
0 0.26328125 0.26796875 0.0875 0.08828125
0 0.39609375 0.1734375 0.15625 0.175
0 0.275 0.09453125 0.07578125 0.08828125
0 0.21171875 0.06171875 0.08203125 0.0859375
0 0.02890625 0.01328125 0.05703125 0.0265625
0 0.08359375 0.0765625 0.0734375 0.1046875
0 0.14375 0.05 0.08984375 0.1
0 0.03515625 0.16796875 0.0703125 0.11640625
0 0.103125 0.15703125 0.06484375 0.071875
0 0.5484375 0.525 0.103125 0.09453125
0 0.721875 0.815625 0.08984375 0.0890625
0 0.79140625 0.8671875 0.08671875 0.084375
0 0.40390625 0.2734375 0.1046875 0.078125