0 0.3453125 0.06953125 0.20390625 0.1390625
0 0.5328125 0.75078125 0.2140625 0.1765625
0 0.0859375 0.06953125 0.171875 0.1390625
0 0.31875 0.21171875 0.18203125 0.16484375
0 0.4609375 0.1375 0.1921875 0.16015625
0 0.028125 0.2515625 0.05625 0.19140625
0 0.0953125 0.903125 0.190625 0.19296875
0 0.0703125 0.79296875 0.140625 0.171875
0 0.0796875 0.65078125 0.159375 0.1515625
0 0.07578125 0.49375 0.1515625 0.15625
0 0.08671875 0.35234375 0.17265625 0.15546875
0 0.09296875 0.20859375 0.18515625 0.18125
0 0.01953125 0.09609375 0.0390625 0.16953125
0 0.20859375 0.121875 0.178125 0.1953125
0 0.20390625 0.2734375 0.1875 0.16328125
0 0.19140625 0.41796875 0.20234375 0.1578125
0 0.1765625 0.56953125 0.20390625 0.209375
0 0.18203125 0.7390625 0.17890625 0.178125
0 0.31640625 0.75078125 0.18515625 0.17421875
0 0.4515625 0.29609375 0.20703125 0.184375
0 0.33125 0.3375 0.18671875 0.1625
0 0.32890625 0.47578125 0.159375 0.17578125
0 0.3265625 0.6015625 0.16015625 0.15859375
0 0.45546875 0.50546875 0.171875 0.22734375
0 0.2671875 0.9484375 0.1796875 0.103125
0 0.409375 0.91875 0.21875 0.16171875
0 0.53359375 0.875 0.184375 0.1328125
0 0.53046875 0.97109375 0.184375 0.05703125
0 0.59296875 0.09609375 0.21328125 0.1921875
0 0.57734375 0.346875 0.19453125 0.2046875
0 0.61015625 0.5125 0.20859375 0.20234375
0 0.69296875 0.8328125 0.184375 0.20390625
0 0.7078125 0.94296875 0.2546875 0.1140625
0 0.8390625 0.83671875 0.1875 0.19921875
0 0.890625 0.9046875 0.21875 0.190625
0 0.89375 0.67578125 0.2125 0.18828125
0 0.7109375 0.3171875 0.16875 0.18671875
0 0.71640625 0.18125 0.19765625 0.15703125
0 0.7359375 0.05859375 0.16484375 0.1171875
0 0.8515625 0.0890625 0.184375 0.1484375
0 0.85625 0.24453125 0.17578125 0.1859375
0 0.83359375 0.38828125 0.17421875 0.18671875
0 0.9296875 0.4765625 0.140625 0.1859375
0 0.93359375 0.32421875 0.1328125 0.1796875
0 0.94375 0.171875 0.11171875 0.11875
0 0.94921875 0.05625 0.1015625 0.1125
0 0.95 0.83359375 0.09921875 0.18984375