0 0.09921875 0.95703125 0.17890625 0.0859375
0 0.8671875 0.95703125 0.16015625 0.0859375
0 0.9796875 0.49453125 0.040625 0.16328125
0 0.60234375 0.22421875 0.16953125 0.1578125
0 0.07578125 0.04921875 0.15078125 0.09765625
0 0.16328125 0.05390625 0.14921875 0.1078125
0 0.85859375 0.0296875 0.165625 0.059375
0 0.73359375 0.05703125 0.159375 0.1140625
0 0.62109375 0.09140625 0.159375 0.1578125
0 0.50390625 0.1015625 0.15703125 0.15234375
0 0.2875 0.03359375 0.15 0.0671875
0 0.2734375 0.12890625 0.17265625 0.16796875
0 0.13203125 0.12109375 0.1953125 0.1421875
0 0.06953125 0.253125 0.1390625 0.16328125
0 0.08984375 0.346875 0.1796875 0.16328125
0 0.90234375 0.27578125 0.075 0.05703125
0 0.8296875 0.0953125 0.17265625 0.15
0 0.93203125 0.178125 0.1359375 0.1828125
0 0.83671875 0.22578125 0.14765625 0.1421875
0 0.72109375 0.28671875 0.15390625 0.1578125
0 0.70703125 0.41171875 0.1453125 0.1296875
0 0.609375 0.34296875 0.19296875 0.175
0 0.92265625 0.56171875 0.15390625 0.16796875
0 0.8234375 0.48046875 0.1828125 0.1453125
0 0.728125 0.546875 0.17890625 0.15234375
0 0.215625 0.46640625 0.14765625 0.1265625
0 0.07890625 0.57421875 0.15703125 0.1515625
0 0.20234375 0.565625 0.1875 0.1421875
0 0.3296875 0.5734375 0.13984375 0.1140625
0 0.471875 0.58125 0.1734375 0.1390625
0 0.47265625 0.69453125 0.17265625 0.14140625
0 0.31953125 0.6703125 0.15703125 0.15703125
0 0.18984375 0.67265625 0.15546875 0.15390625
0 0.0625 0.68359375 0.125 0.1421875
0 0.228125 0.771875 0.159375 0.13984375
0 0.71875 0.9390625 0.14921875 0.121875
0 0.24375 0.95234375 0.15546875 0.0953125
0 0.08984375 0.790625 0.15234375 0.1203125
0 0.73359375 0.68359375 0.1828125 0.16328125
0 0.85078125 0.61875 0.1515625 0.15234375
0 0.93203125 0.71015625 0.1359375 0.1765625
0 0.97421875 0.80390625 0.0515625 0.1828125
0 0.92109375 0.85234375 0.121875 0.1421875
0 0.7125 0.803125 0.1578125 0.1421875
0 0.58671875 0.73984375 0.159375 0.14375
0 0.48359375 0.9421875 0.15390625 0.115625
0 0.490625 0.82578125 0.18046875 0.1578125
0 0.375 0.78046875 0.17578125 0.15
0 0.21328125 0.8734375 0.165625 0.14375
0 0.08046875 0.89296875 0.1609375 0.14375
0 0.3796875 0.34921875 0.18359375 0.1515625
0 0.49140625 0.278125 0.14921875 0.16875
0 0.71953125 0.1671875 0.15234375 0.13125
0 0.58984375 0.621875 0.1875 0.140625
0 0.60390625 0.48984375 0.15234375 0.16015625
0 0.921875 0.43359375 0.15625 0.15390625
0 0.0765625 0.4703125 0.153125 0.134375
0 0.79296875 0.9046875 0.17421875 0.165625
0 0.38671875 0.0734375 0.146875 0.14609375
0 0.3390625 0.46796875 0.1546875 0.15234375
0 0.825 0.76328125 0.16484375 0.16484375
0 0.94140625 0.06171875 0.1171875 0.1234375
0 0.471875 0.465625 0.17265625 0.171875
0 0.978125 0.62734375 0.04375 0.15078125
0 0.22265625 0.359375 0.15390625 0.14921875
0 0.60390625 0.88515625 0.16640625 0.1515625
0 0.18515625 0.23203125 0.16015625 0.15625
0 0.38359375 0.22109375 0.1671875 0.13125
0 0.8234375 0.35859375 0.18671875 0.14609375
0 0.94921875 0.9453125 0.1015625 0.109375
0 0.33984375 0.90234375 0.19453125 0.13984375