0 0.25625 0.4390625 0.14921875 0.378125
0 0.834375 0.65 0.17265625 0.3953125
0 0.70859375 0.49453125 0.15703125 0.36015625
0 0.83046875 0.3796875 0.16875 0.31796875
0 0.92578125 0.25234375 0.1484375 0.3046875
0 0.84375 0.1390625 0.165625 0.278125
0 0.725 0.22421875 0.1703125 0.31328125
0 0.59375 0.1390625 0.165625 0.278125
0 0.04609375 0.44453125 0.0921875 0.2953125
0 0.590625 0.35859375 0.15234375 0.29765625
0 0.49609375 0.20859375 0.153125 0.31796875
0 0.475 0.4890625 0.1296875 0.33125
0 0.46796875 0.67734375 0.140625 0.19453125
0 0.36015625 0.56796875 0.15859375 0.346875
0 0.3671875 0.3390625 0.153125 0.29765625
0 0.27890625 0.1875 0.175 0.37421875
0 0.05546875 0.1625 0.1109375 0.325
0 0.128125 0.296875 0.1546875 0.396875
0 0.92421875 0.5421875 0.1515625 0.38671875
0 0.928125 0.80546875 0.14375 0.3046875
0 0.58671875 0.63359375 0.153125 0.33359375