0 0.58359375 0.50546875 0.18671875 0.18125
0 0.6453125 0.94765625 0.15703125 0.1046875
0 0.48984375 0.96328125 0.1453125 0.0734375
0 0.05234375 0.11171875 0.10390625 0.146875
0 0.26171875 0.078125 0.14296875 0.13984375
0 0.5671875 0.0484375 0.175 0.096875
0 0.2453125 0.17578125 0.13828125 0.12265625
0 0.36640625 0.1625 0.146875 0.15703125
0 0.709375 0.40234375 0.1640625 0.1625
0 0.05859375 0.24921875 0.1171875 0.1625
0 0.0453125 0.38203125 0.090625 0.14375
0 0.0625 0.51015625 0.125 0.14921875
0 0.26328125 0.378125 0.13203125 0.125
0 0.1625 0.4328125 0.17578125 0.16015625
0 0.09453125 0.4015625 0.125 0.1265625
0 0.14296875 0.296875 0.15390625 0.14921875
0 0.2546875 0.28359375 0.16953125 0.16015625
0 0.0625 0.64375 0.125 0.1625
0 0.16328125 0.57109375 0.17734375 0.175
0 0.1828125 0.94453125 0.140625 0.1109375
0 0.06953125 0.91171875 0.13828125 0.13203125
0 0.07578125 0.7796875 0.15078125 0.17890625
0 0.16875 0.8328125 0.15390625 0.1515625
0 0.328125 0.51796875 0.14140625 0.13984375
0 0.4390625 0.56015625 0.1296875 0.13203125
0 0.43984375 0.43984375 0.14140625 0.14140625
0 0.4890625 0.34765625 0.16015625 0.1265625
0 0.5859375 0.26171875 0.1484375 0.14296875
0 0.83046875 0.184375 0.14140625 0.13203125
0 0.70234375 0.12890625 0.17578125 0.15703125
0 0.82734375 0.303125 0.1625 0.15625
0 0.85 0.44609375 0.13359375 0.15625
0 0.1703125 0.69453125 0.13359375 0.146875
0 0.85234375 0.5953125 0.16171875 0.171875
0 0.7125 0.5328125 0.18515625 0.1515625
0 0.38046875 0.6859375 0.175 0.16953125
0 0.2859375 0.75390625 0.1640625 0.15625
0 0.2765625 0.88828125 0.1484375 0.1453125
0 0.38828125 0.9265625 0.1671875 0.146875
0 0.38515625 0.81796875 0.12265625 0.1265625
0 0.47734375 0.81875 0.11484375 0.1109375
0 0.5953125 0.6453125 0.1890625 0.165625
0 0.734375 0.6625 0.16796875 0.14921875
0 0.8640625 0.7140625 0.16953125 0.13203125
0 0.4734375 0.73203125 0.1640625 0.13984375
0 0.4828125 0.88984375 0.16171875 0.13046875
0 0.5875 0.78046875 0.17890625 0.1671875
0 0.61796875 0.8546875 0.17890625 0.1640625
0 0.73046875 0.7953125 0.1703125 0.1546875
0 0.85703125 0.83046875 0.15859375 0.14140625
0 0.7453125 0.9171875 0.15625 0.13828125
0 0.84296875 0.9296875 0.15859375 0.13984375
0 0.13359375 0.05703125 0.1515625 0.1140625
0 0.35390625 0.05078125 0.15234375 0.1015625
0 0.37578125 0.315625 0.1515625 0.16015625
0 0.5828125 0.14609375 0.15703125 0.14140625
0 0.0453125 0.0296875 0.08984375 0.059375
0 0.28203125 0.6296875 0.128125 0.1203125
0 0.47890625 0.2171875 0.13125 0.13515625
0 0.1453125 0.165625 0.13515625 0.13984375
0 0.7109375 0.2625 0.16015625 0.134375
0 0.70390625 0.03125 0.1390625 0.0625
0 0.46875 0.08515625 0.13828125 0.16171875
0 0.48359375 0.61640625 0.15625 0.1265625