0 0.928125 0.621875 0.0953125 0.14765625
0 0.34765625 0.91328125 0.2203125 0.1734375
0 0.52578125 0.55625 0.23515625 0.13984375
0 0.5359375 0.6703125 0.1328125 0.1359375
0 0.48828125 0.8078125 0.2359375 0.215625
0 0.053125 0.65078125 0.10625 0.2328125
0 0.15078125 0.30234375 0.1484375 0.19921875
0 0.22890625 0.4046875 0.1234375 0.19765625
0 0.3265625 0.325 0.121875 0.1203125
0 0.37421875 0.4765625 0.1953125 0.17734375
0 0.4703125 0.40703125 0.18984375 0.209375
0 0.63828125 0.39375 0.171875 0.2390625
0 0.51484375 0.13828125 0.08203125 0.08828125
0 0.57578125 0.14140625 0.0796875 0.0859375
0 0.471875 0.2078125 0.05625 0.0484375
0 0.409375 0.1796875 0.121875 0.11171875
0 0.33515625 0.06796875 0.05078125 0.0453125
0 0.190625 0.034375 0.075 0.05078125
0 0.2234375 0.01015625 0.046875 0.0203125
0 0.634375 0.03203125 0.14765625 0.06328125
0 0.32109375 0.165625 0.15390625 0.15
0 0.21015625 0.13125 0.14609375 0.15703125
0 0.14140625 0.53359375 0.1953125 0.18203125
0 0.76484375 0.5328125 0.1546875 0.15546875
0 0.15625 0.73671875 0.17421875 0.1734375
0 0.8421875 0.6515625 0.12421875 0.15390625
0 0.4609375 0.05546875 0.13203125 0.11015625
0 0.77109375 0.95703125 0.12109375 0.0859375
0 0.0203125 0.7703125 0.040625 0.12578125
0 0.76328125 0.69140625 0.0921875 0.090625
0 0.1765625 0.9703125 0.1515625 0.059375
0 0.278125 0.26171875 0.109375 0.10078125
0 0.6296875 0.9546875 0.14375 0.090625
0 0.9640625 0.74765625 0.071875 0.1265625
0 0.08828125 0.91171875 0.16484375 0.1765625
0 0.4703125 0.2796875 0.1171875 0.10703125
0 0.03515625 0.12109375 0.0703125 0.1125
0 0.5046875 0.01484375 0.13125 0.0296875
0 0.11953125 0.01484375 0.0796875 0.0296875