0 0.753125 0.8140625 0.29765625 0.3484375
0 0.4515625 0.93046875 0.16328125 0.1390625
0 0.24375 0.7921875 0.21171875 0.2046875
0 0.0734375 0.9203125 0.146875 0.159375
0 0.178125 0.96015625 0.2265625 0.07890625
0 0.2703125 0.9453125 0.1109375 0.109375
0 0.15546875 0.8625 0.05390625 0.0453125
0 0.1890625 0.9015625 0.08125 0.09375
0 0.24375 0.903125 0.125 0.0953125
0 0.5671875 0.51796875 0.084375 0.05390625
0 0.96484375 0.2484375 0.0546875 0.06171875
0 0.77265625 0.06875 0.1 0.090625
0 0.2703125 0.62421875 0.20703125 0.1734375
0 0.02421875 0.821875 0.04765625 0.05390625