0 0.67890625 0.984375 0.1375 0.03125
0 0.7421875 0.9625 0.1453125 0.075
0 0.0890625 0.440625 0.11796875 0.10390625
0 0.01171875 0.48984375 0.0234375 0.14921875
0 0.209375 0.01328125 0.121875 0.0265625
0 0.78515625 0.0859375 0.11328125 0.10234375
0 0.63359375 0.65390625 0.1453125 0.17421875
0 0.63984375 0.52109375 0.1578125 0.1546875
0 0.528125 0.584375 0.17578125 0.1734375
0 0.07265625 0.93984375 0.1453125 0.1203125
0 0.92578125 0.94765625 0.14765625 0.10390625
0 0.8671875 0.9296875 0.15078125 0.134375
0 0.95703125 0.87421875 0.08515625 0.165625
0 0.9640625 0.7453125 0.07109375 0.1328125
0 0.88671875 0.8 0.184375 0.17578125
0 0.76171875 0.7265625 0.1328125 0.109375
0 0.96796875 0.6 0.0640625 0.1875
0 0.96484375 0.4765625 0.0703125 0.14375
0 0.88125 0.39375 0.17734375 0.16328125
0 0.74140625 0.4390625 0.12578125 0.12890625
0 0.66171875 0.39921875 0.14921875 0.159375
0 0.9640625 0.34765625 0.07109375 0.18671875
0 0.94921875 0.19609375 0.1015625 0.1453125
0 0.89453125 0.2671875 0.15390625 0.16328125
0 0.78203125 0.3203125 0.1578125 0.17890625
0 0.66484375 0.25 0.16875 0.17890625
0 0.840625 0.03359375 0.15390625 0.0671875
0 0.6734375 0.028125 0.1875 0.05625
0 0.6734375 0.12109375 0.14296875 0.14296875
0 0.546875 0.17734375 0.16015625 0.16328125
0 0.4640625 0.03125 0.1546875 0.0625
0 0.43125 0.2390625 0.16328125 0.17109375
0 0.30859375 0.2953125 0.16171875 0.15625
0 0.41640625 0.5046875 0.15390625 0.16328125
0 0.30625 0.4296875 0.1828125 0.184375
0 0.51015625 0.84765625 0.15390625 0.13515625
0 0.5140625 0.95234375 0.17109375 0.0953125
0 0.396875 0.90859375 0.15390625 0.1578125
0 0.2796875 0.94296875 0.159375 0.1140625
0 0.16796875 0.89375 0.16484375 0.1703125
0 0.03515625 0.65234375 0.0703125 0.190625
0 0.17890625 0.6375 0.18828125 0.17421875
0 0.178125 0.49296875 0.1546875 0.1734375
0 0.51171875 0.7171875 0.16796875 0.15625
0 0.0796875 0.0453125 0.1484375 0.08984375
0 0.5265625 0.45703125 0.18984375 0.17890625
0 0.05859375 0.825 0.1171875 0.1703125
0 0.075 0.16171875 0.13828125 0.1390625
0 0.16171875 0.77421875 0.16015625 0.1609375
0 0.31171875 0.165625 0.15078125 0.16328125
0 0.8765625 0.67265625 0.1640625 0.14140625
0 0.77109375 0.19609375 0.15 0.15078125
0 0.06328125 0.5515625 0.1265625 0.153125
0 0.5296875 0.321875 0.19140625 0.15390625
0 0.91328125 0.03125 0.1421875 0.0625
0 0.01875 0.07109375 0.03671875 0.14140625
0 0.8859375 0.54140625 0.20859375 0.1875
0 0.390625 0.7796875 0.14765625 0.146875
0 0.42890625 0.10546875 0.159375 0.14921875
0 0.27421875 0.7015625 0.16953125 0.16171875
0 0.7359375 0.8546875 0.175 0.18125
0 0.40546875 0.37734375 0.16171875 0.1546875
0 0.0734375 0.284375 0.12734375 0.13203125
0 0.55234375 0.0625 0.1640625 0.125
0 0.16875 0.35703125 0.16328125 0.159375
0 0.01328125 0.18984375 0.0265625 0.11484375
0 0.29140625 0.56640625 0.14453125 0.13828125
0 0.19296875 0.2140625 0.1828125 0.15546875
0 0.27578125 0.84140625 0.146875 0.1453125
0 0.8859375 0.1328125 0.1546875 0.14140625
0 0.62265625 0.78984375 0.16328125 0.15
0 0.2953125 0.0484375 0.134375 0.096875
0 0.39140625 0.63671875 0.13828125 0.13125