0 0.9875 0.059375 0.025 0.06015625
0 0.9625 0.03671875 0.04375 0.0578125
0 0.9546875 0.015625 0.0515625 0.03125
0 0.67578125 0.2796875 0.12421875 0.1453125
0 0.87109375 0.234375 0.1609375 0.13125
0 0.83125 0.1046875 0.20625 0.19609375
0 0.56796875 0.096875 0.1828125 0.175
0 0.56875 0.20859375 0.13515625 0.128125
0 0.4765625 0.0796875 0.1203125 0.12578125
0 0.5796875 0.3015625 0.096875 0.09765625
0 0.58125 0.403125 0.13359375 0.1078125
0 0.9203125 0.5078125 0.109375 0.1125
0 0.94921875 0.815625 0.08125 0.05859375
0 0.31796875 0.7828125 0.07109375 0.07734375
0 0.27890625 0.82265625 0.0421875 0.03984375
0 0.2296875 0.903125 0.0390625 0.0421875
0 0.3 0.90859375 0.05078125 0.0515625
0 0.39765625 0.8578125 0.0921875 0.10703125
0 0.6921875 0.90078125 0.04375 0.04921875
0 0.69140625 0.73046875 0.16328125 0.13984375
0 0.6765625 0.6390625 0.0796875 0.065625
0 0.58046875 0.61328125 0.103125 0.0875
0 0.475 0.6671875 0.153125 0.16484375
0 0.35703125 0.67109375 0.134375 0.125
0 0.3390625 0.57265625 0.0734375 0.0734375
0 0.346875 0.50546875 0.0765625 0.0875
0 0.44453125 0.478125 0.11953125 0.13125
0 0.06875 0.490625 0.0484375 0.06953125
0 0.05703125 0.584375 0.1140625 0.134375
0 0.16953125 0.55703125 0.0921875 0.11953125
0 0.359375 0.3625 0.065625 0.07421875
0 0.39609375 0.25390625 0.05546875 0.0625
0 0.0640625 0.20390625 0.09375 0.08203125
0 0.14375 0.33984375 0.071875 0.09453125
0 0.56640625 0.71484375 0.09453125 0.103125
0 0.27734375 0.5015625 0.10625 0.11328125
0 0.6890625 0.8296875 0.125 0.10703125
0 0.28046875 0.21015625 0.103125 0.109375
0 0.9578125 0.3953125 0.084375 0.090625
0 0.23125 0.609375 0.0875 0.06953125
0 0.296875 0.3390625 0.1078125 0.12734375
0 0.21875 0.4015625 0.0484375 0.04765625
0 0.07109375 0.03828125 0.0953125 0.0765625
0 0.22734375 0.1546875 0.103125 0.084375
0 0.65234375 0.040625 0.0984375 0.08125
0 0.02578125 0.50703125 0.0515625 0.0921875
0 0.05 0.12578125 0.1 0.13828125
0 0.3296875 0.25546875 0.09375 0.0921875
0 0.60234375 0.86015625 0.1046875 0.11796875
0 0.21171875 0.23359375 0.103125 0.1
0 0.43828125 0.38125 0.08203125 0.0859375
0 0.765625 0.38203125 0.11875 0.13671875
0 0.528125 0.80078125 0.08828125 0.11640625
0 0.79375 0.59765625 0.07890625 0.06640625
0 0.69375 0.1140625 0.0953125 0.13984375
0 0.8109375 0.5015625 0.13984375 0.1265625