0 0.659375 0.12890625 0.1171875 0.14296875
0 0.775 0.31171875 0.15859375 0.13828125
0 0.440625 0.059375 0.1734375 0.11875
0 0.5609375 0.3 0.1625 0.15390625
0 0.4140625 0.3171875 0.1296875 0.1359375
0 0.2515625 0.0765625 0.15625 0.1234375
0 0.0546875 0.1890625 0.10859375 0.15
0 0.875 0.3765625 0.1515625 0.1703125
0 0.8015625 0.071875 0.153125 0.14296875
0 0.66015625 0.24765625 0.14296875 0.13359375
0 0.5765625 0.18359375 0.1390625 0.1234375
0 0.35390625 0.13046875 0.1296875 0.13203125
0 0.3640625 0.3859375 0.18828125 0.1265625
0 0.2625 0.5875 0.17109375 0.13671875
0 0.66015625 0.36640625 0.1515625 0.15390625
0 0.62890625 0.48671875 0.14375 0.15546875
0 0.15078125 0.5109375 0.16015625 0.140625
0 0.45 0.48046875 0.13828125 0.16015625
0 0.34453125 0.50625 0.1390625 0.1625
0 0.55078125 0.5328125 0.13203125 0.140625
0 0.47734375 0.6 0.13671875 0.1359375
0 0.2546875 0.69140625 0.1671875 0.140625
0 0.06953125 0.7 0.1390625 0.13359375
0 0.06796875 0.60390625 0.1359375 0.1625
0 0.14453125 0.3828125 0.153125 0.13828125
0 0.2421875 0.325 0.15 0.13671875
0 0.14609375 0.25546875 0.13828125 0.1390625
0 0.06015625 0.30859375 0.11953125 0.14140625
0 0.4625 0.2 0.17890625 0.1859375
0 0.91171875 0.60078125 0.09296875 0.08125
0 0.2453125 0.9328125 0.1078125 0.115625
0 0.86875 0.71015625 0.16328125 0.15859375
0 0.24375 0.20078125 0.1546875 0.1578125
0 0.88671875 0.26015625 0.159375 0.1390625
0 0.896875 0.13125 0.1375 0.146875
0 0.78828125 0.5484375 0.13046875 0.1234375
0 0.1265625 0.1390625 0.15546875 0.153125
0 0.66015625 0.64609375 0.09375 0.09453125
0 0.74921875 0.42890625 0.16015625 0.14140625
0 0.38359375 0.6078125 0.13359375 0.13359375
0 0.59609375 0.06640625 0.1578125 0.13203125
0 0.2671875 0.4625 0.14140625 0.1484375
0 0.77578125 0.19375 0.175 0.1609375
0 0.340625 0.25546875 0.1296875 0.15546875
0 0.15234375 0.646875 0.153125 0.1421875
0 0.53359375 0.4234375 0.1421875 0.140625
0 0.0609375 0.45 0.12109375 0.1703125
0 0.0625 0.8265625 0.12421875 0.16875
0 0.96875 0.08515625 0.0625 0.13203125
0 0.0484375 0.91640625 0.096875 0.16640625
0 0.7171875 0.61875 0.12265625 0.153125
0 0.9734375 0.5171875 0.0515625 0.06875
0 0.9515625 0.6703125 0.05 0.0703125
0 0.97890625 0.6546875 0.040625 0.06015625
0 0.9796875 0.71015625 0.03984375 0.09296875
0 0.95546875 0.84765625 0.05703125 0.05546875
0 0.946875 0.87890625 0.065625 0.0609375
0 0.9 0.88984375 0.0578125 0.0421875
0 0.871875 0.803125 0.090625 0.06796875
0 0.2296875 0.87421875 0.30390625 0.2515625
0 0.35859375 0.7546875 0.2125 0.2078125
0 0.6125 0.90078125 0.2921875 0.1984375
0 0.421875 0.93125 0.11640625 0.13671875
0 0.828125 0.95 0.04765625 0.028125
0 0.79375 0.90234375 0.03203125 0.04296875
0 0.51328125 0.74921875 0.12421875 0.140625