0 0.6484375 0.34140625 0.0984375 0.10390625
0 0.91875 0.646875 0.16171875 0.246875
0 0.865625 0.8171875 0.13671875 0.12265625
0 0.96953125 0.80234375 0.0609375 0.12421875
0 0.97578125 0.94140625 0.0484375 0.1171875
0 0.8890625 0.95625 0.13125 0.0875
0 0.76796875 0.95078125 0.1234375 0.0984375
0 0.60234375 0.88203125 0.25234375 0.2140625
0 0.49140625 0.94921875 0.24375 0.1015625
0 0.30390625 0.92109375 0.2078125 0.15703125
0 0.16484375 0.96953125 0.16015625 0.0609375
0 0.19375 0.8765625 0.12890625 0.14140625
0 0.075 0.846875 0.14921875 0.23984375
0 0.18359375 0.659375 0.1953125 0.253125
0 0.03125 0.65390625 0.06171875 0.06953125
0 0.02421875 0.6375 0.0484375 0.22265625
0 0.065625 0.390625 0.13125 0.13671875
0 0.18515625 0.21328125 0.1203125 0.2203125
0 0.1296875 0.04296875 0.1515625 0.0859375
0 0.39296875 0.03984375 0.1234375 0.0796875
0 0.5984375 0.5390625 0.13125 0.115625
0 0.51875 0.66796875 0.165625 0.17265625
0 0.503125 0.090625 0.12421875 0.11328125
0 0.690625 0.41171875 0.12734375 0.1296875
0 0.3515625 0.7484375 0.1671875 0.15625
0 0.53203125 0.2546875 0.1609375 0.1765625