0 0.62109375 0.8859375 0.153125 0.14375
0 0.25234375 0.0609375 0.1625 0.121875
0 0.1359375 0.0859375 0.15 0.15546875
0 0.24765625 0.140625 0.1453125 0.1390625
0 0.35625 0.19453125 0.146875 0.16015625
0 0.30859375 0.315625 0.1828125 0.13828125
0 0.24375 0.24375 0.1578125 0.13359375
0 0.64140625 0.4125 0.1359375 0.134375
0 0.540625 0.35078125 0.1390625 0.13359375
0 0.42890625 0.38984375 0.140625 0.153125
0 0.415625 0.51875 0.1578125 0.1390625
0 0.334375 0.45859375 0.11875 0.15
0 0.54140625 0.465625 0.153125 0.153125
0 0.6484375 0.515625 0.15625 0.1359375
0 0.74140625 0.59375 0.184375 0.16484375
0 0.84140625 0.65625 0.17578125 0.15
0 0.93125 0.734375 0.1375 0.1578125
0 0.9296875 0.86328125 0.140625 0.15625
0 0.70234375 0.9453125 0.14765625 0.10859375
0 0.83046875 0.9015625 0.20625 0.1625
0 0.828125 0.78203125 0.16484375 0.1359375
0 0.740625 0.71640625 0.18046875 0.1265625
0 0.6375 0.6484375 0.1609375 0.1515625
0 0.221875 0.60625 0.15390625 0.13125
0 0.5328125 0.70546875 0.16015625 0.14375
0 0.61953125 0.784375 0.1671875 0.15546875
0 0.509375 0.9359375 0.134375 0.11015625
0 0.29765625 0.9203125 0.15546875 0.128125
0 0.40546875 0.88359375 0.15390625 0.1578125
0 0.41875 0.76171875 0.165625 0.16875
0 0.42265625 0.62109375 0.15625 0.14765625
0 0.31484375 0.68203125 0.1515625 0.165625
0 0.21328125 0.85859375 0.1140625 0.12578125
0 0.10390625 0.9125 0.18828125 0.1578125
0 0.115625 0.665625 0.1671875 0.15390625
0 0.24921875 0.43671875 0.1421875 0.16484375
0 0.20703125 0.72734375 0.13125 0.1421875
0 0.11953125 0.5609375 0.153125 0.128125
0 0.70703125 0.83515625 0.14921875 0.15
0 0.0484375 0.38125 0.09609375 0.1375
0 0.12578125 0.43828125 0.1546875 0.1421875
0 0.0484375 0.26640625 0.096875 0.1390625
0 0.525 0.57890625 0.14375 0.14921875
0 0.10625 0.78984375 0.16328125 0.146875
0 0.11953125 0.2 0.1390625 0.14765625
0 0.13828125 0.3265625 0.16875 0.134375
0 0.0796875 0.790625 0.11171875 0.14609375
0 0.3046875 0.81796875 0.153125 0.15390625
0 0.50234375 0.83828125 0.15625 0.13984375