0 0.09921875 0.96015625 0.1328125 0.0796875
0 0.18046875 0.96640625 0.07890625 0.0671875
0 0.5421875 0.978125 0.1140625 0.04375
0 0.73046875 0.96640625 0.13671875 0.0671875
0 0.9390625 0.9875 0.0421875 0.02421875
0 0.965625 0.93359375 0.06875 0.084375
0 0.81015625 0.89296875 0.0984375 0.11328125
0 0.87421875 0.934375 0.17109375 0.13125
0 0.98046875 0.56796875 0.0390625 0.06875
0 0.8484375 0.78515625 0.1015625 0.10390625
0 0.7765625 0.71875 0.128125 0.146875
0 0.703125 0.7421875 0.0546875 0.0625
0 0.7203125 0.8 0.0828125 0.059375
0 0.55625 0.771875 0.13671875 0.13125
0 0.5421875 0.68046875 0.0671875 0.07578125
0 0.6484375 0.56640625 0.0984375 0.090625
0 0.7640625 0.5125 0.13984375 0.13515625
0 0.85234375 0.5578125 0.1140625 0.134375
0 0.871875 0.475 0.03359375 0.03046875
0 0.8421875 0.42890625 0.06640625 0.05859375
0 0.815625 0.4109375 0.06171875 0.06171875
0 0.8046875 0.32421875 0.03984375 0.04765625
0 0.909375 0.33046875 0.09296875 0.096875
0 0.7640625 0.228125 0.03125 0.03671875
0 0.48515625 0.14453125 0.1515625 0.146875
0 0.50859375 0.28359375 0.075 0.08125
0 0.04375 0.2875 0.0515625 0.040625
0 0.9875 0.62109375 0.02421875 0.10390625
0 0.94609375 0.809375 0.10703125 0.10546875
0 0.9578125 0.6859375 0.08359375 0.1015625
0 0.69921875 0.9125 0.08984375 0.090625
0 0.21875 0.98046875 0.10078125 0.0390625
0 0.67265625 0.67578125 0.08671875 0.08046875
0 0.665625 0.76953125 0.09609375 0.1015625
0 0.92265625 0.52265625 0.07890625 0.08984375