0 0.04609375 0.70625 0.0921875 0.08984375
0 0.35 0.9421875 0.16328125 0.11484375
0 0.0453125 0.0328125 0.0875 0.065625
0 0.12890625 0.03203125 0.1515625 0.0640625
0 0.1359375 0.12265625 0.13203125 0.14296875
0 0.13984375 0.23984375 0.16171875 0.128125
0 0.2140625 0.61328125 0.13984375 0.15078125
0 0.246875 0.8703125 0.1578125 0.1640625
0 0.0828125 0.9578125 0.125 0.084375
0 0.04609375 0.8953125 0.0921875 0.128125
0 0.09375 0.84765625 0.1578125 0.1375
0 0.16484375 0.73984375 0.2015625 0.1671875
0 0.1515625 0.3609375 0.13828125 0.14375
0 0.05703125 0.3765625 0.1140625 0.1578125
0 0.165625 0.49375 0.14609375 0.1421875
0 0.22265625 0.071875 0.1484375 0.14296875
0 0.2578125 0.32890625 0.1421875 0.14609375
0 0.109375 0.64375 0.1515625 0.16171875
0 0.24296875 0.1984375 0.15078125 0.14296875
0 0.0515625 0.11328125 0.103125 0.17734375
0 0.06875 0.503125 0.1375 0.146875
0 0.16953125 0.934375 0.15625 0.13046875