0 0.6546875 0.98046875 0.10859375 0.0390625
0 0.3640625 0.703125 0.09453125 0.11796875
0 0.0640625 0.5921875 0.06328125 0.05390625
0 0.00625 0.3140625 0.01171875 0.03125
0 0.0140625 0.3390625 0.028125 0.034375
0 0.0296875 0.36953125 0.03359375 0.0390625
0 0.09296875 0.28046875 0.078125 0.07734375
0 0.10859375 0.01875 0.07734375 0.03671875
0 0.4921875 0.0078125 0.02734375 0.01484375
0 0.41640625 0.0046875 0.03515625 0.009375
0 0.42265625 0.03828125 0.0390625 0.0359375
0 0.38515625 0.06328125 0.040625 0.034375
0 0.3859375 0.025 0.03671875 0.0359375
0 0.3515625 0.06328125 0.03515625 0.03671875
0 0.3484375 0.09921875 0.04453125 0.0359375
0 0.30703125 0.090625 0.03515625 0.03515625
0 0.290625 0.153125 0.040625 0.040625
0 0.25703125 0.1390625 0.0390625 0.03828125
0 0.79765625 0.2984375 0.0765625 0.0890625
0 0.84765625 0.31953125 0.065625 0.0734375
0 0.61484375 0.58359375 0.1765625 0.1875
0 0.78671875 0.53203125 0.1625 0.1640625
0 0.86328125 0.42890625 0.06953125 0.06796875
0 0.63125 0.74921875 0.140625 0.1640625
0 0.9453125 0.26328125 0.109375 0.1125
0 0.97578125 0.41171875 0.0484375 0.1046875
0 0.709375 0.58984375 0.0796875 0.07890625