0 0.90703125 0.4984375 0.1859375 0.17109375
0 0.98359375 0.5765625 0.0328125 0.146875
0 0.16171875 0.4375 0.1296875 0.109375
0 0.0625 0.3828125 0.125 0.16796875
0 0.0390625 0.3328125 0.078125 0.19609375
0 0.053125 0.221875 0.10625 0.1625
0 0.584375 0.50390625 0.1625 0.11171875
0 0.4125 0.45390625 0.19609375 0.15078125
0 0.64375 0.18671875 0.11875 0.13359375
0 0.865625 0.01953125 0.13359375 0.0390625
0 0.7703125 0.02109375 0.11796875 0.0421875
0 0.246875 0.0375 0.13125 0.075
0 0.08515625 0.02734375 0.1703125 0.0546875
0 0.96171875 0.25390625 0.0765625 0.1546875
0 0.9375 0.1546875 0.125 0.17421875
0 0.85625 0.1125 0.15 0.17578125
0 0.75234375 0.1078125 0.159375 0.1875
0 0.65546875 0.07578125 0.15859375 0.15078125
0 0.78828125 0.43828125 0.221875 0.2265625
0 0.95546875 0.39609375 0.0890625 0.2015625
0 0.79609375 0.27421875 0.19453125 0.19140625
0 0.66875 0.3296875 0.15234375 0.1640625
0 0.5171875 0.265625 0.17421875 0.1859375
0 0.5296875 0.11796875 0.190625 0.18125
0 0.30390625 0.1125 0.18125 0.17578125
0 0.16640625 0.16484375 0.1765625 0.17890625
0 0.290625 0.24296875 0.15546875 0.13828125
0 0.40546875 0.19375 0.1796875 0.1671875
0 0.88828125 0.33515625 0.19140625 0.1625
0 0.546875 0.03125 0.15078125 0.0625
0 0.16875 0.30546875 0.16875 0.159375
0 0.27265625 0.3859375 0.13203125 0.1390625
0 0.06171875 0.1125 0.12265625 0.1234375