0 0.41640625 0.48671875 0.10859375 0.11484375
0 0.528125 0.42890625 0.09375 0.11484375
0 0.47109375 0.3359375 0.0890625 0.09296875
0 0.68984375 0.43125 0.07265625 0.065625
0 0.6265625 0.3890625 0.0953125 0.1015625
0 0.62734375 0.29609375 0.10625 0.08125
0 0.8390625 0.62890625 0.10625 0.175
0 0.47265625 0.68515625 0.0859375 0.096875
0 0.50390625 0.25078125 0.134375 0.1453125
0 0.72265625 0.33125 0.134375 0.125
0 0.3390625 0.309375 0.11171875 0.11875
0 0.23359375 0.3609375 0.128125 0.13203125
0 0.71953125 0.0984375 0.134375 0.1421875
0 0.3890625 0.1828125 0.1515625 0.1484375
0 0.52578125 0.90234375 0.09609375 0.096875
0 0.96796875 0.6640625 0.040625 0.04765625
0 0.11875 0.21640625 0.1359375 0.14765625
0 0.646875 0.20546875 0.0984375 0.109375
0 0.9390625 0.0484375 0.121875 0.096875
0 0.52421875 0.0484375 0.17734375 0.096875
0 0.41484375 0.375 0.11015625 0.14375
0 0.0640625 0.359375 0.12734375 0.13125
0 0.1359375 0.31953125 0.14453125 0.12890625
0 0.04140625 0.23828125 0.0828125 0.13984375
0 0.2484375 0.24296875 0.13984375 0.12265625
0 0.2046875 0.06328125 0.12578125 0.1234375
0 0.29609375 0.05078125 0.1453125 0.1015625
0 0.1125 0.03515625 0.18203125 0.06953125
0 0.0375 0.08515625 0.075 0.16796875
0 0.11328125 0.11796875 0.14375 0.14140625
0 0.19609375 0.15234375 0.1203125 0.1
0 0.30234375 0.14296875 0.11484375 0.10859375
0 0.41015625 0.06484375 0.1421875 0.125
0 0.51640625 0.1265625 0.16484375 0.14140625
0 0.62578125 0.11015625 0.12890625 0.1578125
0 0.82578125 0.06640625 0.1359375 0.1328125
0 0.7203125 0.20234375 0.1140625 0.128125
0 0.84609375 0.17890625 0.15 0.16171875
0 0.7984375 0.23984375 0.08125 0.1296875
0 0.05390625 0.50234375 0.1078125 0.1703125