0 0.53671875 0.15703125 0.16875 0.16875
0 0.7265625 0.953125 0.18203125 0.09375
0 0.51328125 0.56640625 0.16015625 0.15234375
0 0.2765625 0.4203125 0.1390625 0.15390625
0 0.75546875 0.3109375 0.1796875 0.14609375
0 0.75078125 0.0609375 0.1453125 0.121875
0 0.540625 0.05859375 0.196875 0.1171875
0 0.41484375 0.078125 0.1484375 0.1484375
0 0.30625 0.04765625 0.1875 0.0953125
0 0.171875 0.06953125 0.18515625 0.1390625
0 0.06171875 0.11875 0.1234375 0.16015625
0 0.07109375 0.26328125 0.1421875 0.18515625
0 0.8640625 0.2453125 0.15625 0.15625
0 0.94453125 0.1859375 0.11015625 0.178125
0 0.86953125 0.11328125 0.17109375 0.16015625
0 0.65390625 0.096875 0.178125 0.15234375
0 0.53125 0.30390625 0.1765625 0.1796875
0 0.74921875 0.4421875 0.19296875 0.17421875
0 0.6328125 0.37734375 0.1390625 0.1671875
0 0.2734375 0.5484375 0.1671875 0.1796875
0 0.16328125 0.61171875 0.17265625 0.15390625
0 0.13515625 0.975 0.18359375 0.04921875
0 0.046875 0.940625 0.09375 0.11796875
0 0.06171875 0.81484375 0.1234375 0.178125
0 0.15078125 0.75546875 0.17109375 0.18203125
0 0.2625 0.834375 0.15234375 0.17265625
0 0.61875 0.78125 0.18515625 0.16171875
0 0.5015625 0.70078125 0.140625 0.1796875
0 0.48515625 0.8390625 0.1484375 0.17109375
0 0.9234375 0.87578125 0.15234375 0.190625
0 0.93359375 0.73515625 0.1328125 0.1890625
0 0.83359375 0.80390625 0.18359375 0.18515625
0 0.73515625 0.71953125 0.165625 0.1875
0 0.41484375 0.21484375 0.1890625 0.16796875
0 0.7515625 0.18359375 0.17734375 0.16953125
0 0.3984375 0.50390625 0.1875 0.15390625
0 0.2875 0.3015625 0.16796875 0.16484375
0 0.0578125 0.67421875 0.115625 0.1640625
0 0.0640625 0.54140625 0.128125 0.1671875
0 0.06171875 0.40703125 0.1234375 0.14296875
0 0.16015625 0.33984375 0.165625 0.1484375
0 0.16875 0.20234375 0.175 0.1671875
0 0.8546875 0.66640625 0.16953125 0.16640625
0 0.38359375 0.77578125 0.1625 0.17734375
0 0.95703125 0.065625 0.0859375 0.13125
0 0.94921875 0.31953125 0.1015625 0.1875
0 0.41015625 0.37265625 0.18125 0.190625
0 0.28984375 0.1484375 0.17578125 0.17265625
0 0.39375 0.64765625 0.2015625 0.16875
0 0.74140625 0.5671875 0.17109375 0.1796875
0 0.95078125 0.471875 0.09765625 0.16171875
0 0.48359375 0.95078125 0.19296875 0.09765625
0 0.240625 0.94453125 0.165625 0.11015625
0 0.6171875 0.634375 0.165625 0.18125
0 0.159375 0.484375 0.171875 0.171875
0 0.7296875 0.859375 0.1625 0.15703125
0 0.903125 0.96171875 0.19375 0.0765625
0 0.6015625 0.91796875 0.18515625 0.1640625
0 0.3546875 0.98203125 0.178125 0.0359375
0 0.8609375 0.38671875 0.1859375 0.17265625
0 0.13671875 0.89609375 0.15625 0.15234375
0 0.26953125 0.68671875 0.13671875 0.1578125
0 0.865625 0.525 0.15859375 0.1546875
0 0.52421875 0.44765625 0.1890625 0.1484375
0 0.36640625 0.90390625 0.1609375 0.1421875
0 0.63359375 0.24296875 0.16328125 0.15234375