0 0.9109375 0.1421875 0.13203125 0.16171875
0 0.9734375 0.2984375 0.04453125 0.05703125
0 0.9546875 0.2578125 0.05078125 0.05078125
0 0.98046875 0.25390625 0.03828125 0.059375
0 0.91640625 0.26015625 0.05 0.05078125
0 0.953125 0.22109375 0.07890625 0.0453125
0 0.8375 0.20078125 0.059375 0.06484375
0 0.86328125 0.2453125 0.046875 0.0421875
0 0.7703125 0.278125 0.046875 0.03984375
0 0.71875 0.35703125 0.08359375 0.07421875
0 0.7171875 0.41484375 0.0421875 0.0296875
0 0.70859375 0.440625 0.0578125 0.05703125
0 0.6453125 0.4859375 0.11328125 0.10859375
0 0.1984375 0.9453125 0.1171875 0.096875
0 0.3078125 0.68359375 0.084375 0.08828125
0 0.36640625 0.7546875 0.12109375 0.1484375
0 0.27265625 0.83046875 0.1796875 0.2015625
0 0.203125 0.653125 0.16640625 0.18671875
0 0.121875 0.7015625 0.08671875 0.09609375
0 0.040625 0.82890625 0.08125 0.16171875
0 0.0390625 0.92265625 0.078125 0.103125
0 0.49296875 0.6875 0.06015625 0.05
0 0.45859375 0.715625 0.059375 0.05859375
0 0.5296875 0.60625 0.0984375 0.1109375
0 0.61875 0.63828125 0.11015625 0.14375
0 0.746875 0.58203125 0.06484375 0.065625
0 0.71796875 0.54375 0.065625 0.0609375
0 0.76328125 0.6375 0.06015625 0.05859375
0 0.88203125 0.79609375 0.040625 0.03828125
0 0.7984375 0.8359375 0.04140625 0.0421875
0 0.6171875 0.37109375 0.11875 0.11953125
0 0.56953125 0.44609375 0.10703125 0.11328125
0 0.4765625 0.2359375 0.14375 0.13359375
0 0.378125 0.4234375 0.09609375 0.10078125
0 0.06875 0.5265625 0.1375 0.1421875
0 0.415625 0.60625 0.12734375 0.11875
0 0.45 0.34921875 0.14296875 0.15703125
0 0.353125 0.29453125 0.15078125 0.1515625
0 0.31953125 0.1671875 0.1640625 0.1609375
0 0.26171875 0.5578125 0.11953125 0.1046875
0 0.478125 0.1203125 0.1375 0.1421875
0 0.1234375 0.321875 0.15234375 0.14921875
0 0.03984375 0.6125 0.0796875 0.14453125
0 0.115625 0.90078125 0.07734375 0.0671875
0 0.37421875 0.65703125 0.09140625 0.09296875
0 0.0421875 0.16015625 0.084375 0.1640625
0 0.08828125 0.83984375 0.090625 0.090625
0 0.44140625 0.521875 0.05078125 0.0578125
0 0.115625 0.9625 0.0859375 0.07421875
0 0.671875 0.065625 0.196875 0.13125
0 0.1234375 0.60234375 0.0796875 0.08984375
0 0.05859375 0.71640625 0.1171875 0.1546875
0 0.20546875 0.48984375 0.159375 0.16640625
0 0.09609375 0.41484375 0.13046875 0.13828125
0 0.2046875 0.36171875 0.13828125 0.13046875
0 0.30078125 0.421875 0.1546875 0.1671875
0 0.040625 0.4265625 0.08125 0.13671875
0 0.03515625 0.30625 0.06953125 0.13046875
0 0.09296875 0.1921875 0.14921875 0.14609375
0 0.2 0.21015625 0.140625 0.11171875
0 0.18515625 0.1015625 0.17734375 0.1421875
0 0.396875 0.0671875 0.171875 0.134375
0 0.59140625 0.1921875 0.15625 0.175
0 0.24140625 0.28125 0.11796875 0.1015625
0 0.81953125 0.05 0.12890625 0.1
0 0.33828125 0.50703125 0.08515625 0.0625
0 0.7078125 0.134375 0.1359375 0.13203125