0 0.62109375 0.80859375 0.4234375 0.26796875
0 0.9203125 0.83046875 0.14609375 0.146875
0 0.04453125 0.9796875 0.0828125 0.040625
0 0.21640625 0.8625 0.15078125 0.14921875
0 0.3109375 0.75390625 0.1921875 0.13671875
0 0.21640625 0.61484375 0.26953125 0.27578125
0 0.1703125 0.46796875 0.17578125 0.16171875
0 0.0921875 0.3234375 0.184375 0.184375
0 0.01015625 0.23984375 0.0203125 0.0828125
0 0.72734375 0.05390625 0.13046875 0.1078125
0 0.52890625 0.040625 0.1171875 0.08125
0 0.60234375 0.36171875 0.15546875 0.17890625
0 0.62578125 0.0703125 0.10859375 0.11875
0 0.42421875 0.21015625 0.1375 0.153125
0 0.70859375 0.465625 0.1625 0.14453125
0 0.93046875 0.278125 0.13828125 0.165625
0 0.53515625 0.134375 0.1015625 0.11484375
0 0.603125 0.2 0.12890625 0.1265625
0 0.8359375 0.21328125 0.15625 0.1546875
0 0.9390625 0.40390625 0.121875 0.1453125
0 0.934375 0.53125 0.13046875 0.16328125
0 0.9375 0.1421875 0.125 0.153125
0 0.728125 0.30546875 0.1671875 0.15078125
0 0.840625 0.3625 0.153125 0.1640625
0 0.8328125 0.08671875 0.15703125 0.13984375
0 0.72578125 0.18515625 0.15390625 0.15546875