0 0.45546875 0.884375 0.11953125 0.11875
0 0.10859375 0.30546875 0.12421875 0.11796875
0 0.50390625 0.7984375 0.0953125 0.1046875
0 0.33984375 0.8875 0.09921875 0.10234375
0 0.278125 0.48125 0.16484375 0.14921875
0 0.32265625 0.43359375 0.0953125 0.11796875
0 0.08046875 0.4671875 0.09375 0.08515625
0 0.125 0.3828125 0.0828125 0.0765625
0 0.21796875 0.3578125 0.09296875 0.11015625
0 0.32734375 0.28984375 0.07890625 0.07421875
0 0.50625 0.959375 0.12578125 0.08125
0 0.54140625 0.6859375 0.1140625 0.096875
0 0.3546875 0.3421875 0.065625 0.04609375
0 0.2125 0.734375 0.10390625 0.08828125
0 0.2796875 0.31640625 0.03828125 0.03671875
0 0.97578125 0.146875 0.0484375 0.09609375
0 0.41171875 0.46796875 0.11015625 0.08671875
0 0.928125 0.0609375 0.04375 0.0453125
0 0.05 0.12734375 0.084375 0.0828125
0 0.11640625 0.80390625 0.2109375 0.24609375
0 0.0625 0.93515625 0.125 0.1265625
0 0.1734375 0.5875 0.22421875 0.22578125
0 0.03515625 0.1 0.06328125 0.06171875
0 0.2609375 0.27265625 0.0828125 0.06328125
0 0.2640625 0.2234375 0.0703125 0.06484375
0 0.22578125 0.2046875 0.0703125 0.084375
0 0.58984375 0.8390625 0.15 0.11953125
0 0.6078125 0.9203125 0.121875 0.08046875
0 0.665625 0.64375 0.08125 0.07578125
0 0.95078125 0.59609375 0.09765625 0.103125
0 0.23671875 0.96171875 0.1546875 0.0765625