0 0.034375 0.05390625 0.06875 0.1078125
0 0.52734375 0.05546875 0.1609375 0.1109375
0 0.6796875 0.078125 0.18046875 0.15546875
0 0.9296875 0.07578125 0.13984375 0.1515625
0 0.815625 0.0671875 0.16015625 0.134375
0 0.8921875 0.16796875 0.15234375 0.1484375
0 0.57265625 0.1296875 0.15859375 0.16796875
0 0.41875 0.11796875 0.15390625 0.1359375
0 0.340625 0.0625 0.134375 0.125
0 0.21875 0.04921875 0.15859375 0.0984375
0 0.1421875 0.1265625 0.15625 0.1515625
0 0.32421875 0.1859375 0.14375 0.1484375
0 0.63984375 0.22265625 0.15625 0.1375
0 0.43203125 0.23515625 0.1578125 0.14375
0 0.35703125 0.3421875 0.1515625 0.14140625
0 0.24609375 0.3125 0.1234375 0.1578125
0 0.03515625 0.178125 0.0703125 0.17109375
0 0.06796875 0.2375 0.1359375 0.15859375
0 0.15390625 0.2703125 0.16015625 0.1765625
0 0.03046875 0.340625 0.0609375 0.171875
0 0.0890625 0.3859375 0.15625 0.17578125
0 0.0578125 0.4953125 0.115625 0.18046875
0 0.18046875 0.421875 0.1296875 0.1375
0 0.2796875 0.43671875 0.15546875 0.13828125
0 0.40625 0.42109375 0.1640625 0.13359375
0 0.49453125 0.33515625 0.1765625 0.165625
0 0.5265625 0.42265625 0.17890625 0.19140625
0 0.87421875 0.3609375 0.1578125 0.14375
0 0.8375 0.4546875 0.13125 0.11015625
0 0.7265625 0.4296875 0.14140625 0.13984375
0 0.6046875 0.49453125 0.17109375 0.1515625
0 0.4515625 0.70859375 0.14609375 0.1515625
0 0.57265625 0.71484375 0.1234375 0.1359375
0 0.7078125 0.55859375 0.15546875 0.18359375
0 0.828125 0.55078125 0.17265625 0.16015625
0 0.934375 0.49765625 0.13125 0.1375
0 0.93671875 0.60859375 0.12578125 0.1375
0 0.93359375 0.7046875 0.1328125 0.134375
0 0.8296875 0.66171875 0.17890625 0.12578125
0 0.64765625 0.6046875 0.1703125 0.15
0 0.32265625 0.53046875 0.17578125 0.1625
0 0.12109375 0.53828125 0.15 0.13828125
0 0.19765625 0.58125 0.1515625 0.14375
0 0.06640625 0.653125 0.13203125 0.15390625
0 0.15390625 0.69140625 0.14765625 0.15390625
0 0.04921875 0.77109375 0.09765625 0.1578125
0 0.93984375 0.8328125 0.1203125 0.16015625
0 0.46953125 0.93984375 0.19140625 0.1203125
0 0.11796875 0.9046875 0.14609375 0.13515625
0 0.23125 0.87734375 0.15625 0.15234375
0 0.33515625 0.775 0.16796875 0.15234375
0 0.3375 0.90703125 0.17109375 0.1578125
0 0.42265625 0.834375 0.16875 0.15546875
0 0.54296875 0.88125 0.1453125 0.15390625
0 0.51953125 0.778125 0.15390625 0.1234375
0 0.65 0.70546875 0.12109375 0.1171875
0 0.6328125 0.93828125 0.165625 0.1234375
0 0.74609375 0.8 0.1453125 0.13984375
0 0.85625 0.76953125 0.14375 0.14375
0 0.75703125 0.93125 0.1359375 0.1375
0 0.8640625 0.88828125 0.165625 0.1578125
0 0.79609375 0.26953125 0.1859375 0.17109375
0 0.93359375 0.2765625 0.1328125 0.15
0 0.27265625 0.64453125 0.12734375 0.14765625
0 0.634375 0.8328125 0.1640625 0.1640625
0 0.6453125 0.35390625 0.1625 0.1609375
0 0.03984375 0.91171875 0.07890625 0.1625
0 0.45625 0.5375 0.13984375 0.14296875
0 0.23359375 0.76328125 0.14296875 0.14453125
0 0.52578125 0.60546875 0.15859375 0.16015625
0 0.37734375 0.64765625 0.13125 0.1609375
0 0.084375 0.08515625 0.1515625 0.16953125
0 0.13046875 0.790625 0.1390625 0.134375
0 0.23984375 0.1609375 0.14296875 0.15078125
0 0.753125 0.1578125 0.14296875 0.14140625