0 0.5484375 0.43125 0.221875 0.23984375
0 0.67109375 0.36328125 0.03515625 0.0359375
0 0.83984375 0.65078125 0.27734375 0.34609375
0 0.615625 0.628125 0.1859375 0.15
0 0.79609375 0.8515625 0.203125 0.18046875
0 0.90234375 0.87734375 0.08671875 0.0921875
0 0.9484375 0.91484375 0.07265625 0.0984375
0 0.03125 0.0875 0.0625 0.115625
0 0.1796875 0.0390625 0.090625 0.078125
0 0.23125 0.03125 0.08671875 0.06171875
0 0.27109375 0.115625 0.053125 0.06015625
0 0.1265625 0.20859375 0.06640625 0.109375
0 0.1609375 0.234375 0.03515625 0.034375
0 0.08203125 0.1171875 0.09921875 0.11171875
0 0.06484375 0.46484375 0.1296875 0.1078125
0 0.44375 0.4515625 0.06171875 0.090625