0 0.16875 0.97421875 0.16875 0.0515625
0 0.0296875 0.4515625 0.059375 0.15859375
0 0.71171875 0.025 0.1328125 0.05
0 0.825 0.06328125 0.153125 0.11953125
0 0.7015625 0.2265625 0.17734375 0.165625
0 0.24609375 0.0875 0.15859375 0.13828125
0 0.9265625 0.0328125 0.146875 0.065625
0 0.81328125 0.02421875 0.16015625 0.04765625
0 0.46171875 0.0375 0.1546875 0.075
0 0.4625 0.11015625 0.14921875 0.1328125
0 0.35625 0.05390625 0.16875 0.1078125
0 0.978125 0.459375 0.04375 0.165625
0 0.91796875 0.375 0.1640625 0.15
0 0.803125 0.31015625 0.1796875 0.14609375
0 0.32265625 0.4078125 0.18671875 0.1828125
0 0.55859375 0.4421875 0.18828125 0.1671875
0 0.44609375 0.4859375 0.190625 0.16328125
0 0.02421875 0.5875 0.0484375 0.18671875
0 0.0875 0.540625 0.1671875 0.18125
0 0.3109375 0.5578125 0.1640625 0.15234375
0 0.428125 0.6203125 0.17265625 0.15
0 0.66015625 0.7453125 0.171875 0.18125
0 0.959375 0.9546875 0.08046875 0.090625
0 0.90390625 0.65625 0.18359375 0.1640625
0 0.95546875 0.725 0.0890625 0.1578125
0 0.9546875 0.8671875 0.08984375 0.1671875
0 0.87890625 0.915625 0.1671875 0.13828125
0 0.7640625 0.953125 0.17421875 0.09375
0 0.64453125 0.9109375 0.1578125 0.1640625
0 0.0234375 0.73046875 0.046875 0.17734375
0 0.18828125 0.75234375 0.1796875 0.178125
0 0.40703125 0.7484375 0.17421875 0.153125
0 0.55078125 0.703125 0.19765625 0.19765625
0 0.53359375 0.84296875 0.16875 0.128125
0 0.27890625 0.9265625 0.19453125 0.14609375
0 0.67109375 0.52109375 0.1546875 0.15078125
0 0.08203125 0.39609375 0.14765625 0.14375
0 0.16328125 0.88828125 0.1671875 0.16171875
0 0.40703125 0.89375 0.16328125 0.16015625
0 0.79765625 0.45234375 0.178125 0.1890625
0 0.21953125 0.215625 0.16796875 0.1734375
0 0.58125 0.165625 0.18203125 0.1703125
0 0.02578125 0.33203125 0.0515625 0.1515625
0 0.0359375 0.1875 0.071875 0.1640625
0 0.1921875 0.475 0.16328125 0.16328125
0 0.0453125 0.06171875 0.090625 0.1234375
0 0.91328125 0.5265625 0.165625 0.17578125
0 0.6890625 0.3734375 0.17734375 0.165625
0 0.81484375 0.18046875 0.1640625 0.171875
0 0.09921875 0.13046875 0.1734375 0.175
0 0.7875 0.71796875 0.1578125 0.1390625
0 0.20703125 0.340625 0.13125 0.134375
0 0.29765625 0.69765625 0.1734375 0.16953125
0 0.071875 0.6765625 0.14375 0.16015625
0 0.33515625 0.1484375 0.15859375 0.14921875
0 0.440625 0.3625 0.1546875 0.1578125
0 0.19140625 0.0390625 0.16015625 0.078125
0 0.92421875 0.125 0.1515625 0.15625
0 0.0625 0.94140625 0.125 0.1171875
0 0.91640625 0.25859375 0.16171875 0.15390625
0 0.18828125 0.6140625 0.15859375 0.15
0 0.7890625 0.59921875 0.16015625 0.14609375
0 0.5125 0.94375 0.146875 0.1125
0 0.57265625 0.0484375 0.115625 0.09609375
0 0.43203125 0.225 0.14296875 0.14609375
0 0.09609375 0.2625 0.1484375 0.1484375
0 0.5578125 0.30625 0.1890625 0.1734375
0 0.96796875 0.59921875 0.0640625 0.1453125
0 0.69765625 0.0921875 0.16171875 0.1640625
0 0.6578125 0.6359375 0.071875 0.06953125
0 0.7703125 0.84921875 0.19453125 0.16875
0 0.98125 0.33828125 0.0375 0.14296875
0 0.5609375 0.5640625 0.153125 0.1375
0 0.325 0.28125 0.1390625 0.1421875