0 0.9328125 0.63203125 0.134375 0.2015625
0 0.99375 0.8703125 0.01171875 0.0390625
0 0.96015625 0.87421875 0.04765625 0.04921875
0 0.971875 0.8328125 0.05546875 0.06015625
0 0.978125 0.78359375 0.04375 0.0703125
0 0.9359375 0.72578125 0.05234375 0.04609375
0 0.93671875 0.77890625 0.0578125 0.0546875
0 0.82734375 0.73984375 0.171875 0.14375
0 0.40625 0.9828125 0.14375 0.034375
0 0.31484375 0.9859375 0.071875 0.02734375
0 0.1390625 0.9875 0.165625 0.025
0 0.0328125 0.99140625 0.065625 0.0171875
0 0.096875 0.9125 0.19375 0.165625
0 0.2265625 0.8734375 0.0859375 0.06484375
0 0.303125 0.9234375 0.11875 0.1046875
0 0.3671875 0.8578125 0.2265625 0.1453125
0 0.62734375 0.85078125 0.12265625 0.11953125
0 0.73359375 0.86484375 0.1671875 0.203125
0 0.51640625 0.8015625 0.084375 0.06953125
0 0.66015625 0.75546875 0.05546875 0.0765625
0 0.71171875 0.74375 0.0640625 0.0671875
0 0.6859375 0.70625 0.059375 0.06171875
0 0.828125 0.6109375 0.06796875 0.07109375
0 0.9890625 0.52890625 0.02109375 0.06796875
0 0.92890625 0.47578125 0.0734375 0.053125
0 0.634375 0.409375 0.16640625 0.1171875
0 0.63671875 0.29375 0.15859375 0.14375
0 0.73515625 0.60078125 0.1125 0.1109375
0 0.68984375 0.51953125 0.1109375 0.11796875
0 0.50859375 0.67109375 0.26171875 0.196875
0 0.503125 0.31484375 0.0484375 0.0453125
0 0.43203125 0.378125 0.14296875 0.11484375
0 0.22890625 0.36171875 0.10859375 0.10078125
0 0.340625 0.28828125 0.05859375 0.04765625
0 0.3296875 0.25703125 0.0453125 0.025
0 0.40390625 0.23515625 0.10703125 0.125
0 0.46015625 0.0546875 0.0421875 0.0453125
0 0.42890625 0.11640625 0.04140625 0.03515625
0 0.46015625 0.10546875 0.034375 0.03671875
0 0.315625 0.1671875 0.10078125 0.1265625
0 0.21796875 0.19765625 0.103125 0.13359375
0 0.88671875 0.8515625 0.1234375 0.1234375
0 0.0453125 0.1765625 0.090625 0.140625
0 0.371875 0.77421875 0.11171875 0.10625
0 0.61640625 0.44296875 0.11171875 0.11015625
0 0.8859375 0.98359375 0.103125 0.03203125
0 0.3984375 0.496875 0.1359375 0.14375
0 0.821875 0.44609375 0.13984375 0.1015625
0 0.3203125 0.3859375 0.14140625 0.1625
0 0.80390625 0.54609375 0.08203125 0.0890625
0 0.30625 0.75703125 0.0640625 0.06484375