0 0.85546875 0.04453125 0.2109375 0.0890625
0 0.87890625 0.159375 0.17734375 0.2109375
0 0.659375 0.1640625 0.1640625 0.15078125
0 0.2734375 0.0296875 0.03515625 0.03984375
0 0.7078125 0.540625 0.053125 0.04375
0 0.68125 0.66640625 0.06484375 0.08828125
0 0.01328125 0.60703125 0.02578125 0.07421875
0 0.33125 0.8953125 0.15078125 0.175
0 0.42578125 0.9578125 0.11484375 0.084375
0 0.5796875 0.9625 0.21171875 0.075
0 0.9296875 0.95859375 0.13984375 0.0828125
0 0.61640625 0.54453125 0.11328125 0.2078125