0 0.16796875 0.7203125 0.19140625 0.2015625
0 0.865625 0.5859375 0.2046875 0.21484375
0 0.5453125 0.06796875 0.1234375 0.1359375
0 0.43359375 0.26953125 0.21640625 0.1703125
0 0.90703125 0.04453125 0.1859375 0.0890625
0 0.64921875 0.040625 0.19296875 0.08125
0 0.78984375 0.06953125 0.17578125 0.1390625
0 0.67421875 0.14765625 0.18828125 0.16796875
0 0.9453125 0.240625 0.109375 0.18828125
0 0.89375 0.134375 0.1421875 0.1265625
0 0.85390625 0.22890625 0.2015625 0.1609375
0 0.95390625 0.3671875 0.0921875 0.1640625
0 0.765625 0.30859375 0.2078125 0.20859375
0 0.62578125 0.2875 0.15859375 0.19140625
0 0.865625 0.38359375 0.15859375 0.1671875
0 0.81015625 0.51640625 0.17578125 0.15625
0 0.678125 0.54765625 0.19609375 0.1671875
0 0.61953125 0.425 0.165625 0.15625
0 0.5109375 0.49375 0.1828125 0.18125
0 0.9453125 0.809375 0.109375 0.15078125
0 0.9515625 0.93515625 0.09609375 0.1296875
0 0.83828125 0.87265625 0.19453125 0.1796875
0 0.85390625 0.9640625 0.19609375 0.071875
0 0.61328125 0.86640625 0.15546875 0.1640625
0 0.3953125 0.81484375 0.17578125 0.17109375
0 0.4203125 0.94296875 0.1640625 0.1140625
0 0.2234375 0.96640625 0.159375 0.0671875
0 0.115625 0.9453125 0.1796875 0.109375
0 0.28359375 0.90234375 0.1875 0.1625
0 0.265625 0.7734375 0.1453125 0.1640625
0 0.134375 0.84140625 0.1875 0.18828125
0 0.05390625 0.75078125 0.1078125 0.17265625
0 0.48203125 0.68125 0.16796875 0.1859375
0 0.40546875 0.540625 0.228125 0.184375
0 0.33046875 0.6859375 0.1703125 0.15625
0 0.246875 0.61171875 0.18828125 0.1765625
0 0.059375 0.61484375 0.11875 0.1734375
0 0.065625 0.46640625 0.13125 0.2046875
0 0.1609375 0.38828125 0.1796875 0.1875
0 0.06875 0.32890625 0.13671875 0.18125
0 0.0703125 0.06328125 0.140625 0.1265625
0 0.53984375 0.19453125 0.17421875 0.165625
0 0.42734375 0.12109375 0.184375 0.1609375
0 0.275 0.07578125 0.19921875 0.15078125
0 0.303125 0.20859375 0.17890625 0.19296875
0 0.1625 0.13203125 0.18125 0.21171875
0 0.06328125 0.1890625 0.1265625 0.19921875
0 0.60703125 0.721875 0.18203125 0.18828125
0 0.73359375 0.80390625 0.18515625 0.1859375
0 0.70390625 0.934375 0.18125 0.13046875
0 0.94609375 0.52109375 0.1078125 0.17890625
0 0.35625 0.41875 0.1734375 0.14765625
0 0.94375 0.67578125 0.1125 0.1828125
0 0.03515625 0.90625 0.06953125 0.1703125
0 0.51328125 0.92265625 0.146875 0.1546875
0 0.84921875 0.72890625 0.16796875 0.1515625
0 0.7234375 0.43203125 0.16640625 0.15234375
0 0.51171875 0.36640625 0.18125 0.17109375
0 0.5890625 0.971875 0.15625 0.05546875
0 0.7453125 0.6484375 0.1765625 0.1609375
0 0.24453125 0.48515625 0.20703125 0.1671875
0 0.24609375 0.33203125 0.18671875 0.16796875