0 0.7046875 0.29765625 0.165625 0.1671875
0 0.8171875 0.2296875 0.16953125 0.1734375
0 0.92265625 0.28046875 0.1546875 0.1734375
0 0.8421875 0.50234375 0.146875 0.175
0 0.93046875 0.41953125 0.1390625 0.16796875
0 0.28359375 0.953125 0.16796875 0.09296875
0 0.0703125 0.9703125 0.13984375 0.059375
0 0.06328125 0.8859375 0.1265625 0.1828125
0 0.15390625 0.80703125 0.18515625 0.14921875
0 0.053125 0.74296875 0.10625 0.13359375
0 0.05859375 0.6203125 0.1171875 0.1625
0 0.2640625 0.59765625 0.15078125 0.1546875
0 0.0546875 0.478125 0.109375 0.16171875
0 0.1375 0.40390625 0.14296875 0.14296875
0 0.05546875 0.3578125 0.1109375 0.1703125
0 0.12109375 0.27734375 0.14140625 0.15625
0 0.05 0.21015625 0.1 0.18671875
0 0.125 0.1390625 0.17578125 0.1828125
0 0.24296875 0.19609375 0.19609375 0.15859375
0 0.4609375 0.06796875 0.17578125 0.13515625
0 0.35234375 0.2578125 0.18046875 0.16171875
0 0.58515625 0.10703125 0.18671875 0.18125
0 0.37578125 0.39609375 0.1921875 0.1671875
0 0.48984375 0.45234375 0.14296875 0.15078125
0 0.59296875 0.38515625 0.1890625 0.171875
0 0.59609375 0.5140625 0.175 0.14921875
0 0.38671875 0.665625 0.1640625 0.15703125
0 0.38671875 0.79453125 0.15859375 0.15859375
0 0.50546875 0.86015625 0.16953125 0.171875
0 0.74375 0.94375 0.18515625 0.11171875
0 0.61640625 0.77734375 0.15625 0.15625
0 0.61328125 0.6390625 0.20390625 0.17890625
0 0.72421875 0.70390625 0.175 0.1671875
0 0.93515625 0.70390625 0.1296875 0.1640625
0 0.8546875 0.76953125 0.1484375 0.15859375
0 0.9421875 0.82421875 0.11484375 0.165625
0 0.7421875 0.84296875 0.16015625 0.15234375
0 0.91875 0.05 0.1625 0.1
0 0.59296875 0.259375 0.16875 0.18125
0 0.48828125 0.59765625 0.16328125 0.15
0 0.8484375 0.6390625 0.14375 0.14375
0 0.4828125 0.32109375 0.1640625 0.1515625
0 0.81328125 0.09453125 0.16015625 0.1453125
0 0.26171875 0.46953125 0.1671875 0.17578125
0 0.921875 0.16796875 0.15546875 0.16875
0 0.48046875 0.1921875 0.16875 0.153125
0 0.16484375 0.6859375 0.1609375 0.16484375
0 0.05234375 0.08828125 0.1046875 0.1484375
0 0.14921875 0.546875 0.16875 0.165625
0 0.70234375 0.1703125 0.1703125 0.159375
0 0.74140625 0.571875 0.17734375 0.15859375
0 0.253125 0.33046875 0.17109375 0.14765625
0 0.50625 0.7234375 0.175 0.14375
0 0.17109375 0.93125 0.1765625 0.1375
0 0.4046875 0.93203125 0.15625 0.1359375
0 0.7203125 0.45 0.17890625 0.17734375
0 0.3875 0.52890625 0.18046875 0.178125
0 0.28359375 0.7390625 0.15234375 0.17890625
0 0.51640625 0.9515625 0.1796875 0.096875
0 0.9484375 0.94453125 0.103125 0.1109375
0 0.303125 0.88515625 0.13828125 0.153125
0 0.2421875 0.075 0.178125 0.14921875
0 0.934375 0.5671875 0.13125 0.16796875
0 0.86796875 0.90859375 0.15390625 0.1515625
0 0.3625 0.13359375 0.16875 0.171875
0 0.70625 0.05234375 0.16484375 0.10390625
0 0.63359375 0.915625 0.16953125 0.16171875