0 0.37890625 0.021875 0.19296875 0.04375
0 0.359375 0.14765625 0.2203125 0.2546875
0 0.50234375 0.2640625 0.159375 0.11640625
0 0.56796875 0.3828125 0.23046875 0.14453125
0 0.75625 0.6328125 0.23046875 0.2828125
0 0.875 0.78046875 0.22578125 0.2703125
0 0.9765625 0.28046875 0.046875 0.0453125
0 0.871875 0.3234375 0.04609375 0.05
0 0.01796875 0.3796875 0.03515625 0.04609375
0 0.06875 0.42109375 0.03125 0.0359375
0 0.04765625 0.48125 0.03671875 0.0390625
0 0.28046875 0.60234375 0.0484375 0.04296875
0 0.3625 0.7 0.05078125 0.046875
0 0.43125 0.7765625 0.04921875 0.0390625