0 0.14296875 0.92890625 0.2609375 0.1421875
0 0.41328125 0.90390625 0.22578125 0.1921875
0 0.44296875 0.6984375 0.19375 0.2265625
0 0.2203125 0.775 0.2890625 0.18671875
0 0.06953125 0.80859375 0.1390625 0.14296875
0 0.1 0.64453125 0.19296875 0.2125
0 0.21796875 0.60703125 0.24453125 0.23828125
0 0.35625 0.6140625 0.14765625 0.16953125
0 0.83515625 0.71328125 0.05546875 0.05390625
0 0.9375 0.040625 0.08828125 0.0796875
0 0.6484375 0.16640625 0.10625 0.128125
0 0.4125 0.0375 0.05390625 0.03359375
0 0.41328125 0.0125 0.03984375 0.025
0 0.44453125 0.12578125 0.26015625 0.1546875
0 0.26953125 0.09296875 0.175 0.18515625
0 0.265625 0.24375 0.18828125 0.13828125
0 0.1046875 0.38515625 0.17265625 0.2015625
0 0.24765625 0.384375 0.16484375 0.18984375
0 0.53671875 0.29375 0.29609375 0.31796875
0 0.85625 0.38984375 0.121875 0.134375
0 0.36640625 0.44453125 0.15546875 0.15625
0 0.87890625 0.30546875 0.09296875 0.08515625
0 0.834375 0.2625 0.08671875 0.08203125