0 0.3046875 0.39609375 0.1625 0.14375
0 0.840625 0.64140625 0.14921875 0.096875
0 0.04453125 0.84375 0.0890625 0.11015625
0 0.04453125 0.76171875 0.0890625 0.121875
0 0.9578125 0.36328125 0.084375 0.1078125
0 0.2921875 0.29453125 0.15625 0.1953125
0 0.1921875 0.2609375 0.14375 0.209375
0 0.06171875 0.18828125 0.12265625 0.175
0 0.0390625 0.1125 0.078125 0.146875
0 0.89609375 0.9453125 0.2 0.109375
0 0.584375 0.896875 0.1359375 0.11328125
0 0.0359375 0.634375 0.071875 0.20234375
0 0.92578125 0.81328125 0.1484375 0.175
0 0.91484375 0.709375 0.159375 0.159375
0 0.69140625 0.95078125 0.16171875 0.09765625
0 0.78828125 0.79921875 0.1875 0.16171875
0 0.5984375 0.80625 0.1859375 0.16796875
0 0.50859375 0.78203125 0.16015625 0.1765625
0 0.4671875 0.87265625 0.1671875 0.1734375
0 0.3375 0.90859375 0.209375 0.1828125
0 0.22578125 0.934375 0.159375 0.13125
0 0.37109375 0.8140625 0.1859375 0.13828125
0 0.30390625 0.771875 0.12890625 0.1234375
0 0.24296875 0.7390625 0.1453125 0.16171875
0 0.634375 0.690625 0.15625 0.1484375
0 0.5125 0.628125 0.16015625 0.18984375
0 0.15703125 0.58359375 0.184375 0.165625
0 0.128125 0.76328125 0.15625 0.14296875
0 0.0875 0.8765625 0.17421875 0.14375
0 0.11171875 0.4421875 0.2234375 0.22265625
0 0.18203125 0.0828125 0.2046875 0.165625
0 0.0359375 0.93359375 0.071875 0.1328125
0 0.35703125 0.64296875 0.1875 0.20234375
0 0.44921875 0.9609375 0.1421875 0.078125
0 0.09609375 0.96953125 0.184375 0.0609375
0 0.4875 0.02578125 0.20703125 0.05078125
0 0.5078125 0.18359375 0.13046875 0.16640625
0 0.4 0.18828125 0.23125 0.315625
0 0.73671875 0.19609375 0.16875 0.16015625
0 0.596875 0.0640625 0.0796875 0.12734375
0 0.890625 0.21171875 0.18046875 0.2625
0 0.475 0.45390625 0.1390625 0.13515625
0 0.96171875 0.56640625 0.07578125 0.24453125