0 0.975 0.4546875 0.05 0.159375
0 0.97734375 0.59140625 0.0453125 0.20234375
0 0.84609375 0.97265625 0.128125 0.0546875
0 0.75078125 0.97265625 0.11953125 0.0546875
0 0.6640625 0.84296875 0.14140625 0.09921875
0 0.69453125 0.5703125 0.15625 0.18671875
0 0.5703125 0.490625 0.171875 0.16640625
0 0.4109375 0.034375 0.15546875 0.06796875
0 0.78359375 0.184375 0.15859375 0.1703125
0 0.78046875 0.05859375 0.1703125 0.1171875
0 0.90390625 0.03359375 0.1921875 0.06640625
0 0.18125 0.05390625 0.1921875 0.1078125
0 0.071875 0.09140625 0.14375 0.17578125
0 0.4296875 0.1375 0.1703125 0.175
0 0.5265625 0.08125 0.19375 0.1625
0 0.97109375 0.340625 0.0578125 0.175
0 0.79609375 0.46328125 0.1734375 0.17890625
0 0.90546875 0.38671875 0.1609375 0.15625
0 0.08046875 0.3578125 0.159375 0.13984375
0 0.18359375 0.153125 0.18125 0.17890625
0 0.30625 0.21171875 0.16796875 0.1640625
0 0.31484375 0.496875 0.16640625 0.17734375
0 0.44921875 0.42890625 0.16171875 0.1640625
0 0.21796875 0.95625 0.14296875 0.0875
0 0.496875 0.9515625 0.14296875 0.096875
0 0.0375 0.7546875 0.075 0.15078125
0 0.0671875 0.90546875 0.134375 0.1453125
0 0.11875 0.81015625 0.1828125 0.15546875
0 0.1765625 0.8921875 0.16171875 0.16484375
0 0.60390625 0.9421875 0.1296875 0.115625
0 0.70234375 0.90078125 0.13359375 0.13359375
0 0.7984375 0.8765625 0.16640625 0.16484375
0 0.4 0.728125 0.17734375 0.153125
0 0.28359375 0.86328125 0.13046875 0.15625
0 0.4 0.8703125 0.16953125 0.15390625
0 0.66484375 0.74140625 0.16796875 0.14453125
0 0.46328125 0.559375 0.165625 0.17890625
0 0.08671875 0.51328125 0.1734375 0.190625
0 0.5796875 0.628125 0.175 0.1734375
0 0.6640625 0.03984375 0.16875 0.0796875
0 0.07734375 0.234375 0.1546875 0.15703125
0 0.54375 0.8640625 0.14453125 0.1421875
0 0.6734375 0.13203125 0.1890625 0.18359375
0 0.5390625 0.73828125 0.16015625 0.1453125
0 0.8 0.76328125 0.1859375 0.1828125
0 0.11015625 0.671875 0.15390625 0.17890625
0 0.3453125 0.64296875 0.1984375 0.196875
0 0.928125 0.92734375 0.14375 0.1453125
0 0.81171875 0.3328125 0.146875 0.1828125
0 0.45 0.28515625 0.18515625 0.16015625
0 0.20625 0.29921875 0.19921875 0.14921875
0 0.91171875 0.11328125 0.1703125 0.15078125
0 0.91953125 0.52109375 0.1609375 0.1640625
0 0.32734375 0.08671875 0.1671875 0.1734375
0 0.97421875 0.18125 0.0515625 0.20546875
0 0.81171875 0.60703125 0.16015625 0.14453125
0 0.09921875 0.95546875 0.1546875 0.0890625
0 0.92109375 0.66796875 0.15703125 0.15703125
0 0.21484375 0.5765625 0.16953125 0.18125
0 0.91484375 0.25234375 0.15859375 0.16484375
0 0.0734375 0.02109375 0.14609375 0.0421875
0 0.2078125 0.4296875 0.17734375 0.1484375
0 0.55546875 0.2109375 0.1546875 0.16328125
0 0.59609375 0.35 0.128125 0.146875
0 0.32265625 0.36328125 0.16796875 0.159375
0 0.93359375 0.80078125 0.1328125 0.1546875
0 0.0359375 0.58515625 0.07109375 0.178125
0 0.6953125 0.4109375 0.16953125 0.165625
0 0.22578125 0.73125 0.15 0.16796875
0 0.68671875 0.2703125 0.175 0.14921875