0 0.065625 0.96796875 0.128125 0.0640625
0 0.22421875 0.134375 0.190625 0.16484375
0 0.95390625 0.2171875 0.09140625 0.08671875
0 0.93046875 0.1015625 0.13828125 0.19296875
0 0.859375 0.1828125 0.18671875 0.15625
0 0.715625 0.02265625 0.153125 0.04453125
0 0.08828125 0.01484375 0.1765625 0.0296875
0 0.34296875 0.06875 0.1921875 0.13671875
0 0.6234375 0.4734375 0.10703125 0.09296875
0 0.03828125 0.5734375 0.07578125 0.19296875
0 0.13359375 0.49375 0.1890625 0.184375
0 0.04375 0.13671875 0.0875 0.1890625
0 0.0375 0.284375 0.075 0.18046875
0 0.10859375 0.234375 0.16796875 0.16953125
0 0.2453125 0.3921875 0.17890625 0.18359375
0 0.3578125 0.20390625 0.1921875 0.17890625
0 0.359375 0.34296875 0.18671875 0.171875
0 0.4828125 0.271875 0.203125 0.1734375
0 0.621875 0.334375 0.15078125 0.1734375
0 0.7296875 0.23984375 0.184375 0.1875
0 0.875 0.31328125 0.16640625 0.184375
0 0.88046875 0.4578125 0.1734375 0.15234375
0 0.37890625 0.48125 0.18359375 0.16484375
0 0.38046875 0.62890625 0.175 0.1703125
0 0.4984375 0.56953125 0.16328125 0.18671875
0 0.62890625 0.58984375 0.1578125 0.18046875
0 0.75078125 0.52421875 0.18203125 0.18359375
0 0.88359375 0.59140625 0.19453125 0.16328125
0 0.88515625 0.7390625 0.209375 0.16953125
0 0.75625 0.8171875 0.1875 0.16640625
0 0.01796875 0.74453125 0.03515625 0.16328125
0 0.128125 0.625 0.16640625 0.1578125
0 0.12265625 0.75390625 0.17578125 0.1734375
0 0.06015625 0.834375 0.1203125 0.1921875
0 0.1375 0.9109375 0.17578125 0.178125
0 0.37890625 0.76796875 0.17578125 0.190625
0 0.5234375 0.83515625 0.1734375 0.18671875
0 0.6328125 0.74765625 0.1734375 0.175
0 0.64375 0.89609375 0.175 0.16171875
0 0.6578125 0.96875 0.18671875 0.06171875
0 0.78671875 0.9359375 0.19921875 0.128125
0 0.5078125 0.4109375 0.16796875 0.16171875
0 0.85546875 0.0671875 0.18671875 0.134375
0 0.62109375 0.18984375 0.17578125 0.1703125
0 0.75078125 0.4046875 0.18984375 0.19921875
0 0.0421875 0.4296875 0.084375 0.1671875
0 0.26015625 0.553125 0.1765625 0.171875
0 0.48203125 0.13359375 0.1765625 0.16171875
0 0.25234375 0.8375 0.18125 0.16796875
0 0.39765625 0.90390625 0.171875 0.15546875
0 0.76328125 0.6703125 0.19296875 0.19453125
0 0.2375 0.03671875 0.1609375 0.0734375
0 0.6 0.0625 0.178125 0.125
0 0.91015625 0.8828125 0.17890625 0.178125
0 0.484375 0.03359375 0.18671875 0.06640625
0 0.53828125 0.94296875 0.1828125 0.1140625
0 0.12265625 0.353125 0.19375 0.1625
0 0.73203125 0.10625 0.15546875 0.15234375
0 0.23515625 0.25234375 0.1859375 0.17421875
0 0.1109375 0.08046875 0.20625 0.1609375
0 0.26484375 0.9484375 0.159375 0.103125
0 0.496875 0.69375 0.16953125 0.1609375
0 0.91171875 0.9703125 0.16875 0.059375
0 0.24609375 0.696875 0.1390625 0.15546875