0 0.82890625 0.0421875 0.13046875 0.084375
0 0.64765625 0.11015625 0.2484375 0.21953125
0 0.54375 0.15546875 0.10234375 0.10546875
0 0.46328125 0.14921875 0.1140625 0.084375
0 0.3125 0.215625 0.1734375 0.1640625
0 0.47421875 0.22890625 0.11171875 0.10859375
0 0.575 0.25390625 0.12578125 0.121875
0 0.04921875 0.3921875 0.09375 0.08828125
0 0.03671875 0.46171875 0.0734375 0.090625
0 0.0390625 0.5140625 0.078125 0.09765625
0 0.3078125 0.94375 0.159375 0.1125
0 0.82421875 0.9578125 0.13046875 0.084375
0 0.92421875 0.959375 0.1296875 0.08125
0 0.76171875 0.73359375 0.23828125 0.2546875
0 0.7078125 0.53359375 0.084375 0.07109375