0 0.053125 0.921875 0.10625 0.15625
0 0.24453125 0.78359375 0.1703125 0.18203125
0 0.2265625 0.4953125 0.18671875 0.20859375
0 0.3265625 0.27109375 0.175 0.1765625
0 0.47734375 0.4796875 0.18671875 0.18984375
0 0.609375 0.10078125 0.19375 0.2
0 0.08203125 0.03828125 0.1640625 0.07578125
0 0.01796875 0.21484375 0.0359375 0.1515625
0 0.03125 0.3546875 0.0625 0.16953125
0 0.6015625 0.24765625 0.2109375 0.18515625
0 0.7328125 0.3078125 0.16796875 0.16953125
0 0.49140625 0.62890625 0.18203125 0.18515625
0 0.62421875 0.67265625 0.18203125 0.16484375
0 0.03359375 0.640625 0.0671875 0.1703125
0 0.04140625 0.78984375 0.0828125 0.1609375
0 0.3921875 0.9484375 0.1734375 0.10234375
0 0.7625 0.88359375 0.15 0.16796875
0 0.64453125 0.809375 0.16796875 0.1265625
0 0.8796875 0.80234375 0.1765625 0.16484375
0 0.75859375 0.7484375 0.16640625 0.16328125
0 0.12109375 0.57109375 0.1921875 0.16171875
0 0.9515625 0.15 0.096875 0.1484375
0 0.725 0.05234375 0.19296875 0.10390625
0 0.4578125 0.06484375 0.16171875 0.1296875
0 0.090625 0.14609375 0.18046875 0.16328125
0 0.47890625 0.3484375 0.175 0.17265625
0 0.3234375 0.13125 0.16640625 0.16640625
0 0.8625 0.37890625 0.18671875 0.1796875
0 0.840625 0.0828125 0.1890625 0.165625
0 0.25078125 0.64609375 0.16640625 0.18984375
0 0.940625 0.0421875 0.11875 0.084375
0 0.09609375 0.2859375 0.17578125 0.16171875
0 0.3609375 0.41875 0.1671875 0.17734375
0 0.371875 0.56171875 0.18359375 0.16875
0 0.33203125 0.0390625 0.184375 0.078125
0 0.8765625 0.678125 0.1734375 0.14609375
0 0.13359375 0.8734375 0.19609375 0.18515625
0 0.021875 0.084375 0.04375 0.16875
0 0.71953125 0.16953125 0.16953125 0.17421875
0 0.4640625 0.19609375 0.1828125 0.17421875
0 0.27109375 0.9234375 0.1890625 0.153125
0 0.38125 0.8515625 0.175 0.1734375
0 0.23125 0.35234375 0.184375 0.16640625
0 0.50625 0.771875 0.175 0.16640625
0 0.86640625 0.53125 0.17578125 0.1734375
0 0.37734375 0.696875 0.19609375 0.1734375
0 0.109375 0.42734375 0.1796875 0.16875
0 0.62265625 0.3890625 0.1609375 0.1671875
0 0.121875 0.72265625 0.20625 0.171875
0 0.62109375 0.5421875 0.19140625 0.17734375
0 0.6703125 0.953125 0.1515625 0.09375
0 0.88359375 0.93828125 0.159375 0.1234375
0 0.21796875 0.2109375 0.14609375 0.1453125
0 0.540625 0.8953125 0.17109375 0.1578125
0 0.8546875 0.2234375 0.146875 0.1578125
0 0.209375 0.07421875 0.175 0.1484375
0 0.74296875 0.60859375 0.17265625 0.16171875
0 0.94296875 0.30078125 0.1140625 0.1421875
0 0.74609375 0.4546875 0.15859375 0.153125