0 0.0921875 0.15078125 0.12265625 0.12109375
0 0.5484375 0.81640625 0.08125 0.084375
0 0.59375 0.76953125 0.0703125 0.0703125
0 0.06953125 0.33046875 0.1125 0.10703125
0 0.778125 0.16171875 0.13203125 0.125
0 0.6109375 0.11015625 0.18046875 0.1921875
0 0.834375 0.9453125 0.13828125 0.109375
0 0.9390625 0.53984375 0.12109375 0.15625
0 0.890625 0.26875 0.090625 0.0640625
0 0.80546875 0.51484375 0.10859375 0.115625
0 0.93359375 0.2015625 0.07109375 0.05
0 0.83828125 0.3328125 0.08984375 0.10390625
0 0.990625 0.89296875 0.01875 0.11015625
0 0.784375 0.73125 0.115625 0.09140625
0 0.43125 0.165625 0.11953125 0.1140625
0 0.6453125 0.98828125 0.1265625 0.0234375
0 0.75078125 0.45 0.15703125 0.165625
0 0.54609375 0.371875 0.10546875 0.10859375
0 0.64453125 0.4375 0.0875 0.090625
0 0.06875 0.578125 0.11953125 0.11953125
0 0.296875 0.0453125 0.16875 0.090625
0 0.47109375 0.32265625 0.11796875 0.09453125
0 0.95703125 0.3015625 0.07109375 0.07578125
0 0.01171875 0.35 0.0234375 0.109375
0 0.98125 0.13984375 0.03671875 0.0546875
0 0.00859375 0.42109375 0.0171875 0.06171875
0 0.02265625 0.15546875 0.0453125 0.12734375
0 0.9953125 0.171875 0.00859375 0.0453125
0 0.92265625 0.3640625 0.12890625 0.13984375
0 0.9640625 0.4859375 0.07109375 0.17734375
0 0.87421875 0.56171875 0.115625 0.134375
0 0.78984375 0.64453125 0.1859375 0.1609375
0 0.9703125 0.62109375 0.059375 0.0734375
0 0.92578125 0.66328125 0.0765625 0.06015625
0 0.71953125 0.2796875 0.18359375 0.21796875
0 0.59921875 0.28046875 0.1015625 0.0953125
0 0.19921875 0.421875 0.07109375 0.08046875
0 0.13671875 0.41875 0.0734375 0.06796875
0 0.1171875 0.49375 0.065625 0.0578125
0 0.0828125 0.4390625 0.06796875 0.05859375
0 0.2109375 0.3078125 0.08984375 0.04921875
0 0.49296875 0.2203125 0.2140625 0.16015625
0 0.4953125 0.0515625 0.08203125 0.0671875
0 0.08203125 0.1046875 0.1640625 0.209375
0 0.025 0.253125 0.05 0.109375
0 0.30546875 0.775 0.0734375 0.0609375
0 0.11328125 0.7140625 0.1046875 0.0953125
0 0.08125 0.65234375 0.0796875 0.0515625
0 0.25 0.97578125 0.046875 0.0484375
0 0.21875 0.9640625 0.0453125 0.040625
0 0.20078125 0.98515625 0.04765625 0.02890625
0 0.1671875 0.99453125 0.05234375 0.01015625