0 0.88359375 0.9296875 0.15859375 0.13984375
0 0.6875 0.81015625 0.19375 0.15859375
0 0.44921875 0.87578125 0.20078125 0.15625
0 0.02265625 0.653125 0.0453125 0.134375
0 0.021875 0.54765625 0.04375 0.1484375
0 0.06796875 0.35546875 0.1359375 0.1796875
0 0.27890625 0.19375 0.17421875 0.18828125
0 0.05859375 0.09453125 0.1171875 0.1890625
0 0.13671875 0.03515625 0.1796875 0.0703125
0 0.26875 0.06484375 0.18515625 0.1296875
0 0.38828125 0.03203125 0.18515625 0.06328125
0 0.74765625 0.2859375 0.18515625 0.14921875
0 0.44296875 0.53125 0.1546875 0.17109375
0 0.5890625 0.54453125 0.20078125 0.18828125
0 0.7375 0.56015625 0.165625 0.146875
0 0.6875 0.9734375 0.16484375 0.053125
0 0.1234375 0.7390625 0.18125 0.1921875
0 0.90078125 0.76875 0.16875 0.18828125
0 0.946875 0.890625 0.10625 0.19921875
0 0.7671875 0.69375 0.1734375 0.190625
0 0.2140625 0.89765625 0.14140625 0.12421875
0 0.87890625 0.65390625 0.1640625 0.1890625
0 0.40703125 0.75546875 0.19375 0.18359375
0 0.3515625 0.6234375 0.18046875 0.165625
0 0.075 0.49765625 0.15 0.16875
0 0.4484375 0.390625 0.15859375 0.1578125
0 0.5625 0.79375 0.18671875 0.18671875
0 0.29296875 0.3484375 0.17265625 0.19765625
0 0.39140625 0.94921875 0.1453125 0.1015625
0 0.7546875 0.92109375 0.1859375 0.15703125
0 0.57578125 0.4046875 0.16015625 0.16015625
0 0.91328125 0.25390625 0.1734375 0.19765625
0 0.8546875 0.50546875 0.215625 0.1609375
0 0.82578125 0.825 0.16171875 0.153125
0 0.39140625 0.12109375 0.16953125 0.15859375
0 0.17265625 0.82265625 0.14296875 0.121875
0 0.5203125 0.0578125 0.165625 0.115625
0 0.259375 0.728125 0.15546875 0.17265625
0 0.95078125 0.565625 0.0984375 0.190625
0 0.5 0.6578125 0.16328125 0.1703125
0 0.51953125 0.959375 0.1515625 0.08125
0 0.31484375 0.49375 0.1484375 0.13515625
0 0.21171875 0.60234375 0.1796875 0.17265625
0 0.790625 0.17734375 0.184375 0.184375
0 0.6078125 0.27109375 0.1984375 0.16171875
0 0.06328125 0.21484375 0.1265625 0.1734375
0 0.64453125 0.67890625 0.165625 0.175
0 0.85625 0.36796875 0.18671875 0.15625
0 0.1640625 0.13359375 0.2078125 0.165625
0 0.396875 0.24921875 0.159375 0.165625
0 0.171875 0.42109375 0.1453125 0.14375
0 0.7109375 0.425 0.17578125 0.184375
0 0.946875 0.975 0.10546875 0.05
0 0.60234375 0.91640625 0.14765625 0.15625
0 0.17265625 0.2734375 0.17734375 0.17734375