0 0.121875 0.0171875 0.22890625 0.034375
0 0.1328125 0.11796875 0.2484375 0.21171875
0 0.08125 0.2609375 0.1546875 0.13125
0 0.03515625 0.61484375 0.0703125 0.2046875
0 0.1140625 0.65390625 0.1171875 0.15234375
0 0.05 0.825 0.1 0.24921875
0 0.0578125 0.96953125 0.115625 0.0609375
0 0.19140625 0.98203125 0.21875 0.0359375
0 0.2109375 0.9 0.25859375 0.19921875
0 0.1875 0.7265625 0.1921875 0.19140625
0 0.2390625 0.5796875 0.1515625 0.15234375
0 0.26953125 0.47578125 0.1390625 0.11953125
0 0.35859375 0.56875 0.12421875 0.14296875
0 0.3515625 0.68515625 0.25703125 0.12265625
0 0.371875 0.8046875 0.25625 0.1640625
0 0.4109375 0.9421875 0.221875 0.115625
0 0.59765625 0.9390625 0.2359375 0.121875
0 0.509375 0.80859375 0.20078125 0.26171875
0 0.515625 0.59765625 0.1984375 0.2140625
0 0.7140625 0.3796875 0.165625 0.15234375
0 0.6609375 0.21875 0.2765625 0.2203125
0 0.69765625 0.01328125 0.0765625 0.0265625
0 0.79140625 0.0171875 0.0828125 0.034375
0 0.9234375 0.034375 0.0765625 0.06796875
0 0.85703125 0.02265625 0.0671875 0.0453125
0 0.878125 0.0546875 0.08359375 0.06484375
0 0.8 0.07734375 0.08671875 0.0921875
0 0.746875 0.06015625 0.075 0.11171875
0 0.88203125 0.11015625 0.07421875 0.078125
0 0.8453125 0.14296875 0.0765625 0.09609375
0 0.796875 0.171875 0.0875 0.090625
0 0.88671875 0.19296875 0.07890625 0.1046875
0 0.8296875 0.20625 0.08828125 0.071875
0 0.9484375 0.3671875 0.10234375 0.15234375