0 0.93359375 0.990625 0.06875 0.01796875
0 0.95390625 0.9796875 0.0453125 0.040625
0 0.97890625 0.96953125 0.0421875 0.040625
0 0.78125 0.30625 0.021875 0.0265625
0 0.95 0.128125 0.1 0.11875
0 0.009375 0.88828125 0.01875 0.1359375
0 0.5984375 0.95390625 0.14375 0.0921875
0 0.684375 0.8625 0.03671875 0.0328125
0 0.60234375 0.7140625 0.12109375 0.11640625
0 0.35 0.7296875 0.053125 0.053125
0 0.28359375 0.734375 0.0546875 0.06328125
0 0.23359375 0.740625 0.0421875 0.03828125
0 0.19296875 0.7390625 0.03984375 0.0390625
0 0.15234375 0.7078125 0.0328125 0.03671875
0 0.053125 0.71484375 0.0515625 0.04765625
0 0.234375 0.66640625 0.09765625 0.08671875
0 0.0484375 0.6359375 0.096875 0.125
0 0.56875 0.425 0.2125 0.23125
0 0.37109375 0.12578125 0.20859375 0.15078125
0 0.16015625 0.08203125 0.05859375 0.059375
0 0.9875 0.26171875 0.025 0.0765625