0 0.9875 0.315625 0.02421875 0.05546875
0 0.97265625 0.378125 0.05078125 0.053125
0 0.34296875 0.38046875 0.1421875 0.1390625
0 0.83515625 0.43359375 0.10390625 0.11953125
0 0.9453125 0.24921875 0.10859375 0.09921875
0 0.25859375 0.53359375 0.1546875 0.159375
0 0.1328125 0.88203125 0.1328125 0.1609375
0 0.23671875 0.81796875 0.153125 0.13828125
0 0.3546875 0.71796875 0.15234375 0.14609375
0 0.8453125 0.853125 0.10390625 0.09609375
0 0.3671875 0.503125 0.1453125 0.14375
0 0.13828125 0.73515625 0.14765625 0.1390625
0 0.74609375 0.4234375 0.08125 0.08125
0 0.4671875 0.21015625 0.1828125 0.15703125
0 0.0671875 0.47421875 0.134375 0.12890625
0 0.05859375 0.0625 0.1171875 0.125
0 0.23046875 0.928125 0.13046875 0.13671875
0 0.359375 0.253125 0.13515625 0.1203125
0 0.6453125 0.471875 0.0890625 0.09296875
0 0.6546875 0.5515625 0.096875 0.10234375
0 0.0578125 0.628125 0.11484375 0.1625
0 0.6171875 0.62734375 0.09765625 0.103125
0 0.58515625 0.05 0.171875 0.1
0 0.2671875 0.20078125 0.13359375 0.15390625
0 0.46328125 0.5734375 0.12734375 0.1296875
0 0.72265625 0.47578125 0.08359375 0.07890625
0 0.70078125 0.09453125 0.14140625 0.1390625
0 0.47578125 0.08125 0.13828125 0.1484375
0 0.39453125 0.94375 0.1546875 0.1125
0 0.05703125 0.7921875 0.11328125 0.1734375
0 0.24140625 0.68671875 0.1515625 0.159375
0 0.36875 0.61171875 0.140625 0.1375
0 0.1375 0.5484375 0.1453125 0.153125
0 0.21328125 0.4234375 0.15390625 0.15
0 0.1015625 0.35546875 0.17421875 0.14609375
0 0.14375 0.24375 0.17421875 0.1625
0 0.05625 0.1875 0.1125 0.146875
0 0.14296875 0.1125 0.1484375 0.128125
0 0.26328125 0.06875 0.1640625 0.1375
0 0.36640625 0.134375 0.1484375 0.15859375
0 0.38203125 0.0390625 0.15859375 0.07734375
0 0.5796875 0.14453125 0.14609375 0.12578125
0 0.578125 0.275 0.159375 0.15390625
0 0.6875 0.225 0.1484375 0.14609375
0 0.46953125 0.33515625 0.14609375 0.14453125
0 0.46328125 0.44609375 0.12734375 0.11796875
0 0.55078125 0.51953125 0.14765625 0.15390625
0 0.7140625 0.31953125 0.14765625 0.1328125
0 0.7984375 0.15390625 0.13828125 0.134375
0 0.81640625 0.05234375 0.146875 0.10390625
0 0.88984375 0.09609375 0.13125 0.12578125
0 0.47265625 0.76328125 0.2625 0.284375
0 0.05 0.91484375 0.1 0.1703125