0 0.96640625 0.19140625 0.0671875 0.1421875
0 0.66328125 0.04296875 0.1828125 0.0859375
0 0.02734375 0.0703125 0.0546875 0.10546875
0 0.40078125 0.1859375 0.1234375 0.1625
0 0.965625 0.33359375 0.06875 0.15703125
0 0.79453125 0.08671875 0.165625 0.15546875
0 0.6828125 0.28828125 0.17890625 0.14765625
0 0.784375 0.221875 0.16328125 0.13203125
0 0.90859375 0.27109375 0.1515625 0.15546875
0 0.04375 0.31328125 0.0875 0.12578125
0 0.0296875 0.53984375 0.059375 0.1046875
0 0.05078125 0.45390625 0.1015625 0.1078125
0 0.0953125 0.38984375 0.09765625 0.09375
0 0.025 0.6671875 0.04921875 0.1
0 0.06015625 0.6 0.1203125 0.0921875
0 0.115625 0.5390625 0.1359375 0.1125
0 0.16875 0.47578125 0.12109375 0.11484375
0 0.48359375 0.44140625 0.165625 0.17578125
0 0.571875 0.3890625 0.16328125 0.2046875
0 0.79765625 0.340625 0.134375 0.14453125
0 0.92578125 0.3984375 0.1484375 0.15
0 0.80625 0.4609375 0.153125 0.1546875
0 0.928125 0.52578125 0.14375 0.1640625
0 0.57109375 0.60390625 0.14375 0.1609375
0 0.69765625 0.5390625 0.16328125 0.1203125
0 0.928125 0.6515625 0.14296875 0.153125
0 0.58828125 0.72890625 0.15546875 0.12890625
0 0.709375 0.65625 0.18359375 0.1359375
0 0.62578125 0.84921875 0.14921875 0.153125
0 0.94453125 0.9765625 0.1109375 0.046875
0 0.734375 0.98203125 0.14453125 0.03515625
0 0.85625 0.94296875 0.1703125 0.1140625
0 0.93515625 0.89140625 0.1296875 0.1578125
0 0.71953125 0.91953125 0.17109375 0.15703125
0 0.83359375 0.84140625 0.14921875 0.13984375
0 0.71171875 0.79296875 0.1765625 0.178125
0 0.81640625 0.72890625 0.14921875 0.15703125
0 0.6921875 0.42890625 0.15859375 0.1578125
0 0.2828125 0.42109375 0.1484375 0.15546875
0 0.0484375 0.80546875 0.096875 0.1640625
0 0.29765625 0.09921875 0.109375 0.08984375
0 0.1515625 0.2609375 0.14609375 0.13671875
0 0.56953125 0.26796875 0.14140625 0.13828125
0 0.4484375 0.06328125 0.15625 0.1265625
0 0.90625 0.13515625 0.14375 0.16953125
0 0.0953125 0.6765625 0.12578125 0.1234375
0 0.9328125 0.78515625 0.134375 0.15546875
0 0.6859375 0.15546875 0.175 0.17890625
0 0.81796875 0.603125 0.1265625 0.1234375
0 0.51953125 0.18359375 0.18515625 0.15859375
0 0.453125 0.31953125 0.19453125 0.15390625
0 0.17109375 0.11640625 0.1296875 0.109375