0 0.1328125 0.3671875 0.265625 0.33203125
0 0.3109375 0.39140625 0.25625 0.303125
0 0.1046875 0.5671875 0.209375 0.13515625
0 0.5203125 0.48828125 0.1765625 0.2046875
0 0.85390625 0.64765625 0.19921875 0.16015625
0 0.9546875 0.9046875 0.08984375 0.14375
0 0.89296875 0.91015625 0.090625 0.13984375
0 0.92890625 0.9828125 0.0953125 0.034375
0 0.94375 0.48671875 0.1125 0.09921875
0 0.68125 0.2546875 0.2734375 0.290625
0 0.26875 0.21015625 0.09375 0.08515625
0 0.22265625 0.1546875 0.1046875 0.07578125
0 0.19140625 0.09296875 0.1125 0.0703125
0 0.0859375 0.1921875 0.17109375 0.1515625