0 0.0546875 0.41796875 0.109375 0.1796875
0 0.1734375 0.41015625 0.1359375 0.1296875
0 0.09375 0.3703125 0.1078125 0.109375
0 0.06171875 0.2953125 0.1234375 0.1109375
0 0.24609375 0.54921875 0.22578125 0.20390625
0 0.11484375 0.49921875 0.0765625 0.08203125
0 0.22578125 0.70625 0.22578125 0.22265625
0 0.40234375 0.73046875 0.19921875 0.21640625
0 0.340625 0.653125 0.11796875 0.1265625
0 0.38515625 0.6125 0.0484375 0.034375
0 0.565625 0.8796875 0.2390625 0.17578125
0 0.51015625 0.95703125 0.27578125 0.0859375
0 0.92265625 0.809375 0.1546875 0.275
0 0.81953125 0.68984375 0.29453125 0.2671875
0 0.7375 0.53515625 0.29453125 0.30078125
0 0.6453125 0.37734375 0.28203125 0.334375
0 0.46796875 0.23515625 0.32421875 0.3546875
0 0.70234375 0.11015625 0.23046875 0.2203125
0 0.7625 0.11796875 0.23515625 0.2359375
0 0.86875 0.32578125 0.046875 0.04296875
0 0.92578125 0.39296875 0.10078125 0.1
0 0.9296875 0.43828125 0.140625 0.0859375