0 0.2265625 0.52265625 0.2453125 0.253125
0 0.38359375 0.403125 0.1765625 0.20546875
0 0.4390625 0.353125 0.18359375 0.15703125
0 0.5328125 0.21875 0.33203125 0.2890625
0 0.58828125 0.05390625 0.121875 0.1078125
0 0.6984375 0.09609375 0.15546875 0.165625
0 0.77109375 0.0484375 0.27109375 0.09609375
0 0.05390625 0.20546875 0.0671875 0.0546875
0 0.0953125 0.26328125 0.1015625 0.09375
0 0.01640625 0.64453125 0.0328125 0.07109375
0 0.0109375 0.70390625 0.021875 0.090625
0 0.05078125 0.76171875 0.06953125 0.10390625
0 0.015625 0.81640625 0.03125 0.0765625
0 0.12265625 0.6765625 0.071875 0.084375
0 0.325 0.76953125 0.07421875 0.05859375
0 0.2859375 0.8046875 0.0609375 0.0765625
0 0.2890625 0.85703125 0.07578125 0.10703125
0 0.41953125 0.821875 0.03125 0.03515625
0 0.39921875 0.7671875 0.0328125 0.03984375
0 0.3359375 0.709375 0.03515625 0.04765625
0 0.60234375 0.846875 0.07578125 0.084375
0 0.54375 0.80234375 0.0875 0.09140625
0 0.48984375 0.87734375 0.0328125 0.03984375
0 0.56171875 0.965625 0.06015625 0.0578125
0 0.51875 0.978125 0.05390625 0.04375
0 0.47578125 0.990625 0.046875 0.01875
0 0.30703125 0.96640625 0.07421875 0.0609375
0 0.21875 0.9890625 0.096875 0.021875
0 0.246875 0.9203125 0.05078125 0.06328125
0 0.2609375 0.959375 0.06640625 0.0609375
0 0.159375 0.91328125 0.05625 0.08984375
0 0.190625 0.96953125 0.06484375 0.06015625
0 0.065625 0.96796875 0.04453125 0.06328125
0 0.09296875 0.9453125 0.0859375 0.090625
0 0.0875 0.86484375 0.1 0.08046875
0 0.1515625 0.7890625 0.084375 0.06015625
0 0.19453125 0.7671875 0.040625 0.05234375
0 0.034375 0.684375 0.06640625 0.0484375
0 0.05625 0.6328125 0.06640625 0.05
0 0.0078125 0.884375 0.015625 0.04375