0 0.5484375 0.14296875 0.07109375 0.078125
0 0.2890625 0.35859375 0.0578125 0.04609375
0 0.81015625 0.7515625 0.04375 0.04375
0 0.803125 0.7140625 0.04140625 0.03046875
0 0.84140625 0.69765625 0.03671875 0.0328125
0 0.61015625 0.91015625 0.2109375 0.1796875
0 0.7171875 0.7125 0.1078125 0.1046875
0 0.459375 0.20234375 0.1078125 0.1015625
0 0.52265625 0.2359375 0.1015625 0.09609375
0 0.9578125 0.9484375 0.06953125 0.0703125
0 0.13515625 0.4125 0.065625 0.065625
0 0.34609375 0.26171875 0.07734375 0.08359375
0 0.3859375 0.49453125 0.08125 0.075
0 0.6046875 0.30234375 0.071875 0.0578125
0 0.5484375 0.33359375 0.0765625 0.0734375
0 0.453125 0.28984375 0.05625 0.04609375
0 0.39296875 0.334375 0.05625 0.059375
0 0.403125 0.30078125 0.04765625 0.0515625
0 0.509375 0.3 0.059375 0.06328125
0 0.546875 0.45703125 0.18125 0.2078125
0 0.59765625 0.43359375 0.05390625 0.04296875
0 0.63203125 0.5359375 0.0828125 0.0671875
0 0.43671875 0.56015625 0.06875 0.05546875
0 0.321875 0.521875 0.06875 0.0578125
0 0.21015625 0.4421875 0.08125 0.08671875
0 0.2453125 0.478125 0.06171875 0.08359375
0 0.121875 0.48203125 0.06328125 0.04609375
0 0.15546875 0.525 0.04921875 0.06953125
0 0.1171875 0.52109375 0.0484375 0.07109375
0 0.025 0.5125 0.05 0.0625
0 0.15 0.68203125 0.2484375 0.29609375
0 0.08671875 0.5421875 0.03984375 0.04453125
0 0.059375 0.56484375 0.05546875 0.0390625
0 0.028125 0.6265625 0.04609375 0.0578125
0 0.01953125 0.69296875 0.0390625 0.0765625
0 0.24921875 0.87421875 0.2 0.1828125
0 0.82890625 0.9078125 0.18828125 0.175
0 0.46796875 0.8890625 0.1609375 0.1578125
0 0.63125 0.634375 0.1921875 0.1734375
0 0.634375 0.7640625 0.13828125 0.1046875
0 0.54375 0.66953125 0.15234375 0.1609375