0 0.1875 0.04765625 0.21484375 0.0953125
0 0.19765625 0.1734375 0.2328125 0.1984375
0 0.14921875 0.30703125 0.14453125 0.12265625
0 0.0484375 0.15625 0.096875 0.12421875
0 0.02890625 0.35390625 0.05703125 0.17109375
0 0.06953125 0.6390625 0.1390625 0.190625
0 0.18046875 0.675 0.109375 0.1421875
0 0.08359375 0.83515625 0.1671875 0.2328125
0 0.1125 0.9703125 0.1375 0.059375
0 0.25234375 0.98203125 0.2046875 0.0359375
0 0.27109375 0.90625 0.2421875 0.1875
0 0.24921875 0.74296875 0.18046875 0.17890625
0 0.29765625 0.60546875 0.1421875 0.14296875
0 0.32578125 0.50859375 0.13046875 0.11171875
0 0.40859375 0.5953125 0.115625 0.13359375
0 0.40234375 0.70390625 0.240625 0.11484375
0 0.421875 0.81640625 0.23984375 0.15390625
0 0.45859375 0.9453125 0.2078125 0.109375
0 0.63359375 0.9421875 0.22109375 0.115625
0 0.55 0.81953125 0.18828125 0.24453125
0 0.55625 0.621875 0.1859375 0.2
0 0.7421875 0.41796875 0.1546875 0.1421875
0 0.6921875 0.2671875 0.25859375 0.20625
0 0.72265625 0.0203125 0.09296875 0.040625
0 0.7828125 0.01484375 0.1015625 0.02890625
0 0.728125 0.06015625 0.07109375 0.05546875
0 0.815625 0.059375 0.078125 0.07265625
0 0.89453125 0.04140625 0.06796875 0.07109375
0 0.93828125 0.08984375 0.071875 0.07265625
0 0.8765625 0.0734375 0.06328125 0.065625
0 0.8953125 0.1140625 0.078125 0.06015625
0 0.82265625 0.13515625 0.08125 0.0859375
0 0.77265625 0.11875 0.0703125 0.1046875
0 0.89921875 0.165625 0.06953125 0.07265625
0 0.86484375 0.196875 0.071875 0.08984375
0 0.81953125 0.22421875 0.08203125 0.084375
0 0.90390625 0.24296875 0.07421875 0.0984375
0 0.85 0.25625 0.0828125 0.0671875
0 0.95703125 0.40703125 0.0859375 0.1421875