0 0.6390625 0.1796875 0.23203125 0.215625
0 0.259375 0.34296875 0.28671875 0.2796875
0 0.0625 0.43046875 0.12421875 0.2953125
0 0.53515625 0.3828125 0.21484375 0.209375
0 0.709375 0.80625 0.0734375 0.09140625
0 0.75859375 0.8234375 0.06171875 0.0765625
0 0.684375 0.865625 0.08515625 0.0875
0 0.6578125 0.82578125 0.05390625 0.071875
0 0.61328125 0.8671875 0.0828125 0.1125
0 0.56796875 0.89921875 0.09453125 0.08828125
0 0.64375 0.915625 0.04921875 0.06640625
0 0.759375 0.94296875 0.06171875 0.0796875
0 0.7296875 0.9671875 0.08125 0.065625
0 0.80625 0.9609375 0.0359375 0.053125
0 0.9640625 0.82890625 0.05078125 0.0640625