0 0.95 0.4296875 0.09921875 0.3015625
0 0.9828125 0.22890625 0.034375 0.1484375
0 0.803125 0.52578125 0.153125 0.1203125
0 0.72109375 0.63125 0.14453125 0.18984375
0 0.82734375 0.68359375 0.2171875 0.18515625
0 0.94453125 0.90703125 0.1109375 0.1546875
0 0.13984375 0.78671875 0.2796875 0.35390625
0 0.38046875 0.45 0.32265625 0.34921875
0 0.56953125 0.2515625 0.4421875 0.3609375
0 0.7578125 0.11015625 0.29453125 0.2203125
0 0.32890625 0.20625 0.17734375 0.18046875
0 0.1796875 0.1578125 0.03671875 0.03828125
0 0.01953125 0.3765625 0.0390625 0.09375
0 0.19296875 0.55 0.07578125 0.08671875