0 0.9578125 0.58046875 0.0828125 0.11640625
0 0.89453125 0.59609375 0.1359375 0.134375
0 0.87421875 0.684375 0.11015625 0.08671875
0 0.6703125 0.65234375 0.13828125 0.14921875
0 0.61171875 0.684375 0.06328125 0.06953125
0 0.77109375 0.7 0.03125 0.0296875
0 0.703125 0.70546875 0.0375 0.040625
0 0.72265625 0.76015625 0.05234375 0.05546875
0 0.678125 0.7421875 0.05546875 0.04609375
0 0.60546875 0.75625 0.08359375 0.09453125
0 0.63046875 0.78828125 0.07109375 0.0765625
0 0.81875 0.853125 0.05234375 0.03984375
0 0.834375 0.87734375 0.03125 0.03046875
0 0.77734375 0.86875 0.0375 0.03203125
0 0.78359375 0.89375 0.034375 0.034375
0 0.8109375 0.87734375 0.03515625 0.05
0 0.5 0.76875 0.04921875 0.04375
0 0.54453125 0.77734375 0.0515625 0.053125
0 0.46875 0.78671875 0.04375 0.0375
0 0.3421875 0.8171875 0.0796875 0.0734375
0 0.303125 0.77109375 0.0453125 0.053125
0 0.22578125 0.78125 0.14765625 0.1203125
0 0.13515625 0.8078125 0.0921875 0.125
0 0.0515625 0.8140625 0.103125 0.1203125
0 0.07890625 0.884375 0.1234375 0.10859375
0 0.0390625 0.93046875 0.078125 0.1359375
0 0.26953125 0.94921875 0.040625 0.0515625
0 0.234375 0.959375 0.01796875 0.028125
0 0.209375 0.96875 0.02890625 0.034375
0 0.234375 0.5859375 0.1328125 0.12578125
0 0.10390625 0.01328125 0.04609375 0.0265625