0 0.2359375 0.94453125 0.1625 0.1109375
0 0.34296875 0.87109375 0.153125 0.16875
0 0.46640625 0.95 0.17578125 0.09921875
0 0.66015625 0.5328125 0.153125 0.1515625
0 0.31171875 0.665625 0.1546875 0.1546875
0 0.8359375 0.69296875 0.15546875 0.1609375
0 0.40234375 0.7015625 0.17734375 0.17890625
0 0.38515625 0.5484375 0.23203125 0.2
0 0.421875 0.4390625 0.09296875 0.10078125
0 0.503125 0.48203125 0.15 0.15703125
0 0.8921875 0.071875 0.1625 0.14296875
0 0.6703125 0.30625 0.18515625 0.16796875
0 0.7984375 0.2875 0.165625 0.1703125
0 0.89453125 0.303125 0.134375 0.14375
0 0.928125 0.33828125 0.14296875 0.19296875
0 0.73125 0.734375 0.171875 0.1609375
0 0.9234375 0.72578125 0.15234375 0.1359375
0 0.94140625 0.646875 0.11640625 0.171875
0 0.59296875 0.90390625 0.14921875 0.1734375
0 0.71328125 0.87421875 0.15546875 0.12890625
0 0.471875 0.87421875 0.16875 0.12890625
0 0.23203125 0.8234375 0.13125 0.14375
0 0.13515625 0.7796875 0.18515625 0.17578125
0 0.04375 0.72421875 0.0875 0.1515625
0 0.121875 0.65625 0.19296875 0.165625
0 0.228125 0.5921875 0.1796875 0.15859375
0 0.0328125 0.59609375 0.065625 0.16796875
0 0.12890625 0.53359375 0.16328125 0.1609375
0 0.2234375 0.4625 0.14609375 0.16875
0 0.03203125 0.45703125 0.0640625 0.17890625
0 0.08671875 0.41796875 0.1734375 0.16875
0 0.121875 0.31484375 0.1984375 0.16875
0 0.33203125 0.15703125 0.203125 0.19453125
0 0.49140625 0.13203125 0.1921875 0.15859375
0 0.2390625 0.09453125 0.17890625 0.16796875
0 0.3984375 0.05390625 0.178125 0.1078125
0 0.53515625 0.03984375 0.16640625 0.0796875
0 0.628125 0.06640625 0.1734375 0.1328125
0 0.5125 0.3640625 0.1234375 0.11015625
0 0.3125 0.396875 0.18203125 0.1546875
0 0.41328125 0.32265625 0.165625 0.16875
0 0.51484375 0.25 0.19296875 0.1734375
0 0.6390625 0.18359375 0.2 0.1796875
0 0.7875 0.1640625 0.13046875 0.14140625
0 0.90390625 0.1859375 0.1921875 0.15625
0 0.6203125 0.41171875 0.19453125 0.20546875
0 0.7484375 0.45546875 0.1609375 0.171875
0 0.8421875 0.4046875 0.17734375 0.1609375
0 0.94453125 0.49140625 0.1109375 0.184375
0 0.684375 0.6390625 0.12578125 0.1171875
0 0.7921875 0.58515625 0.19453125 0.1625
0 0.846875 0.86484375 0.15703125 0.17734375
0 0.9390625 0.81640625 0.121875 0.16875
0 0.540625 0.8 0.14765625 0.1046875
0 0.53984375 0.64921875 0.2078125 0.20546875
0 0.04765625 0.98046875 0.0953125 0.0390625
0 0.03203125 0.19453125 0.0640625 0.18046875
0 0.0515625 0.86640625 0.103125 0.19296875
0 0.02734375 0.0671875 0.0546875 0.134375
0 0.26796875 0.2828125 0.184375 0.19296875
0 0.1359375 0.9203125 0.17734375 0.1484375
0 0.36015625 0.97265625 0.1734375 0.0546875