0 0.95 0.60703125 0.1 0.1953125
0 0.98359375 0.840625 0.0328125 0.04765625
0 0.9875 0.8015625 0.02421875 0.05859375
0 0.99375 0.75390625 0.0125 0.0671875
0 0.9671875 0.696875 0.05078125 0.04453125
0 0.96796875 0.74921875 0.05625 0.053125
0 0.86171875 0.7109375 0.1671875 0.1390625
0 0.453125 0.96484375 0.13984375 0.06953125
0 0.36484375 0.96796875 0.06953125 0.06328125
0 0.31484375 0.975 0.0796875 0.05
0 0.19453125 0.96953125 0.16015625 0.0609375
0 0.08984375 0.9734375 0.0671875 0.053125
0 0.021875 0.859375 0.04375 0.084375
0 0.1390625 0.878125 0.215625 0.16015625
0 0.27890625 0.83984375 0.0828125 0.06328125
0 0.353125 0.8890625 0.11484375 0.1015625
0 0.415625 0.825 0.2203125 0.14140625
0 0.66796875 0.81796875 0.11875 0.11640625
0 0.77109375 0.83203125 0.16171875 0.196875
0 0.56015625 0.7703125 0.08125 0.0671875
0 0.7 0.72578125 0.05390625 0.075
0 0.74921875 0.71484375 0.0625 0.06484375
0 0.725 0.67890625 0.0578125 0.059375
0 0.8625 0.5859375 0.06640625 0.06875
0 0.96015625 0.4546875 0.07109375 0.0515625
0 0.675 0.38984375 0.16171875 0.11328125
0 0.67734375 0.278125 0.15390625 0.13984375
0 0.77265625 0.5765625 0.109375 0.1078125
0 0.72890625 0.49765625 0.1078125 0.1140625
0 0.55234375 0.64453125 0.25390625 0.19140625
0 0.546875 0.2984375 0.046875 0.04375
0 0.478125 0.36015625 0.13828125 0.11171875
0 0.28125 0.34375 0.1046875 0.0984375
0 0.3890625 0.27265625 0.05625 0.04609375
0 0.37890625 0.2421875 0.04453125 0.02421875
0 0.4515625 0.22109375 0.10390625 0.12109375
0 0.50625 0.04609375 0.04140625 0.04453125
0 0.475 0.10625 0.040625 0.034375
0 0.50546875 0.0953125 0.0328125 0.0359375
0 0.365625 0.15546875 0.0984375 0.12265625
0 0.27109375 0.184375 0.1 0.1296875
0 0.91953125 0.81875 0.1203125 0.1203125
0 0.08359375 0.165625 0.128125 0.1375
0 0.41953125 0.74375 0.10859375 0.103125
0 0.65703125 0.42265625 0.10859375 0.10703125
0 0.91875 0.965625 0.1 0.06796875
0 0.44609375 0.475 0.13203125 0.13984375
0 0.85625 0.42578125 0.13515625 0.0984375
0 0.3703125 0.3671875 0.1375 0.1578125
0 0.8390625 0.52265625 0.0796875 0.08671875
0 0.35625 0.72734375 0.0625 0.06328125