0 0.09375 0.55078125 0.17109375 0.15859375
0 0.0890625 0.12109375 0.175 0.1078125
0 0.07890625 0.05390625 0.1578125 0.1078125
0 0.6140625 0.8359375 0.1234375 0.14921875
0 0.740625 0.678125 0.1046875 0.10703125
0 0.115625 0.79296875 0.18046875 0.1625
0 0.6484375 0.40546875 0.10078125 0.10546875
0 0.60234375 0.559375 0.14375 0.13515625
0 0.5328125 0.7546875 0.1203125 0.115625
0 0.865625 0.25078125 0.115625 0.13671875
0 0.5 0.45859375 0.12109375 0.1015625
0 0.6375 0.31953125 0.11875 0.1015625
0 0.77109375 0.259375 0.0875 0.0875
0 0.50859375 0.6828125 0.08046875 0.08203125
0 0.1 0.4234375 0.140625 0.15703125
0 0.45078125 0.559375 0.20234375 0.2265625
0 0.4296875 0.91015625 0.109375 0.09375
0 0.76796875 0.91953125 0.171875 0.1609375
0 0.25859375 0.690625 0.1984375 0.246875
0 0.50234375 0.14140625 0.09296875 0.103125
0 0.57734375 0.95078125 0.1953125 0.0984375
0 0.8328125 0.4125 0.109375 0.10390625
0 0.925 0.31875 0.1078125 0.12734375
0 0.6703125 0.2390625 0.11875 0.10703125
0 0.29921875 0.5265625 0.1609375 0.17578125
0 0.6140625 0.659375 0.12265625 0.1109375
0 0.7546875 0.33984375 0.1265625 0.0984375
0 0.5578125 0.21171875 0.109375 0.109375
0 0.5484375 0.33046875 0.128125 0.14296875
0 0.25625 0.43125 0.20390625 0.16171875
0 0.134375 0.91015625 0.15859375 0.11640625
0 0.39453125 0.246875 0.10390625 0.10390625
0 0.08515625 0.2921875 0.1484375 0.12578125
0 0.37109375 0.1515625 0.253125 0.2015625
0 0.7390625 0.40703125 0.078125 0.07578125
0 0.45078125 0.3078125 0.1578125 0.215625
0 0.44453125 0.1875 0.0828125 0.0828125
0 0.45078125 0.84296875 0.11640625 0.1078125
0 0.10625 0.66484375 0.1421875 0.13828125
0 0.97890625 0.7015625 0.0421875 0.10625
0 0.95546875 0.509375 0.0890625 0.10078125
0 0.94140625 0.57578125 0.1171875 0.10625
0 0.93125 0.67421875 0.1375 0.1484375
0 0.928125 0.4828125 0.04921875 0.046875
0 0.9421875 0.4484375 0.0546875 0.04140625
0 0.98125 0.396875 0.0359375 0.0375
0 0.93671875 0.92578125 0.0453125 0.04296875
0 0.8390625 0.809375 0.321875 0.228125
0 0.85703125 0.50625 0.11171875 0.10859375
0 0.57734375 0.1109375 0.13359375 0.11875
0 0.259375 0.075 0.09140625 0.07578125
0 0.13828125 0.225 0.228125 0.14765625
0 0.28046875 0.82734375 0.19453125 0.12109375