0 0.03984375 0.53046875 0.0796875 0.17265625
0 0.11640625 0.43359375 0.17421875 0.16015625
0 0.07890625 0.04921875 0.1578125 0.0984375
0 0.22421875 0.0234375 0.12421875 0.04609375
0 0.3390625 0.03359375 0.14375 0.0671875
0 0.5453125 0.03828125 0.153125 0.0765625
0 0.7390625 0.03203125 0.1328125 0.0640625
0 0.22421875 0.08515625 0.16015625 0.15078125
0 0.3390625 0.1359375 0.1484375 0.14140625
0 0.44140625 0.06796875 0.15703125 0.1359375
0 0.54921875 0.1375 0.1265625 0.134375
0 0.63125 0.08515625 0.190625 0.16328125
0 0.471875 0.21328125 0.184375 0.175
0 0.6578125 0.23671875 0.1671875 0.16015625
0 0.3484375 0.2859375 0.17734375 0.1296875
0 0.2296875 0.36328125 0.14609375 0.15390625
0 0.3578125 0.4046875 0.20234375 0.16015625
0 0.49296875 0.49296875 0.184375 0.15703125
0 0.22890625 0.50625 0.1671875 0.171875
0 0.4765625 0.634375 0.1296875 0.13984375
0 0.575 0.6296875 0.1328125 0.16484375
0 0.7015625 0.62265625 0.16640625 0.13828125
0 0.55703125 0.7578125 0.16484375 0.16328125
0 0.69921875 0.82265625 0.203125 0.14375
0 0.3984375 0.95625 0.171875 0.08671875
0 0.38203125 0.8671875 0.16328125 0.1453125
0 0.55546875 0.89375 0.19453125 0.2046875
0 0.6953125 0.93984375 0.1796875 0.11953125
0 0.05625 0.93828125 0.1125 0.1234375
0 0.11953125 0.58671875 0.16328125 0.16796875
0 0.04765625 0.66796875 0.0953125 0.1734375
0 0.221875 0.21875 0.165625 0.1578125
0 0.16171875 0.96875 0.1765625 0.0625
0 0.11171875 0.14921875 0.19453125 0.17265625
0 0.0421875 0.23046875 0.084375 0.16875
0 0.1140625 0.29609375 0.16015625 0.16328125
0 0.26015625 0.671875 0.19765625 0.171875
0 0.37265625 0.6 0.18515625 0.1953125
0 0.12890625 0.7375 0.1578125 0.1578125
0 0.0421875 0.38671875 0.084375 0.19453125