0 0.73984375 0.3953125 0.1890625 0.2203125
0 0.63359375 0.51875 0.29296875 0.24765625
0 0.85859375 0.3140625 0.13515625 0.2140625
0 0.9328125 0.2734375 0.1328125 0.32109375
0 0.93671875 0.0609375 0.1046875 0.121875
0 0.7640625 0.21328125 0.059375 0.0609375
0 0.81015625 0.15390625 0.07734375 0.05625
0 0.5953125 0.24296875 0.2046875 0.23125
0 0.571875 0.378125 0.084375 0.0484375
0 0.44921875 0.3046875 0.14375 0.23828125
0 0.3640625 0.4046875 0.21875 0.29765625
0 0.3828125 0.715625 0.159375 0.2203125
0 0.1546875 0.6984375 0.25 0.309375
0 0.2234375 0.48828125 0.11875 0.17109375
0 0.15859375 0.428125 0.17578125 0.12890625
0 0.3359375 0.13984375 0.08046875 0.09375
0 0.3453125 0.2140625 0.06953125 0.07265625
0 0.16484375 0.27421875 0.3296875 0.2421875
0 0.55625 0.91953125 0.1328125 0.13125
0 0.709375 0.7984375 0.1421875 0.14609375
0 0.87109375 0.68359375 0.11875 0.1390625
0 0.9484375 0.596875 0.07734375 0.1203125