0 0.56484375 0.096875 0.09140625 0.096875
0 0.43828125 0.1015625 0.1625 0.1328125
0 0.40390625 0.02265625 0.0921875 0.0453125
0 0.50703125 0.0265625 0.13203125 0.053125
0 0.64140625 0.028125 0.1328125 0.05546875
0 0.88203125 0.0328125 0.15546875 0.065625
0 0.74765625 0.10703125 0.15703125 0.19765625
0 0.86875 0.1609375 0.26171875 0.19453125
0 0.8171875 0.33671875 0.31328125 0.2578125
0 0.65078125 0.34296875 0.159375 0.1953125
0 0.98125 0.49375 0.0375 0.303125
0 0.83046875 0.54609375 0.26640625 0.22421875
0 0.9671875 0.7078125 0.065625 0.19296875
0 0.71875 0.65234375 0.1734375 0.1703125
0 0.75 0.7828125 0.12890625 0.11015625
0 0.859375 0.7359375 0.16015625 0.11484375
0 0.9234375 0.89296875 0.153125 0.19296875
0 0.74765625 0.9265625 0.2484375 0.146875
0 0.51328125 0.98671875 0.059375 0.0265625
0 0.44921875 0.7375 0.1703125 0.17734375
0 0.31640625 0.778125 0.0703125 0.0703125
0 0.59375 0.66171875 0.06875 0.0578125
0 0.59609375 0.7921875 0.1671875 0.215625
0 0.5234375 0.609375 0.08203125 0.06875
0 0.5359375 0.565625 0.0609375 0.05703125
0 0.4296875 0.534375 0.17890625 0.1640625
0 0.0703125 0.4765625 0.05625 0.0546875
0 0.13125 0.4390625 0.12265625 0.146875
0 0.303125 0.49296875 0.09375 0.07265625
0 0.25 0.41484375 0.109375 0.08046875
0 0.22734375 0.23203125 0.13203125 0.1203125
0 0.2765625 0.16875 0.1375 0.10859375
0 0.24453125 0.05625 0.10078125 0.084375
0 0.0609375 0.15390625 0.09609375 0.10078125
0 0.290625 0.08984375 0.0421875 0.0515625
0 0.334375 0.09140625 0.0625 0.08046875
0 0.22578125 0.11171875 0.0828125 0.06171875
0 0.4578125 0.2984375 0.3359375 0.2890625
0 0.55625 0.46484375 0.14765625 0.1296875
0 0.9734375 0.2265625 0.053125 0.2
0 0.75234375 0.3625 0.10078125 0.10234375
0 0.45 0.93984375 0.11015625 0.09140625
0 0.95546875 0.2984375 0.08828125 0.09140625
0 0.8640625 0.3671875 0.1109375 0.11640625
0 0.740625 0.4421875 0.07109375 0.0703125
0 0.35703125 0.8359375 0.1296875 0.13984375
0 0.71015625 0.8203125 0.0765625 0.07890625
0 0.9796875 0.35078125 0.040625 0.0609375
0 0.65 0.0859375 0.10625 0.12890625