0 0.6953125 0.9078125 0.1046875 0.12265625
0 0.84765625 0.85625 0.2890625 0.28671875
0 0.9265625 0.6953125 0.07421875 0.05859375
0 0.975 0.771875 0.04921875 0.075
0 0.7734375 0.59921875 0.22890625 0.1890625
0 0.7796875 0.2515625 0.08125 0.07734375
0 0.80234375 0.28203125 0.06484375 0.0609375
0 0.7859375 0.05625 0.19140625 0.1125
0 0.82265625 0.16640625 0.10390625 0.1
0 0.86640625 0.0734375 0.18515625 0.146875
0 0.57578125 0.1453125 0.1890625 0.1453125
0 0.553125 0.29375 0.12265625 0.1421875
0 0.4 0.33515625 0.14921875 0.11796875
0 0.040625 0.48984375 0.08125 0.0796875
0 0.7640625 0.5078125 0.15390625 0.14921875
0 0.05234375 0.23984375 0.10390625 0.1
0 0.1921875 0.040625 0.1296875 0.08046875
0 0.3890625 0.1578125 0.1671875 0.171875
0 0.228125 0.3421875 0.08984375 0.08359375
0 0.04609375 0.41015625 0.09140625 0.11875
0 0.046875 0.1578125 0.09375 0.10390625
0 0.73984375 0.74140625 0.1125 0.09296875
0 0.36484375 0.03359375 0.096875 0.0671875
0 0.08203125 0.07109375 0.10859375 0.1203125
0 0.96171875 0.29375 0.07578125 0.09453125
0 0.115625 0.1796875 0.08125 0.08984375
0 0.5421875 0.69921875 0.11171875 0.121875
0 0.44453125 0.03203125 0.09765625 0.0640625
0 0.71015625 0.67734375 0.08828125 0.07734375
0 0.50703125 0.8671875 0.05078125 0.04453125
0 0.2953125 0.12109375 0.090625 0.10078125
0 0.88515625 0.6421875 0.078125 0.07890625
0 0.49921875 0.7765625 0.10078125 0.096875
0 0.29140625 0.0328125 0.0796875 0.065625
0 0.5171875 0.90546875 0.04140625 0.03671875
0 0.9390625 0.11640625 0.06796875 0.08359375