0 0.84921875 0.93359375 0.21328125 0.13203125
0 0.703125 0.9515625 0.12890625 0.09609375
0 0.04765625 0.7140625 0.09296875 0.0671875
0 0.09453125 0.62578125 0.1890625 0.22578125
0 0.3015625 0.75859375 0.140625 0.13125
0 0.4578125 0.73359375 0.0953125 0.08203125
0 0.646875 0.85703125 0.14296875 0.16875
0 0.50625 0.85546875 0.1234375 0.1578125
0 0.309375 0.26171875 0.18203125 0.1640625
0 0.22265625 0.85390625 0.13046875 0.12734375
0 0.228125 0.63359375 0.1578125 0.14375
0 0.1875 0.19765625 0.19609375 0.1578125
0 0.22265625 0.45625 0.16796875 0.15546875
0 0.63828125 0.18125 0.15546875 0.15859375
0 0.3234375 0.525 0.14375 0.14375
0 0.63984375 0.0609375 0.19140625 0.121875
0 0.42890625 0.32578125 0.175 0.1625
0 0.76484375 0.2234375 0.15859375 0.1703125
0 0.73046875 0.86796875 0.10546875 0.0890625
0 0.89765625 0.42421875 0.16328125 0.16875
0 0.91484375 0.8328125 0.1703125 0.16015625
0 0.08359375 0.65 0.10078125 0.1109375
0 0.94609375 0.0953125 0.1078125 0.17109375
0 0.55625 0.65234375 0.13828125 0.15078125
0 0.96171875 0.21796875 0.0765625 0.15390625
0 0.19140625 0.34140625 0.16484375 0.16875
0 0.4140625 0.06875 0.175 0.1375
0 0.78828125 0.503125 0.18046875 0.159375
0 0.03828125 0.5359375 0.0765625 0.115625
0 0.7640625 0.37265625 0.16796875 0.1765625
0 0.31328125 0.39765625 0.128125 0.1375
0 0.9015625 0.69140625 0.15078125 0.14140625
0 0.90625 0.56484375 0.1515625 0.14921875
0 0.53515625 0.39375 0.17578125 0.1765625
0 0.678125 0.7078125 0.1546875 0.153125
0 0.66171875 0.57578125 0.1640625 0.15078125
0 0.96328125 0.48046875 0.0734375 0.16484375
0 0.78828125 0.6359375 0.1515625 0.14453125
0 0.78046875 0.76953125 0.16484375 0.17578125
0 0.5453125 0.5203125 0.16484375 0.15078125
0 0.66328125 0.44921875 0.1546875 0.1453125
0 0.6453125 0.32890625 0.1484375 0.1671875
0 0.51953125 0.109375 0.13828125 0.1765625
0 0.44453125 0.6265625 0.1734375 0.18203125
0 0.0515625 0.35859375 0.103125 0.16796875
0 0.30078125 0.1296875 0.1765625 0.17578125
0 0.19375 0.08125 0.203125 0.1578125
0 0.0796875 0.2671875 0.15859375 0.15703125
0 0.96171875 0.628125 0.0765625 0.16328125
0 0.97265625 0.7546875 0.0546875 0.15
0 0.975 0.87421875 0.05 0.15078125
0 0.86796875 0.15859375 0.146875 0.16015625
0 0.8578125 0.05390625 0.14375 0.1078125
0 0.8765625 0.28984375 0.1765625 0.18515625
0 0.96328125 0.36640625 0.0734375 0.16328125
0 0.4078125 0.20078125 0.13046875 0.1390625
0 0.52734375 0.25234375 0.1375 0.16015625
0 0.421875 0.46015625 0.1515625 0.1640625
0 0.74765625 0.09140625 0.17890625 0.15859375
0 0.06875 0.15390625 0.1375 0.16015625