0 0.54453125 0.884375 0.11953125 0.11875
0 0.89140625 0.30546875 0.12421875 0.11796875
0 0.49609375 0.7984375 0.0953125 0.1046875
0 0.66015625 0.8875 0.09921875 0.10234375
0 0.721875 0.48125 0.16484375 0.14921875
0 0.67734375 0.43359375 0.0953125 0.11796875
0 0.91953125 0.4671875 0.09375 0.08515625
0 0.875 0.3828125 0.0828125 0.0765625
0 0.78203125 0.3578125 0.09296875 0.11015625
0 0.67265625 0.28984375 0.07890625 0.07421875
0 0.49375 0.959375 0.12578125 0.08125
0 0.45859375 0.6859375 0.1140625 0.096875
0 0.6453125 0.3421875 0.065625 0.04609375
0 0.7875 0.734375 0.10390625 0.08828125
0 0.7203125 0.31640625 0.03828125 0.03671875
0 0.02421875 0.146875 0.0484375 0.09609375
0 0.58828125 0.46796875 0.11015625 0.08671875
0 0.071875 0.0609375 0.04375 0.0453125
0 0.95 0.12734375 0.084375 0.0828125
0 0.88359375 0.80390625 0.2109375 0.24609375
0 0.9375 0.93515625 0.125 0.1265625
0 0.8265625 0.5875 0.22421875 0.22578125
0 0.96484375 0.1 0.06328125 0.06171875
0 0.7390625 0.27265625 0.0828125 0.06328125
0 0.7359375 0.2234375 0.0703125 0.06484375
0 0.77421875 0.2046875 0.0703125 0.084375
0 0.41015625 0.8390625 0.15 0.11953125
0 0.3921875 0.9203125 0.121875 0.08046875
0 0.334375 0.64375 0.08125 0.07578125
0 0.04921875 0.59609375 0.09765625 0.103125
0 0.76328125 0.96171875 0.1546875 0.0765625