0 0.91953125 0.39765625 0.1609375 0.1984375
0 0.80234375 0.33515625 0.10859375 0.0875
0 0.9640625 0.5140625 0.07109375 0.0796875
0 0.88984375 0.74765625 0.06796875 0.0546875
0 0.8453125 0.88125 0.18828125 0.20234375
0 0.61015625 0.80390625 0.05 0.08515625
0 0.31796875 0.8140625 0.05625 0.053125
0 0.36484375 0.83359375 0.028125 0.02265625
0 0.3171875 0.871875 0.0453125 0.0796875
0 0.04140625 0.8828125 0.02265625 0.025
0 0.08515625 0.8890625 0.02421875 0.0265625
0 0.0625 0.890625 0.02265625 0.02734375
0 0.0640625 0.9265625 0.034375 0.03671875
0 0.0203125 0.909375 0.040625 0.0375
0 0.0515625 0.86328125 0.025 0.03359375
0 0.4109375 0.5171875 0.06796875 0.0640625
0 0.471875 0.40546875 0.0921875 0.0875
0 0.58359375 0.2546875 0.03984375 0.03984375
0 0.5734375 0.29453125 0.053125 0.0515625
0 0.4953125 0.23671875 0.0640625 0.0734375
0 0.5328125 0.2703125 0.03046875 0.0328125
0 0.4140625 0.2046875 0.06171875 0.05703125
0 0.128125 0.0734375 0.065625 0.07890625
0 0.0203125 0.04140625 0.040625 0.0828125