0 0.63671875 0.19453125 0.1921875 0.19453125
0 0.49921875 0.03515625 0.171875 0.0703125
0 0.74765625 0.02734375 0.1984375 0.0546875
0 0.625 0.0578125 0.1453125 0.11484375
0 0.75703125 0.11171875 0.2 0.18515625
0 0.87890625 0.065625 0.22109375 0.13125
0 0.95078125 0.08828125 0.0984375 0.1765625
0 0.89140625 0.17578125 0.15703125 0.16328125
0 0.95859375 0.23515625 0.0828125 0.1796875
0 0.1359375 0.21953125 0.21640625 0.21171875
0 0.2703125 0.28046875 0.153125 0.15703125
0 0.39765625 0.34609375 0.21484375 0.17734375
0 0.378125 0.2046875 0.20625 0.15859375
0 0.64453125 0.325 0.1984375 0.18046875
0 0.7703125 0.25078125 0.171875 0.1796875
0 0.903125 0.30859375 0.18046875 0.175
0 0.77734375 0.39609375 0.20703125 0.18984375
0 0.053125 0.4421875 0.10625 0.171875
0 0.13515625 0.3734375 0.18046875 0.19453125
0 0.1453125 0.50625 0.1421875 0.1453125
0 0.26875 0.434375 0.19453125 0.1796875
0 0.403125 0.4859375 0.18671875 0.19765625
0 0.515625 0.41953125 0.175 0.16796875
0 0.6671875 0.4765625 0.21171875 0.18671875
0 0.90078125 0.4671875 0.18046875 0.16484375
0 0.97265625 0.53828125 0.0546875 0.1765625
0 0.91171875 0.609375 0.1765625 0.19453125
0 0.78984375 0.52734375 0.1828125 0.18515625
0 0.053125 0.59296875 0.10625 0.1921875
0 0.153125 0.64921875 0.18515625 0.1984375
0 0.2953125 0.578125 0.2328125 0.18828125
0 0.41640625 0.646875 0.18671875 0.16875
0 0.5328125 0.5578125 0.18671875 0.165625
0 0.65546875 0.62109375 0.203125 0.19453125
0 0.065625 0.74453125 0.13125 0.1890625
0 0.53203125 0.70859375 0.16015625 0.16015625
0 0.97421875 0.81796875 0.05078125 0.171875
0 0.971875 0.675 0.05625 0.146875
0 0.9203125 0.978125 0.159375 0.04375
0 0.8046875 0.93984375 0.19765625 0.11953125
0 0.165625 0.934375 0.1828125 0.13125
0 0.06953125 0.9 0.1390625 0.16875
0 0.178125 0.809375 0.18828125 0.18671875
0 0.784375 0.6921875 0.19765625 0.18671875
0 0.91796875 0.76484375 0.16328125 0.16015625
0 0.67421875 0.7796875 0.16796875 0.19140625
0 0.4203125 0.790625 0.171875 0.15703125
0 0.29921875 0.86953125 0.1921875 0.16796875
0 0.31640625 0.95390625 0.1984375 0.0921875
0 0.43125 0.91875 0.18515625 0.1625
0 0.55859375 0.85078125 0.19453125 0.18515625
0 0.55859375 0.96015625 0.16171875 0.0796875
0 0.67265625 0.9140625 0.16328125 0.17109375
0 0.79453125 0.8359375 0.19765625 0.16796875
0 0.92265625 0.89921875 0.1546875 0.16328125
0 0.51484375 0.12578125 0.1890625 0.15078125
0 0.2625 0.14609375 0.1921875 0.18125
0 0.52109375 0.278125 0.15625 0.15078125
0 0.2984375 0.7203125 0.18046875 0.17734375
0 0.390625 0.07890625 0.17265625 0.1578125
0 0.9734375 0.3859375 0.05234375 0.17578125
0 0.04453125 0.29765625 0.0890625 0.11875