0 0.36875 0.253125 0.15859375 0.16015625
0 0.0703125 0.0609375 0.140625 0.12109375
0 0.48203125 0.07578125 0.14140625 0.1515625
0 0.2765625 0.06875 0.1625 0.1375
0 0.378125 0.121875 0.11953125 0.13203125
0 0.26953125 0.18515625 0.16484375 0.153125
0 0.16953125 0.11796875 0.18203125 0.1671875
0 0.07578125 0.159375 0.1515625 0.16015625
0 0.15859375 0.23828125 0.1296875 0.134375
0 0.06875 0.2875 0.1375 0.15
0 0.78125 0.27421875 0.178125 0.175
0 0.67109375 0.325 0.12578125 0.1296875
0 0.565625 0.378125 0.17734375 0.146875
0 0.58203125 0.26171875 0.1703125 0.13125
0 0.3625 0.3609375 0.16328125 0.14921875
0 0.25859375 0.3 0.14140625 0.14765625
0 0.14921875 0.34765625 0.14921875 0.14375
0 0.25234375 0.4203125 0.17109375 0.15625
0 0.9453125 0.415625 0.10859375 0.14765625
0 0.8796875 0.4578125 0.14765625 0.14140625
0 0.7828125 0.40078125 0.14921875 0.16015625
0 0.77421875 0.51015625 0.1171875 0.11953125
0 0.671875 0.4515625 0.16015625 0.14765625
0 0.56171875 0.49375 0.15390625 0.1625
0 0.46875 0.4390625 0.14375 0.13828125
0 0.34375 0.4859375 0.175 0.15390625
0 0.1515625 0.478125 0.14921875 0.1359375
0 0.05703125 0.53671875 0.1140625 0.1453125
0 0.14140625 0.5953125 0.14765625 0.16015625
0 0.2421875 0.528125 0.15 0.153125
0 0.93671875 0.63828125 0.12578125 0.1609375
0 0.88203125 0.5828125 0.15 0.1578125
0 0.7671875 0.62890625 0.153125 0.16328125
0 0.65 0.56953125 0.1921875 0.15546875
0 0.55078125 0.6265625 0.15390625 0.1390625
0 0.45390625 0.553125 0.15390625 0.13671875
0 0.353125 0.6046875 0.1671875 0.16015625
0 0.93671875 0.76015625 0.12578125 0.128125
0 0.85390625 0.7078125 0.1359375 0.15546875
0 0.45546875 0.67734375 0.13203125 0.13203125
0 0.05546875 0.76796875 0.1109375 0.14140625
0 0.0578125 0.64921875 0.115625 0.1203125
0 0.12265625 0.940625 0.1578125 0.11875
0 0.23046875 0.90546875 0.1625 0.1734375
0 0.9296875 0.88125 0.140625 0.146875
0 0.7578125 0.86640625 0.15 0.1140625
0 0.84453125 0.8359375 0.1296875 0.13828125
0 0.746875 0.76015625 0.15546875 0.15390625
0 0.24765625 0.6640625 0.1625 0.15390625
0 0.1328125 0.72421875 0.14296875 0.13203125
0 0.3375 0.7359375 0.13828125 0.1578125
0 0.546875 0.74453125 0.14140625 0.1296875
0 0.646875 0.81015625 0.15859375 0.13828125
0 0.63359375 0.9203125 0.16328125 0.15625
0 0.5375 0.86328125 0.153125 0.15859375
0 0.4328125 0.79453125 0.16015625 0.153125
0 0.4328125 0.925 0.13359375 0.1453125
0 0.3390625 0.85390625 0.134375 0.15546875
0 0.2390625 0.78203125 0.1625 0.13828125
0 0.11640625 0.83515625 0.16015625 0.134375
0 0.46953125 0.196875 0.15546875 0.12421875
0 0.67734375 0.2140625 0.1578125 0.14921875
0 0.4640625 0.32265625 0.12890625 0.12421875
0 0.64765625 0.6875 0.14921875 0.14609375
0 0.571875 0.15 0.1421875 0.14765625
0 0.05625 0.41171875 0.1125 0.1453125
0 0.8828125 0.33828125 0.12578125 0.0984375