0 0.84140625 0.57578125 0.0546875 0.05234375
0 0.90078125 0.55234375 0.04609375 0.04296875
0 0.2078125 0.63984375 0.12265625 0.11640625
0 0.20390625 0.7453125 0.11484375 0.11875
0 0.2296875 0.89375 0.11171875 0.109375
0 0.94296875 0.03515625 0.08515625 0.0703125
0 0.20234375 0.55078125 0.10234375 0.09609375
0 0.740625 0.0703125 0.10234375 0.08125
0 0.72890625 0.1390625 0.10078125 0.08125
0 0.203125 0.17734375 0.17421875 0.14375
0 0.1265625 0.9640625 0.10625 0.071875
0 0.23125 0.965625 0.0875 0.06875
0 0.13984375 0.85 0.15859375 0.13828125
0 0.0203125 0.9734375 0.040625 0.05
0 0.046875 0.0203125 0.09375 0.040625
0 0.134375 0.7203125 0.109375 0.1296875
0 0.140625 0.4546875 0.12265625 0.1046875
0 0.05078125 0.171875 0.1015625 0.14453125