0 0.07734375 0.828125 0.1546875 0.22578125
0 0.2875 0.946875 0.21953125 0.10625
0 0.1734375 0.9203125 0.159375 0.159375
0 0.85390625 0.89765625 0.221875 0.20390625
0 0.5875 0.81328125 0.34921875 0.36796875
0 0.909375 0.28046875 0.103125 0.11640625
0 0.78203125 0.10703125 0.12421875 0.18828125
0 0.52890625 0.03125 0.13046875 0.0625
0 0.33125 0.08359375 0.296875 0.1671875
0 0.71875 0.215625 0.12265625 0.146875
0 0.521875 0.21171875 0.26328125 0.2109375
0 0.19609375 0.271875 0.3921875 0.5125
0 0.97734375 0.04375 0.0453125 0.0875
0 0.50078125 0.38671875 0.1203125 0.12734375
0 0.61640625 0.065625 0.13203125 0.12734375
0 0.94296875 0.153125 0.1140625 0.128125
0 0.85390625 0.05 0.11328125 0.1
0 0.72890625 0.0359375 0.090625 0.071875
0 0.39609375 0.06953125 0.11640625 0.10078125
0 0.3703125 0.32578125 0.10546875 0.1046875
0 0.2109375 0.56171875 0.096875 0.08359375
0 0.409375 0.64140625 0.28203125 0.3546875