0 0.52890625 0.6578125 0.18984375 0.18359375
0 0.66015625 0.74296875 0.14140625 0.2140625
0 0.74375 0.91484375 0.225 0.1703125
0 0.65546875 0.96953125 0.1828125 0.0609375
0 0.39765625 0.79609375 0.0734375 0.07109375
0 0.43203125 0.86015625 0.04375 0.04765625
0 0.37734375 0.34921875 0.07890625 0.06171875
0 0.44453125 0.390625 0.06796875 0.0578125
0 0.240625 0.1015625 0.096875 0.090625
0 0.0921875 0.03125 0.10625 0.06171875
0 0.0265625 0.0203125 0.053125 0.040625
0 0.63515625 0.10390625 0.06171875 0.07734375