0 0.81171875 0.765625 0.1578125 0.10078125
0 0.7078125 0.70078125 0.071875 0.0734375
0 0.671875 0.6234375 0.14609375 0.10078125
0 0.8203125 0.34140625 0.18828125 0.1515625
0 0.778125 0.4671875 0.334375 0.30390625
0 0.8203125 0.68046875 0.184375 0.1484375
0 0.92421875 0.63828125 0.15 0.21015625
0 0.6984375 0.87421875 0.22578125 0.2515625
0 0.32265625 0.96171875 0.11796875 0.0765625
0 0.39765625 0.946875 0.1046875 0.10625
0 0.30859375 0.875 0.146875 0.10859375
0 0.16171875 0.84921875 0.08515625 0.1234375
0 0.0953125 0.6375 0.10390625 0.096875
0 0.05390625 0.69765625 0.1078125 0.1375
0 0.47734375 0.85625 0.225 0.2109375
0 0.33671875 0.7546875 0.22734375 0.2171875
0 0.453125 0.42421875 0.125 0.10234375
0 0.475 0.50859375 0.13359375 0.0984375
0 0.3109375 0.6 0.2046875 0.1328125
0 0.21328125 0.4640625 0.3265625 0.27578125
0 0.53203125 0.3796875 0.1984375 0.21953125
0 0.95859375 0.41953125 0.06875 0.06015625
0 0.88828125 0.28359375 0.10234375 0.09453125
0 0.93125 0.17265625 0.1375 0.1453125
0 0.3671875 0.1421875 0.265625 0.24140625
0 0.0640625 0.06875 0.128125 0.1375
0 0.64921875 0.08828125 0.12421875 0.1109375
0 0.5109375 0.2 0.10546875 0.10390625
0 0.6015625 0.1546875 0.0984375 0.10546875
0 0.95390625 0.2765625 0.0921875 0.103125
0 0.94296875 0.37734375 0.06640625 0.0578125
0 0.94609375 0.78515625 0.1078125 0.1078125