0 0.98125 0.32421875 0.0375 0.06484375
0 0.94140625 0.30625 0.046875 0.053125
0 0.9421875 0.95625 0.0640625 0.06953125
0 0.84765625 0.88203125 0.04375 0.0546875
0 0.809375 0.87578125 0.040625 0.0375
0 0.696875 0.928125 0.08046875 0.1140625
0 0.57578125 0.88515625 0.18125 0.1203125
0 0.8734375 0.9203125 0.05390625 0.06171875
0 0.79296875 0.93984375 0.11328125 0.11484375
0 0.790625 0.60703125 0.075 0.084375
0 0.71015625 0.7484375 0.05234375 0.0578125
0 0.76171875 0.7140625 0.084375 0.10546875
0 0.6390625 0.80078125 0.12421875 0.10078125
0 0.546875 0.96015625 0.1140625 0.0796875
0 0.43125 0.93125 0.11015625 0.11171875
0 0.440625 0.790625 0.04921875 0.06171875
0 0.4828125 0.79296875 0.0546875 0.04140625
0 0.49375 0.76484375 0.05 0.04609375
0 0.2578125 0.71015625 0.0875 0.090625
0 0.215625 0.86875 0.209375 0.253125
0 0.02265625 0.53203125 0.0453125 0.0796875
0 0.0703125 0.61015625 0.05625 0.04375
0 0.38203125 0.47578125 0.0578125 0.0703125
0 0.33125 0.48671875 0.10390625 0.10078125
0 0.33515625 0.39921875 0.0890625 0.08125
0 0.41484375 0.36171875 0.09140625 0.10390625
0 0.29921875 0.26015625 0.08125 0.11015625
0 0.54765625 0.06875 0.0984375 0.10546875
0 0.21796875 0.57265625 0.12421875 0.134375
0 0.3609375 0.5875 0.08515625 0.0796875
0 0.903125 0.48671875 0.09765625 0.0921875
0 0.39296875 0.42578125 0.05 0.04609375
0 0.43984375 0.30703125 0.05546875 0.05390625
0 0.42109375 0.7125 0.07890625 0.07734375