0 0.809375 0.415625 0.1203125 0.1140625
0 0.93515625 0.51484375 0.115625 0.1203125
0 0.859375 0.6125 0.125 0.12421875
0 0.740625 0.50859375 0.1328125 0.1203125
0 0.66796875 0.60546875 0.12109375 0.12421875
0 0.80078125 0.86953125 0.3984375 0.2578125
0 0.44375 0.95703125 0.30703125 0.0859375
0 0.278125 0.97421875 0.140625 0.0515625
0 0.178125 0.8328125 0.23671875 0.334375
0 0.2234375 0.95703125 0.1515625 0.0859375
0 0.2328125 0.48828125 0.465625 0.3734375
0 0.165625 0.22734375 0.33046875 0.4546875