0 0.825 0.653125 0.18203125 0.1890625
0 0.809375 0.83984375 0.1765625 0.19140625
0 0.8953125 0.4140625 0.1890625 0.16015625
0 0.93203125 0.859375 0.1359375 0.1453125
0 0.7765625 0.51640625 0.16015625 0.16171875
0 0.6109375 0.60546875 0.15859375 0.14609375
0 0.953125 0.05859375 0.09375 0.11640625
0 0.765625 0.01640625 0.1875 0.0328125
0 0.078125 0.92890625 0.15625 0.14140625
0 0.15 0.8578125 0.16328125 0.1734375
0 0.33515625 0.95703125 0.175 0.08515625
0 0.284375 0.87265625 0.1734375 0.18828125
0 0.39375 0.89609375 0.12265625 0.1328125
0 0.471875 0.95 0.1359375 0.09921875
0 0.43359375 0.81015625 0.13984375 0.1359375
0 0.509375 0.890625 0.1375 0.13203125
0 0.58671875 0.86171875 0.1359375 0.134375
0 0.53671875 0.7609375 0.14765625 0.1265625
0 0.06875 0.73359375 0.13671875 0.18046875
0 0.18515625 0.73828125 0.1703125 0.14921875
0 0.28515625 0.64375 0.165625 0.178125
0 0.16484375 0.58828125 0.18359375 0.17265625
0 0.26640625 0.0515625 0.18046875 0.103125
0 0.05390625 0.0625 0.10703125 0.125
0 0.1515625 0.07265625 0.14296875 0.14296875
0 0.31484375 0.23046875 0.159375 0.159375
0 0.4671875 0.3875 0.1859375 0.18515625
0 0.08203125 0.29921875 0.1640625 0.16015625
0 0.125 0.43671875 0.16015625 0.159375
0 0.06484375 0.56796875 0.12890625 0.18359375
0 0.26328125 0.46640625 0.1703125 0.19375
0 0.215625 0.3234375 0.18359375 0.16328125
0 0.34921875 0.36171875 0.146875 0.16015625
0 0.37421875 0.503125 0.159375 0.15234375
0 0.51796875 0.53359375 0.16328125 0.1484375
0 0.403125 0.68984375 0.1484375 0.12890625
0 0.68359375 0.74375 0.134375 0.14375
0 0.56875 0.6890625 0.14921875 0.11015625
0 0.69375 0.92109375 0.18203125 0.15078125
0 0.06875 0.1765625 0.13671875 0.15390625
0 0.18671875 0.1921875 0.159375 0.13984375
0 0.44609375 0.21796875 0.12109375 0.12109375
0 0.503125 0.08984375 0.14140625 0.15390625
0 0.50703125 0.01171875 0.1453125 0.0234375
0 0.62578125 0.0375 0.1484375 0.075
0 0.64296875 0.14140625 0.1890625 0.1578125
0 0.575 0.23125 0.14375 0.1390625
0 0.64296875 0.325 0.16796875 0.1765625
0 0.77890625 0.35703125 0.17265625 0.17265625
0 0.846875 0.946875 0.17421875 0.10625
0 0.95 0.940625 0.1 0.11875
0 0.940625 0.68671875 0.11875 0.1765625
0 0.8984375 0.5265625 0.13203125 0.125
0 0.9625 0.54140625 0.075 0.1296875
0 0.97421875 0.28671875 0.05078125 0.1578125
0 0.89921875 0.22421875 0.1359375 0.1359375
0 0.91015625 0.303125 0.1171875 0.0921875
0 0.79140625 0.1796875 0.146875 0.12109375
0 0.775 0.24453125 0.128125 0.0921875
0 0.76796875 0.06484375 0.1375 0.12890625
0 0.884375 0.07578125 0.1390625 0.14375
0 0.96171875 0.15078125 0.0765625 0.14296875