0 0.96171875 0.5890625 0.0765625 0.109375
0 0.846875 0.4859375 0.115625 0.1265625
0 0.4109375 0.0375 0.13515625 0.075
0 0.28671875 0.0359375 0.1234375 0.071875
0 0.0515625 0.3484375 0.103125 0.12265625
0 0.43828125 0.54921875 0.1875 0.18046875
0 0.6203125 0.61953125 0.21171875 0.16796875
0 0.87890625 0.74375 0.1859375 0.21875
0 0.95546875 0.09140625 0.0890625 0.1828125
0 0.8359375 0.0796875 0.17421875 0.159375
0 0.6484375 0.09140625 0.2046875 0.1828125
0 0.871875 0.2515625 0.12421875 0.109375
0 0.7609375 0.28671875 0.209375 0.25703125
0 0.7984375 0.703125 0.10234375 0.13515625
0 0.2875 0.66875 0.1546875 0.17265625
0 0.12109375 0.62265625 0.2015625 0.1640625
0 0.98125 0.81015625 0.03671875 0.21796875
0 0.72265625 0.9546875 0.18125 0.090625
0 0.703125 0.7453125 0.146875 0.20703125
0 0.73984375 0.8671875 0.171875 0.16015625
0 0.5984375 0.92578125 0.17734375 0.13671875
0 0.465625 0.94375 0.1859375 0.1125
0 0.6046875 0.8125 0.1703125 0.184375
0 0.475 0.8390625 0.17578125 0.2046875
0 0.44453125 0.721875 0.17421875 0.19765625
0 0.35078125 0.775 0.165625 0.1515625
0 0.1046875 0.9625 0.19609375 0.075
0 0.08359375 0.4921875 0.1671875 0.1703125
0 0.41796875 0.15546875 0.1171875 0.121875
0 0.93828125 0.49453125 0.1234375 0.14921875
0 0.2984375 0.14296875 0.11953125 0.12421875
0 0.12265625 0.7625 0.20078125 0.1875
0 0.55 0.503125 0.10234375 0.09296875
0 0.84765625 0.92734375 0.17109375 0.1453125
0 0.3453125 0.91015625 0.18671875 0.1796875
0 0.25703125 0.8125 0.10859375 0.12109375
0 0.58984375 0.98359375 0.17578125 0.0328125
0 0.946875 0.9140625 0.103125 0.171875
0 0.95859375 0.23828125 0.08203125 0.1203125