0 0.87109375 0.09609375 0.2578125 0.1921875
0 0.78046875 0.18203125 0.2265625 0.20859375
0 0.6 0.09296875 0.15546875 0.15
0 0.50859375 0.13359375 0.0796875 0.0640625
0 0.4609375 0.20390625 0.15234375 0.146875
0 0.46015625 0.3125 0.13671875 0.0921875
0 0.35 0.30390625 0.10390625 0.1515625
0 0.3 0.3984375 0.2125 0.25078125
0 0.54453125 0.45625 0.30078125 0.325
0 0.309375 0.5609375 0.15234375 0.12890625
0 0.221875 0.4703125 0.1078125 0.14609375
0 0.16171875 0.5703125 0.15 0.13828125
0 0.05078125 0.5890625 0.1015625 0.15546875
0 0.08125 0.6828125 0.1625 0.1875
0 0.15859375 0.8109375 0.16796875 0.14453125
0 0.05703125 0.8421875 0.1140625 0.1625