0 0.278125 0.1203125 0.0421875 0.053125
0 0.36640625 0.15078125 0.05 0.04609375
0 0.3171875 0.1671875 0.065625 0.05234375
0 0.334375 0.1203125 0.04609375 0.053125
0 0.2953125 0.35 0.075 0.08359375
0 0.2703125 0.38203125 0.07734375 0.0828125
0 0.36875 0.3234375 0.05390625 0.06171875
0 0.4421875 0.30703125 0.06328125 0.0546875
0 0.38515625 0.79453125 0.2109375 0.1765625
0 0.2796875 0.83515625 0.115625 0.128125
0 0.2125 0.74453125 0.1 0.12421875
0 0.29609375 0.7265625 0.10625 0.09296875
0 0.30390625 0.67890625 0.0796875 0.0609375
0 0.23203125 0.5890625 0.17890625 0.1828125
0 0.06328125 0.746875 0.1078125 0.140625
0 0.17109375 0.82890625 0.11796875 0.09296875
0 0.1046875 0.79296875 0.06328125 0.0796875
0 0.0171875 0.97265625 0.034375 0.0546875
0 0.04609375 0.98046875 0.06953125 0.0390625
0 0.46015625 0.9640625 0.11640625 0.07109375
0 0.940625 0.915625 0.11875 0.16875