0 0.13203125 0.58515625 0.11640625 0.09921875
0 0.26015625 0.4921875 0.1046875 0.11484375
0 0.65390625 0.06015625 0.121875 0.1203125
0 0.76640625 0.06015625 0.11171875 0.11640625
0 0.96640625 0.3671875 0.0671875 0.1109375
0 0.6296875 0.54921875 0.16953125 0.16328125
0 0.46484375 0.6125 0.19140625 0.1515625
0 0.23125 0.725 0.16796875 0.19765625
0 0.040625 0.4484375 0.08125 0.16015625
0 0.06015625 0.05859375 0.11953125 0.11640625
0 0.1203125 0.13515625 0.1640625 0.16640625
0 0.2703125 0.1234375 0.1578125 0.14609375
0 0.440625 0.10859375 0.184375 0.2171875
0 0.2375 0.2796875 0.11171875 0.09921875
0 0.33828125 0.31171875 0.18984375 0.23203125
0 0.30390625 0.68828125 0.09296875 0.12265625
0 0.76640625 0.65703125 0.13984375 0.15625
0 0.9125 0.615625 0.17421875 0.1484375
0 0.0546875 0.9171875 0.109375 0.15859375
0 0.078125 0.784375 0.15625 0.196875
0 0.25625 0.975 0.15859375 0.05
0 0.37265625 0.93671875 0.1640625 0.1265625
0 0.390625 0.7265625 0.1328125 0.1875
0 0.35703125 0.83671875 0.15546875 0.14453125
0 0.48515625 0.88984375 0.16015625 0.12421875
0 0.6046875 0.92734375 0.16796875 0.14453125
0 0.47890625 0.7875 0.15390625 0.16640625
0 0.59609375 0.8109375 0.15859375 0.18515625
0 0.62421875 0.7046875 0.1578125 0.17890625
0 0.70859375 0.753125 0.15 0.13671875
0 0.92109375 0.94453125 0.15703125 0.1109375
0 0.9375 0.49765625 0.125 0.15390625
0 0.64765625 0.19296875 0.10625 0.11015625
0 0.17578125 0.5 0.115625 0.13515625
0 0.75625 0.18203125 0.1078125 0.11171875
0 0.9125 0.74140625 0.175 0.1703125
0 0.52890625 0.50703125 0.09296875 0.084375
0 0.259375 0.90546875 0.1546875 0.16015625
0 0.7140625 0.88203125 0.16875 0.17578125
0 0.79375 0.78671875 0.09765625 0.109375
0 0.49296875 0.96328125 0.15859375 0.07265625
0 0.14453125 0.88046875 0.14375 0.15625
0 0.146875 0.26796875 0.09921875 0.10859375