0 0.7359375 0.9171875 0.14765625 0.140625
0 0.6375 0.8296875 0.1390625 0.15390625
0 0.52578125 0.921875 0.16015625 0.1296875
0 0.34921875 0.521875 0.1390625 0.13828125
0 0.665625 0.64296875 0.140625 0.140625
0 0.1890625 0.66796875 0.14140625 0.146875
0 0.58359375 0.67578125 0.1609375 0.1625
0 0.59921875 0.53671875 0.21171875 0.18203125
0 0.565625 0.43671875 0.084375 0.0921875
0 0.4921875 0.47578125 0.13671875 0.14296875
0 0.1375 0.10234375 0.14765625 0.13125
0 0.3390625 0.315625 0.16875 0.153125
0 0.22265625 0.2984375 0.15 0.15546875
0 0.13515625 0.31328125 0.121875 0.13125
0 0.08515625 0.3453125 0.1703125 0.17578125
0 0.284375 0.70546875 0.15625 0.146875
0 0.10703125 0.69765625 0.14296875 0.1234375
0 0.0765625 0.6265625 0.13828125 0.15625
0 0.409375 0.86015625 0.1359375 0.1578125
0 0.3 0.8328125 0.14140625 0.1171875
0 0.5203125 0.8328125 0.15390625 0.1171875
0 0.73828125 0.78671875 0.11953125 0.13125
0 0.8265625 0.746875 0.16875 0.16015625
0 0.93515625 0.696875 0.1296875 0.13828125
0 0.83828125 0.634375 0.17578125 0.15
0 0.7421875 0.5765625 0.16328125 0.14375
0 0.94453125 0.5796875 0.11015625 0.153125
0 0.8328125 0.52265625 0.14921875 0.146875
0 0.746875 0.4578125 0.13359375 0.15390625
0 0.9453125 0.45390625 0.10859375 0.1625
0 0.87265625 0.4171875 0.1609375 0.15390625
0 0.83828125 0.3234375 0.18046875 0.15390625
0 0.64765625 0.18046875 0.184375 0.17734375
0 0.50234375 0.1578125 0.175 0.14375
0 0.73203125 0.12265625 0.1625 0.153125
0 0.5875 0.06796875 0.1625 0.1359375
0 0.4625 0.05546875 0.1515625 0.10859375
0 0.378125 0.08984375 0.1578125 0.1359375
0 0.48359375 0.36875 0.1125 0.1
0 0.665625 0.3984375 0.165625 0.140625
0 0.5734375 0.33046875 0.15 0.15390625
0 0.48125 0.2640625 0.17578125 0.1578125
0 0.36796875 0.20390625 0.18203125 0.16328125
0 0.2328125 0.1859375 0.11875 0.128125
0 0.1234375 0.20703125 0.1828125 0.14296875
0 0.38515625 0.4125 0.17734375 0.18671875
0 0.26875 0.4515625 0.146875 0.15625
0 0.1828125 0.40546875 0.1609375 0.146875
0 0.0703125 0.484375 0.140625 0.1671875
0 0.32734375 0.61875 0.11484375 0.10625
0 0.22890625 0.56953125 0.17734375 0.14765625
0 0.17890625 0.82421875 0.14296875 0.1609375
0 0.075 0.7796875 0.15 0.15390625
0 0.4578125 0.765625 0.134375 0.0953125
0 0.45859375 0.628125 0.1890625 0.18671875
0 0.93125 0.95546875 0.1359375 0.08828125
0 0.9453125 0.2140625 0.1078125 0.1640625
0 0.928125 0.82578125 0.14375 0.175
0 0.95 0.08671875 0.0984375 0.14453125
0 0.70546875 0.29453125 0.1671875 0.175
0 0.82578125 0.875 0.1609375 0.13515625
0 0.62265625 0.94921875 0.1578125 0.1015625