0 0.053125 0.44296875 0.10625 0.146875
0 0.05078125 0.56875 0.1015625 0.1875
0 0.2015625 0.94765625 0.11796875 0.1046875
0 0.290625 0.94296875 0.11015625 0.0953125
0 0.3703125 0.80078125 0.13046875 0.09140625
0 0.34140625 0.55 0.14453125 0.171875
0 0.45625 0.47578125 0.15859375 0.153125
0 0.603125 0.04296875 0.14375 0.0859375
0 0.26015625 0.19375 0.14609375 0.15703125
0 0.26328125 0.06640625 0.15703125 0.13203125
0 0.1484375 0.0421875 0.178125 0.084375
0 0.81484375 0.06171875 0.17734375 0.1234375
0 0.92421875 0.1078125 0.14921875 0.16171875
0 0.5859375 0.15078125 0.15703125 0.1609375
0 0.496875 0.08671875 0.17890625 0.1734375
0 0.05703125 0.33828125 0.1140625 0.1609375
0 0.24765625 0.45078125 0.159375 0.16484375
0 0.14765625 0.38046875 0.1484375 0.14453125
0 0.9078125 0.35390625 0.146875 0.12890625
0 0.8125 0.16484375 0.1671875 0.16484375
0 0.7 0.21875 0.1546875 0.15078125
0 0.6921875 0.48203125 0.153125 0.16328125
0 0.56875 0.41875 0.14921875 0.15078125
0 0.78125 0.92109375 0.13203125 0.11171875
0 0.52421875 0.90703125 0.13203125 0.1015625
0 0.95625 0.71953125 0.0875 0.1390625
0 0.92890625 0.85859375 0.140625 0.134375
0 0.8734375 0.77109375 0.16875 0.14375
0 0.81953125 0.84609375 0.14921875 0.15234375
0 0.4265625 0.89921875 0.11875 0.11796875
0 0.33515625 0.8546875 0.1234375 0.1234375
0 0.24609375 0.83203125 0.153125 0.15234375
0 0.61328125 0.6953125 0.16328125 0.140625
0 0.72109375 0.81953125 0.1203125 0.14453125
0 0.61328125 0.82578125 0.15625 0.1421875
0 0.36953125 0.7078125 0.1546875 0.13359375
0 0.55546875 0.53984375 0.15234375 0.16484375
0 0.9046875 0.496875 0.16484375 0.17578125
0 0.44765625 0.60234375 0.1609375 0.159375
0 0.37109375 0.04921875 0.15625 0.09765625
0 0.91796875 0.23984375 0.15625 0.14453125
0 0.48125 0.8203125 0.13359375 0.13125
0 0.3609375 0.14609375 0.17421875 0.16953125
0 0.4859375 0.7046875 0.14765625 0.13359375
0 0.2453125 0.72734375 0.171875 0.16875
0 0.88046875 0.64375 0.1421875 0.16484375
0 0.6640625 0.61640625 0.1828125 0.18125
0 0.10078125 0.88984375 0.18515625 0.15625
0 0.23359375 0.33046875 0.1359375 0.16875
0 0.56796875 0.28671875 0.17109375 0.14765625
0 0.79140625 0.3 0.18359375 0.1375
0 0.1421875 0.128125 0.15703125 0.1390625
0 0.1265625 0.50546875 0.165625 0.15078125
0 0.68125 0.10390625 0.1546875 0.16171875
0 0.05390625 0.190625 0.1078125 0.18984375
0 0.23359375 0.58359375 0.14765625 0.13359375
0 0.89140625 0.93203125 0.14296875 0.13515625
0 0.12734375 0.63984375 0.1546875 0.14453125
0 0.78359375 0.55546875 0.15625 0.1671875
0 0.1390625 0.25625 0.14609375 0.15234375
0 0.9234375 0.03125 0.15234375 0.0625
0 0.790625 0.4203125 0.16328125 0.13671875
0 0.4703125 0.21796875 0.14296875 0.15078125
0 0.4328125 0.346875 0.11796875 0.13515625
0 0.68515625 0.35859375 0.1546875 0.146875
0 0.10078125 0.76171875 0.16484375 0.14296875
0 0.9578125 0.56328125 0.084375 0.1640625
0 0.34140625 0.403125 0.15625 0.15234375
0 0.77421875 0.69765625 0.13828125 0.1546875
0 0.34921875 0.27265625 0.1609375 0.1375