0 0.809375 0.83515625 0.278125 0.32578125
0 0.528125 0.9390625 0.153125 0.121875
0 0.334375 0.8140625 0.19765625 0.19140625
0 0.14140625 0.9296875 0.2015625 0.140625
0 0.27265625 0.9671875 0.21171875 0.065625
0 0.35859375 0.953125 0.10390625 0.09375
0 0.2515625 0.8796875 0.05 0.0421875
0 0.2828125 0.91640625 0.07578125 0.0875
0 0.334375 0.91796875 0.1171875 0.0890625
0 0.6359375 0.55859375 0.078125 0.05078125
0 0.990625 0.30625 0.01875 0.0578125
0 0.828125 0.1390625 0.09296875 0.08515625
0 0.96328125 0.04140625 0.0734375 0.07265625
0 0.35859375 0.6578125 0.19375 0.1625
0 0.12890625 0.8421875 0.0453125 0.05078125