0 0.48515625 0.10390625 0.08828125 0.09375
0 0.60703125 0.10859375 0.15703125 0.12890625
0 0.640625 0.02734375 0.0890625 0.05390625
0 0.54140625 0.03046875 0.12734375 0.0609375
0 0.4109375 0.03203125 0.12890625 0.0640625
0 0.178125 0.03671875 0.15078125 0.0734375
0 0.3078125 0.1140625 0.15234375 0.190625
0 0.1890625 0.165625 0.25703125 0.18828125
0 0.240625 0.3359375 0.303125 0.24921875
0 0.4015625 0.34140625 0.15390625 0.1890625
0 0.05 0.4890625 0.09921875 0.29296875
0 0.22734375 0.53828125 0.2578125 0.2171875
0 0.0640625 0.69453125 0.128125 0.1859375
0 0.3359375 0.64140625 0.16796875 0.16484375
0 0.30625 0.76796875 0.125 0.10625
0 0.19921875 0.721875 0.1546875 0.11171875
0 0.10859375 0.87421875 0.20703125 0.18671875
0 0.30859375 0.91796875 0.240625 0.16328125
0 0.53515625 0.97578125 0.0578125 0.0484375
0 0.596875 0.7234375 0.16484375 0.171875
0 0.725 0.76328125 0.06796875 0.06875
0 0.45703125 0.65078125 0.0671875 0.05546875
0 0.4546875 0.7765625 0.16171875 0.20859375
0 0.525 0.6 0.0796875 0.06640625
0 0.51328125 0.5578125 0.05859375 0.05546875
0 0.615625 0.5265625 0.1734375 0.159375
0 0.96328125 0.47109375 0.05390625 0.05234375
0 0.90390625 0.434375 0.11875 0.1421875
0 0.7375 0.48671875 0.090625 0.0703125
0 0.7890625 0.41171875 0.10625 0.07734375
0 0.81171875 0.234375 0.12734375 0.11640625
0 0.7640625 0.1734375 0.1328125 0.1046875
0 0.7953125 0.06484375 0.09765625 0.08125
0 0.96328125 0.159375 0.0734375 0.096875
0 0.75 0.096875 0.040625 0.05
0 0.7078125 0.0984375 0.0609375 0.07734375
0 0.81328125 0.11796875 0.0796875 0.06015625
0 0.58828125 0.29921875 0.325 0.2796875
0 0.49375 0.46015625 0.14296875 0.12578125
0 0.0578125 0.22890625 0.115625 0.19375
0 0.30390625 0.3609375 0.09765625 0.09921875
0 0.59609375 0.91953125 0.10625 0.08828125
0 0.103125 0.2984375 0.09296875 0.08828125
0 0.1953125 0.365625 0.10703125 0.1125
0 0.31484375 0.4375 0.06875 0.06796875
0 0.6859375 0.81875 0.125 0.13515625
0 0.34375 0.80390625 0.07421875 0.0765625
0 0.06875 0.34921875 0.06875 0.05859375
0 0.40234375 0.09296875 0.103125 0.125