0 0.98515625 0.40859375 0.0296875 0.0421875
0 0.9921875 0.3578125 0.015625 0.04453125
0 0.97421875 0.453125 0.04140625 0.04453125
0 0.978125 0.81171875 0.04296875 0.159375
0 0.25078125 0.91640625 0.10546875 0.1
0 0.3 0.61875 0.20703125 0.20234375
0 0.509375 0.6078125 0.20546875 0.20546875
0 0.71484375 0.15078125 0.09375 0.06875
0 0.68515625 0.7015625 0.1140625 0.128125
0 0.62890625 0.3484375 0.13203125 0.11640625
0 0.640625 0.2234375 0.13125 0.1296875
0 0.346875 0.8109375 0.08359375 0.084375
0 0.6578125 0.57421875 0.1015625 0.10703125
0 0.9390625 0.9421875 0.09921875 0.103125
0 0.9859375 0.6921875 0.028125 0.11015625
0 0.29765625 0.7765625 0.0875 0.09140625
0 0.8125 0.33671875 0.08828125 0.0890625
0 0.74921875 0.2140625 0.109375 0.11484375
0 0.67109375 0.45625 0.11875 0.1453125
0 0.8203125 0.240625 0.103125 0.121875
0 0.75625 0.37265625 0.1015625 0.11328125
0 0.7421875 0.5125 0.08984375 0.103125
0 0.81015625 0.15234375 0.1 0.0921875
0 0.61796875 0.66640625 0.08203125 0.0859375
0 0.23828125 0.75078125 0.07734375 0.07734375
0 0.5828125 0.434375 0.11484375 0.11171875
0 0.9015625 0.02578125 0.15859375 0.05078125
0 0.74375 0.63828125 0.07109375 0.0765625