0 0.39453125 0.48984375 0.18828125 0.16953125
0 0.29375 0.2609375 0.19921875 0.18515625
0 0.97109375 0.06171875 0.0578125 0.1234375
0 0.90703125 0.1 0.1859375 0.184375
0 0.77109375 0.58984375 0.18671875 0.17421875
0 0.1203125 0.76953125 0.20078125 0.19140625
0 0.87734375 0.809375 0.1796875 0.17734375
0 0.16328125 0.1921875 0.18203125 0.18125
0 0.6453125 0.6578125 0.20625 0.1890625
0 0.94375 0.87890625 0.11171875 0.1671875
0 0.96015625 0.31171875 0.0796875 0.18515625
0 0.953125 0.73203125 0.09375 0.1609375
0 0.06484375 0.25390625 0.1296875 0.165625
0 0.29296875 0.11796875 0.1859375 0.159375
0 0.628125 0.928125 0.17109375 0.14375
0 0.90546875 0.37734375 0.1890625 0.1984375
0 0.540625 0.2828125 0.18515625 0.16953125
0 0.1859375 0.06015625 0.1765625 0.1203125
0 0.1453125 0.4796875 0.18671875 0.19375
0 0.41953125 0.07578125 0.18671875 0.15078125
0 0.27109375 0.425 0.18671875 0.165625
0 0.34765625 0.9828125 0.08671875 0.03359375
0 0.9546875 0.59140625 0.08984375 0.1609375
0 0.0671875 0.1078125 0.134375 0.1625
0 0.059375 0.40546875 0.11875 0.1546875
0 0.14609375 0.62421875 0.17265625 0.14765625
0 0.1109375 0.9765625 0.18828125 0.046875
0 0.25625 0.95390625 0.17109375 0.09140625
0 0.13125 0.90546875 0.15 0.14765625
0 0.4140625 0.91484375 0.1765625 0.1703125
0 0.5046875 0.9609375 0.15625 0.078125
0 0.74296875 0.93671875 0.1640625 0.1265625
0 0.26484375 0.84140625 0.20625 0.23046875
0 0.26328125 0.6890625 0.1703125 0.1703125
0 0.26875 0.54140625 0.19296875 0.18828125
0 0.4 0.63828125 0.16796875 0.17421875
0 0.14609375 0.3140625 0.14765625 0.15390625
0 0.41796875 0.3484375 0.18125 0.17421875
0 0.53359375 0.41953125 0.19453125 0.1828125
0 0.52890625 0.56171875 0.19453125 0.19453125
0 0.6625 0.49921875 0.16796875 0.17421875
0 0.6515625 0.36484375 0.18125 0.165625
0 0.65625 0.2234375 0.1828125 0.13515625
0 0.534375 0.71953125 0.1609375 0.1765625
0 0.4015625 0.75703125 0.17421875 0.184375
0 0.6234375 0.79921875 0.20625 0.17421875
0 0.50859375 0.85234375 0.1421875 0.15546875
0 0.87109375 0.9296875 0.1828125 0.140625
0 0.94453125 0.96484375 0.11015625 0.0703125
0 0.75078125 0.87265625 0.17421875 0.17890625
0 0.7859375 0.73828125 0.15390625 0.1609375
0 0.8796875 0.65546875 0.17109375 0.1671875
0 0.8984375 0.509375 0.1875 0.1796875
0 0.7828125 0.44609375 0.19453125 0.1796875
0 0.7796875 0.31015625 0.1796875 0.1671875
0 0.8984375 0.21875 0.190625 0.18125
0 0.79140625 0.1421875 0.17421875 0.1703125
0 0.66328125 0.07421875 0.15625 0.1484375
0 0.54921875 0.13125 0.1765625 0.15625
0 0.4359375 0.2015625 0.1796875 0.18125
0 0.97421875 0.46171875 0.0515625 0.1671875
0 0.04765625 0.67734375 0.0953125 0.1890625
0 0.06171875 0.82421875 0.12265625 0.21171875