0 0.7375 0.64921875 0.08515625 0.07734375
0 0.94921875 0.375 0.1015625 0.19296875
0 0.80234375 0.32890625 0.17734375 0.13515625
0 0.815625 0.60390625 0.0421875 0.06640625
0 0.84375 0.5921875 0.05390625 0.06328125
0 0.690625 0.6234375 0.05 0.0421875
0 0.6484375 0.6203125 0.04765625 0.03515625
0 0.71015625 0.596875 0.0515625 0.0453125
0 0.84375 0.715625 0.15 0.1359375
0 0.6109375 0.7671875 0.1484375 0.11171875
0 0.634375 0.6765625 0.12421875 0.09453125
0 0.9171875 0.82890625 0.14921875 0.140625
0 0.625 0.921875 0.13046875 0.15390625
0 0.21875 0.98671875 0.04609375 0.02578125
0 0.22265625 0.96484375 0.0453125 0.040625
0 0.1859375 0.965625 0.03515625 0.03515625
0 0.203125 0.915625 0.0796875 0.05703125
0 0.13984375 0.96015625 0.0734375 0.06875
0 0.11015625 0.88125 0.09296875 0.0984375
0 0.05 0.7234375 0.1 0.153125
0 0.26796875 0.61484375 0.04609375 0.05546875
0 0.25078125 0.596875 0.0421875 0.0515625
0 0.359375 0.5390625 0.15078125 0.121875
0 0.3859375 0.41953125 0.1859375 0.14453125
0 0.63828125 0.4765625 0.26640625 0.2734375
0 0.9140625 0.4640625 0.0953125 0.096875
0 0.5859375 0.26328125 0.10625 0.13203125
0 0.48671875 0.225 0.10703125 0.1234375
0 0.59140625 0.096875 0.1734375 0.19375
0 0.7609375 0.15859375 0.24609375 0.23671875
0 0.49375 0.35 0.12421875 0.128125
0 0.2125 0.6921875 0.10078125 0.109375
0 0.22265625 0.27421875 0.1171875 0.10859375
0 0.09296875 0.44296875 0.096875 0.09609375
0 0.30546875 0.75 0.10625 0.1203125
0 0.70546875 0.78828125 0.128125 0.1296875
0 0.1015625 0.80234375 0.10234375 0.0859375
0 0.40390625 0.25703125 0.1046875 0.0984375
0 0.53671875 0.92734375 0.0671875 0.07421875
0 0.7765625 0.603125 0.0921875 0.1015625
0 0.0921875 0.57109375 0.0890625 0.08515625
0 0.0546875 0.94296875 0.109375 0.11328125
0 0.49140625 0.690625 0.0921875 0.1015625
0 0.19140625 0.57890625 0.07734375 0.08046875
0 0.7453125 0.87421875 0.0796875 0.08671875
0 0.690625 0.88984375 0.07578125 0.08671875