0 0.76015625 0.1328125 0.06953125 0.08359375
0 0.7859375 0.11484375 0.03515625 0.0421875
0 0.75234375 0.45859375 0.10625 0.13125
0 0.72890625 0.725 0.08984375 0.103125
0 0.96015625 0.80859375 0.0796875 0.09296875
0 0.74609375 0.9671875 0.11796875 0.065625
0 0.67890625 0.90859375 0.103125 0.10390625
0 0.60546875 0.965625 0.103125 0.06796875
0 0.38671875 0.95625 0.03203125 0.028125
0 0.35078125 0.94921875 0.03203125 0.03203125
0 0.2625 0.9484375 0.0640625 0.04140625
0 0.60234375 0.66328125 0.07265625 0.08671875
0 0.20703125 0.61171875 0.03671875 0.0421875
0 0.10546875 0.70078125 0.09296875 0.09453125
0 0.00703125 0.59921875 0.01328125 0.02890625
0 0.02265625 0.58671875 0.0296875 0.02734375
0 0.07109375 0.5390625 0.07421875 0.07421875
0 0.23984375 0.34296875 0.04921875 0.05546875
0 0.8375 0.603125 0.140625 0.1296875
0 0.75625 0.32109375 0.1671875 0.14375
0 0.85234375 0.125 0.11328125 0.12109375
0 0.72421875 0.8359375 0.11328125 0.11328125
0 0.10625 0.60625 0.11328125 0.109375
0 0.88359375 0.25625 0.1046875 0.1015625
0 0.9546875 0.45 0.090625 0.134375
0 0.846875 0.85546875 0.12265625 0.13671875
0 0.84765625 0.02734375 0.1109375 0.0546875
0 0.8953125 0.3796875 0.15703125 0.1390625
0 0.91640625 0.04375 0.084375 0.08671875
0 0.8953125 0.49140625 0.10625 0.0890625
0 0.84140625 0.521875 0.078125 0.06015625
0 0.96328125 0.18046875 0.0734375 0.0984375
0 0.96328125 0.025 0.0734375 0.04921875
0 0.95390625 0.1078125 0.09140625 0.09921875
0 0.87265625 0.96015625 0.1140625 0.0796875
0 0.72734375 0.0125 0.1015625 0.025
0 0.06875 0.325 0.08359375 0.08046875