0 0.9484375 0.61171875 0.103125 0.1140625
0 0.54140625 0.46796875 0.13046875 0.11875
0 0.6546875 0.25703125 0.15546875 0.18046875
0 0.53359375 0.3484375 0.17890625 0.16875
0 0.2125 0.43984375 0.15 0.14765625
0 0.23984375 0.06875 0.17265625 0.1375
0 0.75078125 0.4359375 0.16015625 0.1234375
0 0.9640625 0.13046875 0.071875 0.1453125
0 0.9328125 0.06328125 0.134375 0.1265625
0 0.21953125 0.18828125 0.16015625 0.13359375
0 0.64453125 0.3984375 0.1359375 0.1421875
0 0.39453125 0.27265625 0.1484375 0.13828125
0 0.340625 0.6 0.15859375 0.15703125
0 0.2140625 0.965625 0.10546875 0.06796875
0 0.8578125 0.503125 0.1625 0.1765625
0 0.57421875 0.67265625 0.1640625 0.165625
0 0.64375 0.51640625 0.14296875 0.13515625
0 0.82890625 0.09296875 0.16015625 0.17265625
0 0.87578125 0.1765625 0.17265625 0.14453125
0 0.93359375 0.284375 0.1328125 0.1765625
0 0.83046875 0.28671875 0.15 0.1671875
0 0.93046875 0.40625 0.1390625 0.140625
0 0.75390625 0.5546875 0.18515625 0.17109375
0 0.9375 0.534375 0.12421875 0.13984375
0 0.9375 0.7328125 0.12421875 0.159375
0 0.8453125 0.790625 0.16953125 0.1609375
0 0.75 0.7640625 0.16796875 0.18203125
0 0.915625 0.8625 0.125 0.125
0 0.53984375 0.56015625 0.1484375 0.1109375
0 0.4328125 0.52109375 0.14609375 0.1984375
0 0.42890625 0.41875 0.17421875 0.1625
0 0.50625 0.2421875 0.159375 0.14140625
0 0.58125 0.13828125 0.13984375 0.14140625
0 0.69453125 0.10546875 0.1640625 0.14453125
0 0.4578125 0.1375 0.15625 0.1625
0 0.32578125 0.1390625 0.165625 0.14609375
0 0.1640625 0.81015625 0.16640625 0.15546875
0 0.2765625 0.7203125 0.1453125 0.13515625
0 0.11328125 0.675 0.2265625 0.1765625
0 0.2078125 0.5484375 0.1484375 0.13203125
0 0.10546875 0.50703125 0.13046875 0.13203125
0 0.1140625 0.38671875 0.1390625 0.1390625
0 0.13671875 0.2921875 0.184375 0.16796875
0 0.11875 0.1359375 0.1515625 0.175
0 0.75703125 0.20703125 0.16953125 0.16953125
0 0.746875 0.31953125 0.153125 0.134375
0 0.69921875 0.65 0.14765625 0.134375
0 0.3296875 0.47421875 0.15703125 0.14375
0 0.32578125 0.36953125 0.1640625 0.14765625
0 0.2765625 0.29453125 0.1515625 0.1359375
0 0.04453125 0.09375 0.0890625 0.18671875
0 0.065625 0.20234375 0.13125 0.1546875