0 0.70625 0.4921875 0.13359375 0.14375
0 0.85 0.52265625 0.11640625 0.1203125
0 0.934375 0.53203125 0.13125 0.21875
0 0.934375 0.934375 0.13125 0.13125
0 0.8578125 0.8671875 0.253125 0.265625
0 0.09296875 0.41796875 0.18515625 0.1734375
0 0.3109375 0.2671875 0.1484375 0.12890625
0 0.39609375 0.159375 0.21015625 0.16484375
0 0.5046875 0.05546875 0.1703125 0.1109375
0 0.225 0.3546875 0.1828125 0.1703125
0 0.14921875 0.24765625 0.16796875 0.1734375
0 0.06328125 0.30390625 0.1265625 0.19453125
0 0.6203125 0.83046875 0.18828125 0.16875
0 0.41484375 0.6828125 0.1921875 0.1984375
0 0.28828125 0.65859375 0.19765625 0.221875
0 0.13203125 0.63828125 0.18046875 0.18671875
0 0.1125 0.80390625 0.1953125 0.18359375
0 0.415625 0.83046875 0.18515625 0.165625
0 0.68125 0.934375 0.2046875 0.13125
0 0.08515625 0.940625 0.1546875 0.11875
0 0.23671875 0.9390625 0.1796875 0.121875
0 0.39453125 0.94765625 0.19140625 0.10390625
0 0.3421875 0.06796875 0.19921875 0.1359375
0 0.240625 0.01953125 0.18515625 0.03828125
0 0.95390625 0.725 0.0921875 0.1390625
0 0.24140625 0.1578125 0.175 0.17890625
0 0.07109375 0.1375 0.1421875 0.17734375
0 0.07578125 0.02109375 0.15078125 0.04140625