0 0.1390625 0.18359375 0.17109375 0.184375
0 0.57890625 0.13828125 0.0953125 0.11875
0 0.5875 0.296875 0.1046875 0.1546875
0 0.66015625 0.4125 0.14921875 0.1359375
0 0.64921875 0.49296875 0.059375 0.05390625
0 0.66484375 0.55859375 0.084375 0.08046875
0 0.6953125 0.6359375 0.0703125 0.0625
0 0.7265625 0.7875 0.0546875 0.05625
0 0.84296875 0.85625 0.0453125 0.04375
0 0.36796875 0.9453125 0.3453125 0.10859375
0 0.134375 0.02890625 0.078125 0.0578125
0 0.58984375 0.06171875 0.06171875 0.08203125
0 0.71953125 0.18125 0.28515625 0.24453125
0 0.7953125 0.2609375 0.340625 0.2421875
0 0.9625 0.28671875 0.075 0.3921875
0 0.975 0.75625 0.05 0.13046875