0 0.2578125 0.12421875 0.17109375 0.15703125
0 0.37421875 0.18125 0.14453125 0.16015625
0 0.0625 0.0515625 0.125 0.10234375
0 0.15625 0.06953125 0.12578125 0.1328125
0 0.06171875 0.1390625 0.1234375 0.14296875
0 0.07578125 0.3953125 0.1515625 0.13515625
0 0.165625 0.33046875 0.1515625 0.15625
0 0.08125 0.5171875 0.1609375 0.16875
0 0.0796875 0.6625 0.14453125 0.14921875
0 0.09375 0.78828125 0.1609375 0.14453125
0 0.11640625 0.871875 0.1671875 0.12578125
0 0.1140625 0.94609375 0.16484375 0.1078125
0 0.4046875 0.95234375 0.18203125 0.09453125
0 0.25390625 0.94375 0.1765625 0.1125
0 0.22578125 0.86328125 0.16484375 0.15703125
0 0.20234375 0.75859375 0.184375 0.14921875
0 0.34375 0.7375 0.16640625 0.153125
0 0.296875 0.64296875 0.1703125 0.14921875
0 0.28671875 0.3828125 0.1671875 0.1671875
0 0.3109375 0.5125 0.17734375 0.1640625
0 0.38984375 0.440625 0.15078125 0.1640625
0 0.51796875 0.36328125 0.146875 0.14921875
0 0.77734375 0.50703125 0.15078125 0.14609375
0 0.50546875 0.48671875 0.17734375 0.1484375
0 0.503125 0.58828125 0.17265625 0.1484375
0 0.42734375 0.68359375 0.1609375 0.17890625
0 0.35234375 0.8359375 0.17421875 0.14921875
0 0.4734375 0.81640625 0.14453125 0.13515625
0 0.53515625 0.6921875 0.18515625 0.1703125
0 0.68828125 0.6515625 0.1953125 0.13671875
0 0.81171875 0.609375 0.10546875 0.09765625
0 0.90859375 0.615625 0.1546875 0.14140625
0 0.57890625 0.94140625 0.1390625 0.109375
0 0.609375 0.8609375 0.115625 0.13515625
0 0.678125 0.746875 0.16640625 0.1515625
0 0.6953125 0.91171875 0.14609375 0.1625
0 0.7734375 0.95234375 0.14609375 0.09453125
0 0.88203125 0.89453125 0.13046875 0.10234375
0 0.7734375 0.84921875 0.15625 0.13359375
0 0.85703125 0.79296875 0.10703125 0.10234375
0 0.80390625 0.72578125 0.13671875 0.1328125
0 0.91484375 0.7328125 0.12890625 0.125
0 0.959375 0.70625 0.08125 0.159375
0 0.94296875 0.85234375 0.1140625 0.16875
0 0.19140625 0.5921875 0.18359375 0.17578125
0 0.40078125 0.3234375 0.17265625 0.15546875
0 0.0671875 0.27109375 0.13359375 0.1671875
0 0.2875 0.26171875 0.15859375 0.1484375
0 0.64375 0.5546875 0.18828125 0.1765625
0 0.63203125 0.42109375 0.1546875 0.14765625
0 0.17109375 0.20234375 0.1703125 0.1671875
0 0.18984375 0.45078125 0.14765625 0.128125
0 0.9546875 0.95 0.08984375 0.09921875