0 0.70078125 0.25625 0.16328125 0.16484375
0 0.8125 0.1890625 0.1671875 0.17109375
0 0.91953125 0.23984375 0.1609375 0.17109375
0 0.83671875 0.45859375 0.14453125 0.17265625
0 0.92734375 0.3765625 0.14453125 0.165625
0 0.28515625 0.92890625 0.165625 0.14140625
0 0.071875 0.9453125 0.14375 0.109375
0 0.06484375 0.83828125 0.1296875 0.18046875
0 0.15625 0.759375 0.18359375 0.14765625
0 0.0546875 0.696875 0.109375 0.13203125
0 0.059375 0.57578125 0.11875 0.159375
0 0.265625 0.553125 0.14921875 0.153125
0 0.05625 0.43515625 0.1125 0.159375
0 0.140625 0.36171875 0.14140625 0.14140625
0 0.05703125 0.315625 0.1140625 0.16875
0 0.12421875 0.2359375 0.13984375 0.1546875
0 0.0515625 0.16953125 0.103125 0.184375
0 0.128125 0.09921875 0.17421875 0.18046875
0 0.24453125 0.15625 0.19375 0.15703125
0 0.4609375 0.04765625 0.175 0.0953125
0 0.35234375 0.21640625 0.178125 0.159375
0 0.5828125 0.07890625 0.184375 0.1578125
0 0.37578125 0.35390625 0.18984375 0.16484375
0 0.48828125 0.40859375 0.14140625 0.14921875
0 0.590625 0.34296875 0.18671875 0.1703125
0 0.59375 0.4703125 0.17265625 0.14765625
0 0.38671875 0.6203125 0.1625 0.15546875
0 0.38671875 0.74765625 0.15703125 0.15703125
0 0.50390625 0.81171875 0.1671875 0.1703125
0 0.73984375 0.91953125 0.18359375 0.16015625
0 0.61328125 0.73046875 0.1546875 0.1546875
0 0.6109375 0.59375 0.2015625 0.1765625
0 0.7203125 0.6578125 0.17265625 0.16484375
0 0.93203125 0.6578125 0.1359375 0.1625
0 0.84921875 0.72265625 0.14609375 0.15703125
0 0.9390625 0.7765625 0.12109375 0.16328125
0 0.7375 0.7953125 0.1578125 0.15078125
0 0.915625 0.03046875 0.16875 0.0609375
0 0.58984375 0.21875 0.16640625 0.17890625
0 0.48671875 0.553125 0.1609375 0.1484375
0 0.84296875 0.59375 0.1421875 0.1421875
0 0.48125 0.27890625 0.1625 0.15
0 0.80859375 0.0640625 0.1578125 0.12734375
0 0.2625 0.4265625 0.16484375 0.17421875
0 0.91953125 0.128125 0.1609375 0.16640625
0 0.47890625 0.15234375 0.1671875 0.1515625
0 0.1671875 0.640625 0.159375 0.1625
0 0.05390625 0.0609375 0.1078125 0.121875
0 0.1515625 0.50234375 0.1671875 0.16328125
0 0.6984375 0.13046875 0.16875 0.1578125
0 0.73671875 0.52734375 0.175 0.15703125
0 0.25390625 0.2890625 0.16875 0.14609375
0 0.5046875 0.67734375 0.17265625 0.1421875
0 0.17265625 0.89921875 0.17578125 0.1671875
0 0.40390625 0.8921875 0.1546875 0.1515625
0 0.71640625 0.40625 0.1765625 0.17578125
0 0.38671875 0.484375 0.17890625 0.17578125
0 0.284375 0.69296875 0.15078125 0.17734375
0 0.51484375 0.92734375 0.1765625 0.1453125
0 0.9453125 0.9203125 0.109375 0.159375
0 0.30390625 0.83671875 0.13671875 0.1515625
0 0.24375 0.0546875 0.17578125 0.109375
0 0.93125 0.52265625 0.13671875 0.165625
0 0.8625 0.86015625 0.15234375 0.15
0 0.3625 0.09375 0.1671875 0.16953125
0 0.703125 0.03203125 0.1625 0.0640625
0 0.63046875 0.86640625 0.1671875 0.16015625