0 0.86796875 0.0453125 0.2078125 0.08984375
0 0.7171875 0.0328125 0.14453125 0.06484375
0 0.5671875 0.034375 0.140625 0.06875
0 0.5125 0.0546875 0.146875 0.109375
0 0.4703125 0.11953125 0.13203125 0.1421875
0 0.925 0.1171875 0.146875 0.13828125
0 0.9671875 0.15546875 0.0640625 0.11171875
0 0.81640625 0.11328125 0.05234375 0.06484375
0 0.83828125 0.16484375 0.09296875 0.07109375
0 0.65234375 0.140625 0.07109375 0.0703125
0 0.60078125 0.1578125 0.03359375 0.0453125
0 0.56640625 0.1578125 0.05625 0.0375
0 0.5796875 0.1265625 0.0375 0.0296875
0 0.625 0.246875 0.059375 0.0578125
0 0.62734375 0.20625 0.03046875 0.0296875
0 0.68671875 0.25859375 0.0828125 0.071875
0 0.76484375 0.28828125 0.1109375 0.0890625
0 0.70390625 0.2984375 0.06171875 0.0421875
0 0.771875 0.3453125 0.0453125 0.05390625
0 0.859375 0.4125 0.06484375 0.059375
0 0.97421875 0.5640625 0.0515625 0.07578125
0 0.8609375 0.61484375 0.153125 0.16484375
0 0.93515625 0.66953125 0.0578125 0.05078125
0 0.92578125 0.7671875 0.07890625 0.06953125
0 0.60546875 0.7984375 0.13984375 0.128125
0 0.61796875 0.71328125 0.08515625 0.0875
0 0.47265625 0.61875 0.06875 0.05625
0 0.50859375 0.615625 0.03671875 0.0453125
0 0.484375 0.6 0.05234375 0.03515625
0 0.49921875 0.5015625 0.0484375 0.065625
0 0.5140625 0.5203125 0.03671875 0.059375
0 0.56171875 0.50703125 0.078125 0.06953125
0 0.61875 0.55078125 0.0609375 0.04765625
0 0.30625 0.48828125 0.0671875 0.0765625
0 0.26796875 0.53046875 0.0421875 0.0609375
0 0.23828125 0.53359375 0.03046875 0.05546875
0 0.309375 0.4078125 0.05 0.0609375
0 0.18125 0.475 0.0828125 0.0703125
0 0.24765625 0.490625 0.06328125 0.040625
0 0.26484375 0.715625 0.05546875 0.07265625
0 0.20546875 0.65546875 0.0328125 0.03203125
0 0.18125 0.69375 0.0921875 0.0765625
0 0.13125 0.79375 0.17890625 0.18046875
0 0.2203125 0.8609375 0.1484375 0.15390625
0 0.33671875 0.85 0.09296875 0.0921875
0 0.31875 0.77734375 0.10703125 0.0734375
0 0.4421875 0.83359375 0.05390625 0.05703125
0 0.48046875 0.88125 0.09296875 0.0609375
0 0.3765625 0.94140625 0.28984375 0.11640625
0 0.55703125 0.93984375 0.06953125 0.084375
0 0.61328125 0.940625 0.03203125 0.034375
0 0.65546875 0.96796875 0.040625 0.040625
0 0.696875 0.9828125 0.04140625 0.03359375
0 0.60234375 0.9734375 0.1640625 0.053125
0 0.11015625 0.915625 0.2203125 0.16796875