0 0.54765625 0.359375 0.165625 0.1421875
0 0.55546875 0.225 0.18203125 0.17890625
0 0.43203125 0.29609375 0.165625 0.16484375
0 0.31640625 0.2109375 0.17421875 0.16875
0 0.321875 0.075 0.203125 0.15
0 0.19765625 0.02890625 0.16484375 0.0578125
0 0.0859375 0.034375 0.171875 0.06875
0 0.9234375 0.1828125 0.153125 0.19375
0 0.9328125 0.05703125 0.134375 0.1140625
0 0.81640625 0.09921875 0.19453125 0.17734375
0 0.8234375 0.01796875 0.2 0.0359375
0 0.58046875 0.090625 0.19921875 0.18046875
0 0.91328125 0.47578125 0.1734375 0.16875
0 0.42890625 0.44140625 0.171875 0.17734375
0 0.296875 0.34921875 0.1765625 0.17890625
0 0.53125 0.66484375 0.16484375 0.13984375
0 0.6671875 0.5984375 0.1765625 0.15078125
0 0.90390625 0.5984375 0.1921875 0.17890625
0 0.78984375 0.66640625 0.1859375 0.1734375
0 0.8984375 0.88671875 0.165625 0.14453125
0 0.79140625 0.9375 0.19921875 0.125
0 0.90390625 0.7578125 0.1921875 0.1890625
0 0.66328125 0.7265625 0.153125 0.16171875
0 0.525 0.78125 0.165625 0.16484375
0 0.14140625 0.9515625 0.18046875 0.096875
0 0.14140625 0.846875 0.1859375 0.1765625
0 0.05390625 0.7703125 0.1078125 0.17421875
0 0.653125 0.45 0.19921875 0.18828125
0 0.53203125 0.52578125 0.18125 0.19140625
0 0.0671875 0.19921875 0.134375 0.1828125
0 0.6859375 0.05859375 0.19765625 0.1171875
0 0.66875 0.16875 0.171875 0.159375
0 0.04921875 0.63125 0.09765625 0.1359375
0 0.06328125 0.35703125 0.12578125 0.178125
0 0.66796875 0.315625 0.18671875 0.1859375
0 0.29453125 0.49375 0.178125 0.16875
0 0.8015625 0.24375 0.171875 0.159375
0 0.14921875 0.7125 0.175 0.1765625
0 0.16796875 0.2828125 0.1890625 0.16953125
0 0.39765625 0.86796875 0.19140625 0.16015625
0 0.15703125 0.43046875 0.17109375 0.159375
0 0.2515625 0.92109375 0.190625 0.15703125
0 0.90703125 0.33359375 0.1859375 0.1796875
0 0.053125 0.49296875 0.10625 0.165625
0 0.51875 0.928125 0.17421875 0.14375
0 0.78828125 0.38671875 0.15625 0.1609375
0 0.26640625 0.78125 0.1828125 0.15234375
0 0.421875 0.14609375 0.16328125 0.18984375
0 0.409375 0.584375 0.1578125 0.1546875
0 0.40546875 0.72578125 0.15703125 0.15078125
0 0.4484375 0.0453125 0.175 0.090625
0 0.1890625 0.12890625 0.18671875 0.1890625
0 0.0453125 0.91640625 0.090625 0.153125
0 0.78515625 0.53203125 0.15234375 0.1640625
0 0.75625 0.815625 0.14453125 0.14453125
0 0.6125 0.86875 0.16796875 0.16953125
0 0.14921875 0.565625 0.18828125 0.17109375
0 0.2765625 0.63828125 0.184375 0.15703125