0 0.13046875 0.12890625 0.2609375 0.2578125
0 0.26640625 0.221875 0.4734375 0.44375
0 0.50234375 0.06484375 0.2046875 0.1296875
0 0.37421875 0.02890625 0.23359375 0.0578125
0 0.55546875 0.09921875 0.1796875 0.17734375
0 0.65703125 0.15859375 0.2484375 0.22265625
0 0.884375 0.390625 0.23125 0.26015625
0 0.9234375 0.51015625 0.15234375 0.23671875
0 0.45234375 0.44609375 0.31875 0.2875
0 0.67421875 0.63359375 0.45 0.43984375
0 0.8546875 0.871875 0.290625 0.25625
0 0.4984375 0.89375 0.15234375 0.16328125
0 0.3765625 0.7875 0.09296875 0.125
0 0.31015625 0.68671875 0.19765625 0.22890625
0 0.53984375 0.95859375 0.10390625 0.0828125
0 0.5953125 0.97734375 0.0609375 0.0453125
0 0.02109375 0.3515625 0.0421875 0.07734375