0 0.36796875 0.13359375 0.3578125 0.2671875
0 0.08203125 0.0671875 0.16328125 0.134375
0 0.15390625 0.0625 0.07890625 0.08984375
0 0.55625 0.16875 0.15390625 0.1578125
0 0.8296875 0.5125 0.08984375 0.08671875
0 0.9515625 0.634375 0.09609375 0.13046875
0 0.94609375 0.73203125 0.10703125 0.17578125
0 0.91171875 0.8609375 0.10390625 0.08359375
0 0.7671875 0.66875 0.0546875 0.06171875
0 0.6921875 0.5953125 0.05546875 0.0578125
0 0.634375 0.57109375 0.0375 0.034375
0 0.58359375 0.584375 0.06171875 0.06328125
0 0.39609375 0.35625 0.03984375 0.0484375
0 0.421875 0.6859375 0.23046875 0.1609375
0 0.60859375 0.7796875 0.0828125 0.07109375
0 0.575 0.83515625 0.08671875 0.07890625
0 0.653125 0.68125 0.16875 0.16328125
0 0.75625 0.88984375 0.15234375 0.1859375
0 0.590625 0.90546875 0.11328125 0.1109375
0 0.8140625 0.6203125 0.15078125 0.1671875