0 0.3671875 0.1890625 0.0875 0.0734375
0 0.0640625 0.0484375 0.12734375 0.09609375
0 0.30078125 0.66953125 0.14609375 0.1546875
0 0.53671875 0.1359375 0.175 0.17421875
0 0.90390625 0.33203125 0.17265625 0.16796875
0 0.925 0.5828125 0.15 0.16875
0 0.509375 0.7359375 0.1171875 0.11171875
0 0.6109375 0.7328125 0.11796875 0.14453125
0 0.065625 0.265625 0.13046875 0.1578125
0 0.58046875 0.290625 0.1765625 0.14609375
0 0.05703125 0.1328125 0.1140625 0.15625
0 0.96328125 0.68359375 0.0734375 0.16015625
0 0.46875 0.35703125 0.1453125 0.140625
0 0.7578125 0.78203125 0.140625 0.125
0 0.1421875 0.190625 0.15390625 0.13359375
0 0.6921875 0.353125 0.1375 0.12578125
0 0.26796875 0.2359375 0.171875 0.184375
0 0.2203125 0.87734375 0.1375 0.1390625
0 0.1765625 0.665625 0.1578125 0.1609375
0 0.06328125 0.6171875 0.0734375 0.07890625
0 0.09921875 0.7953125 0.1984375 0.315625
0 0.5953125 0.53828125 0.14375 0.16484375
0 0.47734375 0.4875 0.15078125 0.18515625
0 0.3703125 0.56015625 0.14609375 0.140625
0 0.26640625 0.49296875 0.14765625 0.14765625
0 0.17109375 0.55078125 0.18671875 0.16796875
0 0.06328125 0.50859375 0.12578125 0.16171875
0 0.1484375 0.44453125 0.1625 0.12578125
0 0.06015625 0.3875 0.11953125 0.1703125
0 0.303125 0.08671875 0.1625 0.16796875
0 0.66796875 0.14609375 0.14453125 0.15234375
0 0.903125 0.1984375 0.18359375 0.16015625
0 0.6921875 0.46328125 0.14375 0.15
0 0.809375 0.51875 0.15625 0.16640625
0 0.69453125 0.5875 0.171875 0.15546875
0 0.91171875 0.07109375 0.1765625 0.1421875
0 0.7984375 0.15234375 0.1390625 0.1125
0 0.7921875 0.26484375 0.1734375 0.15390625
0 0.79765625 0.390625 0.14375 0.1375
0 0.7953125 0.65859375 0.159375 0.15390625
0 0.4578125 0.68125 0.1390625 0.159375
0 0.5734375 0.40625 0.16171875 0.14765625
0 0.47421875 0.2265625 0.153125 0.1390625
0 0.41171875 0.10078125 0.1421875 0.16953125
0 0.365625 0.2828125 0.14453125 0.14765625
0 0.38046875 0.4203125 0.153125 0.15703125
0 0.2609375 0.37734375 0.1515625 0.14609375
0 0.1390625 0.31875 0.16953125 0.159375
0 0.69140625 0.2171875 0.13515625 0.13671875
0 0.16953125 0.06640625 0.159375 0.13203125
0 0.915625 0.44765625 0.159375 0.1328125