0 0.50703125 0.1234375 0.20390625 0.159375
0 0.3734375 0.23984375 0.1203125 0.16640625
0 0.23359375 0.3546875 0.17890625 0.17265625
0 0.0921875 0.46171875 0.175 0.15859375
0 0.31875 0.6859375 0.55546875 0.54140625
0 0.49140625 0.9046875 0.096875 0.1265625
0 0.37890625 0.96328125 0.19140625 0.0734375
0 0.6046875 0.4046875 0.60703125 0.48984375
0 0.7984375 0.25625 0.40234375 0.4734375
0 0.1609375 0.1859375 0.321875 0.371875
0 0.31640625 0.0890625 0.215625 0.178125
0 0.45 0.0359375 0.159375 0.071875