0 0.01796875 0.0984375 0.0359375 0.04375
0 0.0140625 0.11796875 0.02734375 0.0515625
0 0.74140625 0.034375 0.1640625 0.06796875
0 0.6 0.03828125 0.1203125 0.07578125
0 0.55703125 0.10546875 0.05 0.06015625
0 0.48046875 0.06640625 0.146875 0.1328125
0 0.25 0.3109375 0.15546875 0.15078125
0 0.0515625 0.3953125 0.10234375 0.1546875
0 0.17265625 0.64609375 0.134375 0.1359375
0 0.0421875 0.6078125 0.084375 0.084375
0 0.0984375 0.74375 0.1359375 0.16796875
0 0.2546875 0.7703125 0.125 0.13046875
0 0.51953125 0.91484375 0.09296875 0.10625
0 0.640625 0.89375 0.1625 0.2125
0 0.94296875 0.8203125 0.09453125 0.1046875
0 0.509375 0.6765625 0.2375 0.134375
0 0.57421875 0.54609375 0.13125 0.1390625
0 0.684375 0.68515625 0.0828125 0.09375
0 0.6375 0.72890625 0.1453125 0.121875
0 0.75 0.665625 0.05546875 0.0796875
0 0.89296875 0.546875 0.18203125 0.1609375
0 0.87109375 0.45859375 0.06796875 0.05546875
0 0.92265625 0.4515625 0.05703125 0.05859375
0 0.79140625 0.4421875 0.0796875 0.09140625
0 0.75625 0.20390625 0.21640625 0.190625
0 0.65390625 0.084375 0.15390625 0.134375
0 0.96875 0.053125 0.0625 0.10625
0 0.47265625 0.4015625 0.14296875 0.128125
0 0.8546875 0.66015625 0.1390625 0.134375
0 0.5984375 0.29453125 0.1375 0.14296875
0 0.709375 0.3859375 0.1421875 0.1171875
0 0.0546875 0.2734375 0.10859375 0.121875
0 0.44453125 0.1828125 0.10078125 0.103125
0 0.46796875 0.5859375 0.11796875 0.13203125
0 0.54453125 0.7140625 0.10859375 0.12421875
0 0.40390625 0.48203125 0.1234375 0.1328125
0 0.8984375 0.71484375 0.084375 0.0953125
0 0.41328125 0.79921875 0.10625 0.09921875
0 0.31796875 0.5875 0.121875 0.12265625
0 0.17890625 0.39296875 0.10625 0.10625
0 0.33671875 0.7421875 0.14921875 0.134375
0 0.4859375 0.26015625 0.08828125 0.0765625
0 0.37265625 0.3234375 0.11171875 0.12734375
0 0.51875 0.16640625 0.084375 0.11796875
0 0.58515625 0.3875 0.09921875 0.0734375
0 0.334375 0.8921875 0.08671875 0.1015625
0 0.3140625 0.80546875 0.07890625 0.0984375
0 0.1453125 0.5109375 0.08828125 0.0890625