0 0.95 0.26640625 0.1 0.13046875
0 0.94453125 0.125 0.1109375 0.184375
0 0.87109375 0.08125 0.2265625 0.1625
0 0.73828125 0.13828125 0.18359375 0.175
0 0.59609375 0.08046875 0.2296875 0.1609375
0 0.090625 0.06875 0.18125 0.1375
0 0.22734375 0.26328125 0.24296875 0.21796875
0 0.3421875 0.20546875 0.15546875 0.171875
0 0.45546875 0.41171875 0.153125 0.184375
0 0.61484375 0.32890625 0.18046875 0.115625
0 0.74375 0.42734375 0.16171875 0.1875
0 0.73828125 0.26796875 0.175 0.190625
0 0.86484375 0.45078125 0.2015625 0.171875
0 0.85625 0.32578125 0.2234375 0.16953125
0 0.953125 0.36796875 0.09375 0.1484375
0 0.953125 0.4703125 0.09375 0.175
0 0.04609375 0.5390625 0.0921875 0.20078125
0 0.58671875 0.44296875 0.2203125 0.19609375
0 0.7046875 0.57109375 0.171875 0.1875
0 0.83671875 0.5890625 0.171875 0.17578125
0 0.93671875 0.6015625 0.1265625 0.1875
0 0.084375 0.68515625 0.14765625 0.1609375
0 0.2171875 0.703125 0.16640625 0.1734375
0 0.37734375 0.70625 0.16171875 0.1609375
0 0.03515625 0.85390625 0.0703125 0.20078125
0 0.61328125 0.8046875 0.1734375 0.13828125
0 0.64609375 0.69609375 0.16953125 0.14453125
0 0.7625 0.84375 0.184375 0.1734375
0 0.7828125 0.71328125 0.14921875 0.178125
0 0.915625 0.7453125 0.16875 0.184375
0 0.9828125 0.75625 0.034375 0.1578125
0 0.8875 0.8734375 0.20703125 0.190625
0 0.04140625 0.959375 0.0828125 0.08125
0 0.12578125 0.94296875 0.2046875 0.1140625
0 0.25234375 0.896875 0.159375 0.16640625
0 0.4984375 0.9125 0.13828125 0.13203125
0 0.62890625 0.91484375 0.1703125 0.16171875
0 0.50078125 0.96640625 0.184375 0.0671875
0 0.76953125 0.9484375 0.184375 0.103125
0 0.89765625 0.971875 0.18046875 0.05546875
0 0.1359375 0.83984375 0.2046875 0.1671875
0 0.06640625 0.375 0.1328125 0.1875
0 0.14375 0.5484375 0.178125 0.20703125
0 0.39375 0.91953125 0.17578125 0.16015625
0 0.615625 0.21875 0.21171875 0.17734375
0 0.4609375 0.0921875 0.20546875 0.184375
0 0.51640625 0.70625 0.17421875 0.15703125
0 0.97578125 0.8921875 0.0484375 0.1703125
0 0.35625 0.03125 0.2 0.0625
0 0.23515625 0.09921875 0.19453125 0.19765625
0 0.46015625 0.25234375 0.1515625 0.17890625
0 0.3390625 0.39609375 0.15546875 0.20234375
0 0.10390625 0.184375 0.1734375 0.19453125
0 0.2 0.38671875 0.17421875 0.18828125
0 0.871875 0.21953125 0.178125 0.178125
0 0.440625 0.565625 0.165625 0.18359375
0 0.575 0.58203125 0.16328125 0.16796875
0 0.29140625 0.540625 0.1578125 0.19921875