0 0.6390625 0.6140625 0.12265625 0.103125
0 0.97890625 0.50859375 0.0421875 0.13671875
0 0.9140625 0.45390625 0.12265625 0.12890625
0 0.8875 0.5765625 0.14609375 0.146875
0 0.9578125 0.78046875 0.084375 0.1546875
0 0.78984375 0.953125 0.1453125 0.09375
0 0.9890625 0.9421875 0.02109375 0.11484375
0 0.93671875 0.9203125 0.12578125 0.159375
0 0.840625 0.921875 0.12421875 0.1046875
0 0.87421875 0.80625 0.12421875 0.12578125
0 0.771875 0.83515625 0.128125 0.1359375
0 0.68046875 0.95234375 0.17265625 0.09453125
0 0.6484375 0.89765625 0.1140625 0.1015625
0 0.6859375 0.84765625 0.1453125 0.1390625
0 0.56328125 0.6765625 0.1078125 0.075
0 0.54375 0.75078125 0.13203125 0.11015625
0 0.55390625 0.86171875 0.1375 0.1484375
0 0.43203125 0.95859375 0.1546875 0.08203125
0 0.434375 0.88203125 0.13984375 0.125
0 0.34453125 0.89296875 0.1578125 0.1578125
0 0.28828125 0.83125 0.10078125 0.10625
0 0.2078125 0.86953125 0.1078125 0.09765625
0 0.215625 0.9390625 0.1640625 0.12109375
0 0.09765625 0.94609375 0.15546875 0.1078125
0 0.8734375 0.7046875 0.134375 0.13203125
0 0.76875 0.63828125 0.16328125 0.13203125
0 0.74140625 0.74921875 0.12265625 0.11875
0 0.96484375 0.640625 0.0703125 0.13125