0 0.5984375 0.51015625 0.1125 0.1203125
0 0.71953125 0.5359375 0.0984375 0.1015625
0 0.83515625 0.54296875 0.19921875 0.18359375
0 0.9203125 0.6796875 0.159375 0.259375
0 0.859375 0.91328125 0.2484375 0.17265625
0 0.72578125 0.83828125 0.2125 0.24765625
0 0.0796875 0.446875 0.159375 0.146875
0 0.265625 0.3203125 0.125 0.10859375
0 0.33671875 0.2296875 0.17734375 0.13828125
0 0.42890625 0.11640625 0.14375 0.14453125
0 0.19296875 0.39375 0.15390625 0.14375
0 0.1296875 0.3046875 0.14140625 0.14609375
0 0.05546875 0.3515625 0.11015625 0.16328125
0 0.52578125 0.79453125 0.15859375 0.1421875
0 0.353125 0.6703125 0.16171875 0.1671875
0 0.246875 0.65 0.165625 0.18671875
0 0.11484375 0.6328125 0.15234375 0.15703125
0 0.09921875 0.771875 0.16484375 0.1546875
0 0.35390625 0.79453125 0.15625 0.13984375
0 0.57734375 0.91328125 0.171875 0.17265625
0 0.07578125 0.9046875 0.13125 0.13359375
0 0.203125 0.91484375 0.15078125 0.15859375
0 0.33671875 0.92421875 0.1609375 0.14921875
0 0.29140625 0.1328125 0.1671875 0.15390625
0 0.20625 0.0640625 0.15625 0.128125
0 0.82109375 0.70546875 0.10625 0.1171875
0 0.20703125 0.228125 0.14765625 0.15078125
0 0.06171875 0.21171875 0.1234375 0.14921875
0 0.065625 0.065625 0.13125 0.13046875