0 0.8875 0.95703125 0.19375 0.08515625
0 0.69765625 0.128125 0.18671875 0.16171875
0 0.01328125 0.209375 0.0265625 0.08515625
0 0.03671875 0.09609375 0.07265625 0.1890625
0 0.0828125 0.17578125 0.165625 0.153125
0 0.21640625 0.0203125 0.15 0.040625
0 0.58125 0.065625 0.18828125 0.13046875
0 0.97890625 0.6578125 0.0421875 0.17421875
0 0.30625 0.46015625 0.1046875 0.090625
0 0.92109375 0.55859375 0.1578125 0.1890625
0 0.7859375 0.48046875 0.18515625 0.18125
0 0.96953125 0.5015625 0.0609375 0.18125
0 0.97890625 0.36171875 0.0421875 0.15625
0 0.915625 0.13046875 0.16875 0.18515625
0 0.921875 0.275 0.15625 0.17734375
0 0.81015625 0.2265625 0.1640625 0.165625
0 0.6765625 0.38125 0.175 0.1796875
0 0.56640625 0.196875 0.18828125 0.175
0 0.56484375 0.33203125 0.1828125 0.16875
0 0.44375 0.26328125 0.19921875 0.16953125
0 0.3078125 0.325 0.14765625 0.16953125
0 0.20234375 0.23125 0.18125 0.18359375
0 0.0703125 0.30390625 0.140625 0.18125
0 0.06953125 0.44453125 0.1390625 0.14921875
0 0.5453125 0.46796875 0.1796875 0.16171875
0 0.54375 0.6125 0.171875 0.1671875
0 0.428125 0.55546875 0.16015625 0.1828125
0 0.3 0.575 0.1546875 0.17734375
0 0.18125 0.5109375 0.178125 0.1796875
0 0.0734375 0.57578125 0.14609375 0.16015625
0 0.07578125 0.7203125 0.1515625 0.165625
0 0.17578125 0.79765625 0.18359375 0.16328125
0 0.9421875 0.88828125 0.115625 0.1671875
0 0.94140625 0.72578125 0.1171875 0.16015625
0 0.79140625 0.609375 0.16328125 0.1546875
0 0.796875 0.73515625 0.17265625 0.16953125
0 0.8890625 0.8140625 0.1796875 0.18828125
0 0.7828125 0.8921875 0.17265625 0.18125
0 0.54609375 0.74921875 0.17265625 0.18671875
0 0.40390625 0.815625 0.16953125 0.1828125
0 0.296875 0.72890625 0.16953125 0.171875
0 0.28671875 0.87421875 0.171875 0.15859375
0 0.27265625 0.9578125 0.1828125 0.084375
0 0.14609375 0.925 0.19453125 0.14921875
0 0.41953125 0.39921875 0.16484375 0.1578125
0 0.084375 0.0640625 0.16875 0.128125
0 0.30859375 0.1828125 0.171875 0.1671875
0 0.18125 0.39296875 0.1859375 0.19453125
0 0.915625 0.41796875 0.1640625 0.1640625
0 0.66171875 0.5390625 0.1734375 0.16796875
0 0.44453125 0.12734375 0.1734375 0.15859375
0 0.6703125 0.81796875 0.17734375 0.1640625
0 0.52734375 0.8828125 0.16875 0.15234375
0 0.16875 0.65390625 0.1890625 0.190625
0 0.684375 0.034375 0.1578125 0.06875
0 0.32890625 0.06015625 0.17421875 0.11953125
0 0.05625 0.86171875 0.1125 0.175
0 0.44296875 0.03125 0.1828125 0.06171875
0 0.390625 0.9328125 0.178125 0.134375
0 0.796875 0.34296875 0.18984375 0.159375
0 0.2 0.10078125 0.15234375 0.14921875
0 0.6859375 0.24453125 0.18203125 0.17109375
0 0.97578125 0.2203125 0.04765625 0.16484375
0 0.809375 0.07734375 0.20234375 0.1546875
0 0.6578125 0.9375 0.15625 0.125
0 0.43046875 0.6765625 0.165625 0.1578125
0 0.053125 0.95859375 0.10625 0.0828125
0 0.98671875 0.0796875 0.02578125 0.15859375
0 0.6765625 0.6796875 0.13671875 0.15234375