0 0.03984375 0.74140625 0.0796875 0.153125
0 0.0484375 0.60859375 0.09609375 0.14765625
0 0.15078125 0.815625 0.1 0.13515625
0 0.0625 0.8390625 0.125 0.15
0 0.18203125 0.9625 0.11953125 0.075
0 0.8234375 0.45859375 0.0515625 0.04296875
0 0.8 0.40625 0.0890625 0.08515625
0 0.63515625 0.59609375 0.08515625 0.06640625
0 0.675 0.52734375 0.08984375 0.10078125
0 0.74296875 0.49375 0.0953125 0.09453125
0 0.61015625 0.55078125 0.059375 0.06640625
0 0.3484375 0.690625 0.2140625 0.2421875
0 0.47265625 0.59453125 0.08984375 0.08828125
0 0.4765625 0.49375 0.08515625 0.10078125
0 0.45078125 0.403125 0.1015625 0.11171875
0 0.346875 0.48515625 0.17890625 0.15546875
0 0.23359375 0.478125 0.18671875 0.28125
0 0.36328125 0.35546875 0.10078125 0.11171875
0 0.18515625 0.3375 0.05625 0.0421875
0 0.0671875 0.36015625 0.12578125 0.14375
0 0.1 0.2671875 0.07109375 0.0515625
0 0.046875 0.2265625 0.09375 0.184375
0 0.1921875 0.234375 0.08046875 0.0890625
0 0.08359375 0.0671875 0.04765625 0.04609375
0 0.2 0.06484375 0.08203125 0.08125
0 0.28359375 0.0765625 0.06484375 0.075
0 0.3671875 0.06953125 0.0796875 0.08671875
0 0.5125 0.02109375 0.059375 0.0421875
0 0.25234375 0.8171875 0.078125 0.08515625
0 0.31640625 0.95078125 0.125 0.0984375
0 0.203125 0.8515625 0.0671875 0.07265625
0 0.31875 0.78984375 0.08125 0.078125