0 0.85 0.971875 0.0734375 0.05625
0 0.91484375 0.94375 0.1125 0.1125
0 0.84921875 0.915625 0.0609375 0.075
0 0.60234375 0.97578125 0.0953125 0.0484375
0 0.70234375 0.97421875 0.1046875 0.05078125
0 0.51640625 0.74375 0.05 0.0609375
0 0.11953125 0.9671875 0.05234375 0.0609375
0 0.22109375 0.72890625 0.04765625 0.04921875
0 0.05546875 0.5359375 0.06640625 0.05390625
0 0.12265625 0.540625 0.065625 0.078125
0 0.33984375 0.2453125 0.0453125 0.0375
0 0.19453125 0.32421875 0.0765625 0.06171875
0 0.0328125 0.09765625 0.065625 0.0890625
0 0.234375 0.0546875 0.0421875 0.04296875
0 0.284375 0.0328125 0.04609375 0.04296875
0 0.334375 0.015625 0.03671875 0.03125
0 0.3859375 0.00390625 0.03125 0.00703125
0 0.7515625 0.9390625 0.11796875 0.078125
0 0.98203125 0.95 0.0359375 0.1