0 0.84921875 0.640625 0.1015625 0.1015625
0 0.07109375 0.353125 0.14140625 0.1578125
0 0.6515625 0.86328125 0.10625 0.10078125
0 0.75859375 0.81484375 0.09453125 0.08359375
0 0.81953125 0.93671875 0.1390625 0.1265625
0 0.55625 0.7859375 0.13125 0.1265625
0 0.34140625 0.7828125 0.1328125 0.1375
0 0.36171875 0.66953125 0.1375 0.13359375
0 0.4421875 0.953125 0.09296875 0.075
0 0.45546875 0.7328125 0.14765625 0.1359375
0 0.9390625 0.9390625 0.121875 0.12109375
0 0.05234375 0.82890625 0.1046875 0.13359375
0 0.2328125 0.90703125 0.13359375 0.1453125
0 0.0390625 0.953125 0.078125 0.09375
0 0.4453125 0.85078125 0.175 0.16484375
0 0.0515625 0.7140625 0.103125 0.13359375
0 0.13828125 0.77578125 0.1296875 0.115625
0 0.23515625 0.7171875 0.15703125 0.1828125
0 0.07109375 0.59453125 0.14140625 0.15078125
0 0.146875 0.6609375 0.15703125 0.1375
0 0.065625 0.46171875 0.13125 0.11796875
0 0.1625 0.5265625 0.1703125 0.1609375
0 0.25390625 0.5875 0.12734375 0.109375
0 0.171875 0.4 0.1390625 0.115625
0 0.265625 0.46171875 0.1375 0.1375
0 0.35234375 0.53125 0.14375 0.1625
0 0.4625 0.6015625 0.146875 0.1453125
0 0.4734375 0.490625 0.1203125 0.14765625
0 0.571875 0.42890625 0.1515625 0.11328125
0 0.575 0.559375 0.1234375 0.15546875
0 0.56484375 0.696875 0.115625 0.1375
0 0.665625 0.7453125 0.14140625 0.1453125
0 0.67890625 0.63125 0.1296875 0.1359375
0 0.85546875 0.83203125 0.08671875 0.096875
0 0.9453125 0.8296875 0.109375 0.103125
0 0.8984375 0.7953125 0.0640625 0.05390625
0 0.77734375 0.70078125 0.1421875 0.1390625
0 0.77265625 0.5796875 0.121875 0.10625
0 0.67734375 0.503125 0.12578125 0.12578125
0 0.553125 0.896875 0.10859375 0.128125