0 0.05234375 0.65 0.10390625 0.121875
0 0.48125 0.496875 0.13828125 0.1265625
0 0.3609375 0.27265625 0.165625 0.1921875
0 0.48984375 0.36953125 0.190625 0.1796875
0 0.83125 0.4671875 0.16015625 0.15703125
0 0.803125 0.07265625 0.18359375 0.1453125
0 0.25859375 0.46328125 0.1703125 0.13203125
0 0.03515625 0.1375 0.0703125 0.15625
0 0.06875 0.0671875 0.13671875 0.13359375
0 0.8234375 0.2 0.1703125 0.1421875
0 0.371875 0.4234375 0.14453125 0.1515625
0 0.6375 0.2890625 0.15859375 0.146875
0 0.6953125 0.6375 0.16875 0.1671875
0 0.1453125 0.534375 0.17265625 0.18828125
0 0.446875 0.71484375 0.17421875 0.17578125
0 0.37265625 0.54765625 0.1515625 0.14375
0 0.175 0.0984375 0.1703125 0.18359375
0 0.12578125 0.18671875 0.18359375 0.15390625
0 0.0671875 0.3015625 0.134375 0.1875
0 0.17421875 0.3046875 0.16015625 0.17734375
0 0.07109375 0.43125 0.14140625 0.15
0 0.25546875 0.5890625 0.196875 0.18203125
0 0.06328125 0.5671875 0.12578125 0.1484375
0 0.06328125 0.778125 0.12578125 0.16953125
0 0.15859375 0.83984375 0.18046875 0.171875
0 0.26015625 0.81171875 0.17890625 0.19375
0 0.0828125 0.91640625 0.13359375 0.13359375
0 0.48359375 0.5953125 0.1578125 0.11796875
0 0.596875 0.55390625 0.15546875 0.2109375
0 0.60078125 0.44453125 0.18515625 0.1734375
0 0.51875 0.25703125 0.16953125 0.15078125
0 0.4390625 0.14609375 0.1484375 0.15078125
0 0.31875 0.1109375 0.175 0.15390625
0 0.5703125 0.1453125 0.16640625 0.1734375
0 0.7109375 0.146875 0.1765625 0.15546875
0 0.8828125 0.8609375 0.17734375 0.165625
0 0.76328125 0.765625 0.1546875 0.14375
0 0.9078125 0.7171875 0.184375 0.1875
0 0.8359375 0.58203125 0.1578125 0.13984375
0 0.93828125 0.53828125 0.1234375 0.13984375
0 0.93046875 0.41015625 0.1390625 0.1484375
0 0.90625 0.309375 0.1875 0.178125
0 0.925 0.14375 0.14921875 0.18671875
0 0.25234375 0.21875 0.18046875 0.18046875
0 0.26328125 0.3390625 0.16328125 0.14296875
0 0.3140625 0.690625 0.15703125 0.14296875
0 0.70625 0.503125 0.1671875 0.153125
0 0.7109375 0.39140625 0.175 0.15703125
0 0.76328125 0.3125 0.1609375 0.1453125
0 0.98125 0.09921875 0.0375 0.19765625
0 0.959375 0.21484375 0.08125 0.16484375