0 0.2625 0.69453125 0.0734375 0.0734375
0 0.0875 0.69765625 0.07890625 0.065625
0 0.14296875 0.678125 0.08046875 0.078125
0 0.215625 0.6421875 0.07265625 0.0765625
0 0.18671875 0.62890625 0.06171875 0.0671875
0 0.1875 0.5671875 0.08046875 0.08671875
0 0.08046875 0.5078125 0.0734375 0.07265625
0 0.04296875 0.52890625 0.084375 0.0734375
0 0.22265625 0.50078125 0.08203125 0.059375
0 0.17890625 0.46171875 0.12734375 0.07734375
0 0.1546875 0.43203125 0.090625 0.06328125
0 0.15390625 0.3765625 0.13203125 0.07421875
0 0.17109375 0.30546875 0.09375 0.07890625
0 0.2421875 0.27890625 0.103125 0.0828125
0 0.709375 0.0390625 0.15078125 0.078125
0 0.56640625 0.071875 0.1484375 0.14296875
0 0.4390625 0.02421875 0.121875 0.0484375
0 0.47734375 0.98125 0.08671875 0.0375
0 0.503125 0.9265625 0.1203125 0.1140625
0 0.8828125 0.85859375 0.14609375 0.15703125
0 0.0703125 0.0578125 0.140625 0.115625
0 0.121875 0.16171875 0.2421875 0.1890625