0 0.38359375 0.3625 0.0421875 0.05625
0 0.1015625 0.98203125 0.0375 0.0359375
0 0.04453125 0.98515625 0.05078125 0.0296875
0 0.0671875 0.42578125 0.1046875 0.11328125
0 0.28515625 0.03359375 0.1078125 0.0671875
0 0.1875 0.11796875 0.11015625 0.1234375
0 0.2578125 0.06640625 0.09296875 0.08359375
0 0.34296875 0.90078125 0.10625 0.096875
0 0.97734375 0.953125 0.04453125 0.09375
0 0.9796875 0.3390625 0.040625 0.07421875
0 0.053125 0.0765625 0.04375 0.0421875
0 0.371875 0.01640625 0.08203125 0.0328125
0 0.96875 0.66640625 0.0625 0.14296875
0 0.14375 0.0375 0.0375 0.0375
0 0.29921875 0.3234375 0.11484375 0.1265625
0 0.41640625 0.39921875 0.06640625 0.0609375
0 0.3265625 0.42421875 0.07109375 0.07109375
0 0.50625 0.70546875 0.1 0.1109375
0 0.75390625 0.0984375 0.0546875 0.07421875
0 0.79921875 0.07109375 0.0421875 0.0453125
0 0.99453125 0.2421875 0.0109375 0.0359375
0 0.225 0.32890625 0.115625 0.1375