0 0.94765625 0.09453125 0.1046875 0.16796875
0 0.6703125 0.49765625 0.13828125 0.1578125
0 0.5234375 0.453125 0.1171875 0.1109375
0 0.30546875 0.38125 0.15625 0.1421875
0 0.4515625 0.81328125 0.16953125 0.18046875
0 0.18515625 0.378125 0.1859375 0.1890625
0 0.41953125 0.9546875 0.18671875 0.08984375
0 0.08046875 0.44921875 0.1609375 0.21328125
0 0.02265625 0.5484375 0.0453125 0.18203125
0 0.071875 0.68203125 0.14375 0.21328125
0 0.0390625 0.83671875 0.07734375 0.18203125
0 0.13984375 0.8390625 0.15390625 0.18203125
0 0.3296875 0.68984375 0.21328125 0.20703125
0 0.2546875 0.51796875 0.2046875 0.19609375
0 0.03671875 0.34375 0.0734375 0.16875
0 0.03203125 0.07734375 0.0640625 0.1546875
0 0.09921875 0.140625 0.1984375 0.190625
0 0.09375 0.26953125 0.146875 0.121875
0 0.025 0.196875 0.05 0.1515625
0 0.10859375 0.040625 0.21640625 0.08046875
0 0.23515625 0.08515625 0.19609375 0.1703125
0 0.2109375 0.20546875 0.12578125 0.15625
0 0.3296875 0.128125 0.1625 0.18984375
0 0.36171875 0.0359375 0.12421875 0.071875
0 0.47421875 0.075 0.1703125 0.15
0 0.59296875 0.053125 0.16875 0.10546875
0 0.59609375 0.165625 0.209375 0.175
0 0.46953125 0.21875 0.17734375 0.2
0 0.3171875 0.278125 0.2 0.18203125
0 0.44453125 0.35078125 0.1796875 0.17265625
0 0.40625 0.51171875 0.18359375 0.16640625
0 0.5953125 0.7203125 0.19375 0.21796875
0 0.59296875 0.85546875 0.1859375 0.1578125
0 0.73359375 0.74296875 0.18984375 0.228125
0 0.746875 0.8828125 0.19375 0.2
0 0.87265625 0.89375 0.21171875 0.209375
0 0.89296875 0.7234375 0.18359375 0.16875
0 0.5953125 0.3296875 0.16015625 0.175
0 0.81484375 0.53046875 0.19375 0.209375
0 0.91953125 0.5421875 0.1609375 0.20703125
0 0.7171875 0.384375 0.17265625 0.17734375
0 0.7109375 0.23984375 0.16875 0.16875
0 0.721875 0.0828125 0.18828125 0.165625
0 0.85546875 0.0625 0.17734375 0.125
0 0.83828125 0.16640625 0.16875 0.16015625
0 0.93203125 0.25703125 0.1359375 0.1828125
0 0.81796875 0.3265625 0.1796875 0.19375
0 0.93359375 0.4109375 0.1328125 0.1703125
0 0.96484375 0.7359375 0.0703125 0.18984375
0 0.953125 0.88828125 0.09375 0.18984375
0 0.2796875 0.8546875 0.178125 0.23046875