0 0.18515625 0.23125 0.1015625 0.08359375
0 0.98203125 0.93671875 0.0359375 0.115625
0 0.92578125 0.884375 0.11953125 0.1109375
0 0.26640625 0.4203125 0.06796875 0.09296875
0 0.5546875 0.53125 0.04921875 0.04140625
0 0.35078125 0.478125 0.0484375 0.04453125
0 0.24453125 0.61640625 0.11328125 0.15234375
0 0.46484375 0.53515625 0.0484375 0.03984375
0 0.8640625 0.9765625 0.10234375 0.046875
0 0.88984375 0.3859375 0.078125 0.08359375
0 0.9921875 0.44296875 0.015625 0.13046875
0 0.909375 0.94765625 0.06171875 0.059375
0 0.115625 0.296875 0.05078125 0.05078125
0 0.7484375 0.87578125 0.06484375 0.05703125
0 0.4234375 0.3109375 0.03984375 0.0359375
0 0.65546875 0.828125 0.05234375 0.0390625
0 0.80390625 0.91796875 0.04375 0.05625
0 0.04453125 0.57890625 0.0890625 0.1109375
0 0.896875 0.5234375 0.17890625 0.17734375
0 0.92890625 0.6125 0.0921875 0.0921875
0 0.98671875 0.62109375 0.02578125 0.08984375
0 0.78046875 0.97109375 0.1078125 0.0578125
0 0.5140625 0.04140625 0.06640625 0.08203125