0 0.92890625 0.475 0.1421875 0.21328125
0 0.91484375 0.68671875 0.1703125 0.1671875
0 0.75625 0.72734375 0.14609375 0.1484375
0 0.6640625 0.6640625 0.1640625 0.12265625
0 0.75 0.58203125 0.21484375 0.15703125
0 0.62109375 0.98515625 0.18828125 0.02890625
0 0.08203125 0.859375 0.16328125 0.16015625
0 0.2140625 0.95390625 0.19765625 0.0921875
0 0.02109375 0.959375 0.0421875 0.08046875
0 0.109375 0.56640625 0.17734375 0.11796875
0 0.49765625 0.6421875 0.2609375 0.29765625
0 0.58046875 0.35625 0.12265625 0.115625
0 0.4578125 0.33203125 0.1015625 0.05
0 0.41015625 0.284375 0.08671875 0.07890625
0 0.38046875 0.30859375 0.0546875 0.0671875
0 0.47265625 0.28125 0.07578125 0.0875
0 0.68671875 0.0765625 0.08359375 0.1078125
0 0.78203125 0.0125 0.05703125 0.025
0 0.040625 0.021875 0.08125 0.04375
0 0.090625 0.68046875 0.1359375 0.1265625
0 0.51796875 0.2015625 0.153125 0.16640625
0 0.475 0.871875 0.1390625 0.13828125
0 0.478125 0.39609375 0.13359375 0.11640625
0 0.671875 0.88984375 0.12265625 0.1078125
0 0.8171875 0.9703125 0.153125 0.059375
0 0.2609375 0.7015625 0.12890625 0.121875
0 0.2625 0.60390625 0.12578125 0.11171875
0 0.6265625 0.26328125 0.1265625 0.12109375
0 0.23125 0.85546875 0.1171875 0.10625
0 0.39765625 0.2296875 0.0859375 0.08125
0 0.45390625 0.96640625 0.15078125 0.0671875
0 0.18515625 0.21328125 0.13046875 0.125
0 0.31640625 0.81328125 0.134375 0.12109375
0 0.80078125 0.4734375 0.10703125 0.08828125
0 0.675 0.74921875 0.1125 0.10390625
0 0.3421875 0.6265625 0.096875 0.165625