0 0.4796875 0.95234375 0.203125 0.0953125
0 0.70703125 0.95 0.18046875 0.1
0 0.6390625 0.7234375 0.25625 0.29453125
0 0.91953125 0.5421875 0.1609375 0.178125
0 0.92734375 0.39453125 0.14375 0.15703125
0 0.9140625 0.19296875 0.05390625 0.05390625
0 0.8921875 0.171875 0.03828125 0.0484375
0 0.93984375 0.15 0.05546875 0.05703125
0 0.7265625 0.0578125 0.16015625 0.115625
0 0.82421875 0.1109375 0.11796875 0.10859375
0 0.809375 0.18046875 0.1328125 0.13515625
0 0.66953125 0.19375 0.16328125 0.19375
0 0.5734375 0.24765625 0.1890625 0.146875
0 0.60703125 0.38046875 0.19453125 0.1578125
0 0.71953125 0.49921875 0.175 0.171875
0 0.77734375 0.6265625 0.10078125 0.12421875
0 0.85 0.6828125 0.15546875 0.16875
0 0.92734375 0.79453125 0.1453125 0.15625
0 0.95 0.6828125 0.1 0.09453125
0 0.51875 0.621875 0.1421875 0.1234375
0 0.51015625 0.7265625 0.1453125 0.14765625
0 0.390625 0.72890625 0.1046875 0.10625
0 0.4203125 0.58984375 0.13125 0.13125
0 0.28359375 0.5453125 0.14375 0.128125
0 0.2890625 0.625 0.0671875 0.05703125
0 0.33359375 0.65703125 0.1515625 0.1125
0 0.05703125 0.81484375 0.1078125 0.115625
0 0.196875 0.7796875 0.0828125 0.1078125
0 0.221875 0.73828125 0.06875 0.05546875
0 0.196875 0.69765625 0.0578125 0.04375
0 0.1640625 0.63359375 0.10859375 0.08515625
0 0.09765625 0.565625 0.04375 0.04375
0 0.0609375 0.56171875 0.04765625 0.04453125
0 0.0359375 0.55078125 0.053125 0.04375
0 0.165625 0.46875 0.0921875 0.09453125
0 0.2296875 0.32578125 0.1515625 0.17109375
0 0.11640625 0.2984375 0.0625 0.059375
0 0.09453125 0.115625 0.1453125 0.10078125
0 0.3375 0.2125 0.115625 0.12578125
0 0.8953125 0.2765625 0.12421875 0.1265625
0 0.44375 0.8546875 0.096875 0.10625
0 0.184375 0.5171875 0.0859375 0.0890625
0 0.11875 0.04375 0.10703125 0.0875
0 0.353125 0.5125 0.08671875 0.10078125
0 0.03359375 0.0453125 0.0671875 0.090625
0 0.51640625 0.490625 0.1515625 0.18125
0 0.359375 0.33515625 0.1171875 0.0859375
0 0.08125 0.5 0.0921875 0.10234375
0 0.74609375 0.3234375 0.1375 0.1578125
0 0.24765625 0.24296875 0.0828125 0.07734375
0 0.04609375 0.228125 0.0875 0.08203125
0 0.30390625 0.43125 0.16484375 0.15859375