0 0.29765625 0.11953125 0.1015625 0.0828125
0 0.1828125 0.1859375 0.059375 0.06875
0 0.43203125 0.02734375 0.0921875 0.0546875
0 0.7296875 0.06640625 0.059375 0.0546875
0 0.8546875 0.02890625 0.053125 0.0578125
0 0.77421875 0.3796875 0.0640625 0.046875
0 0.8296875 0.36875 0.05 0.05
0 0.965625 0.35234375 0.05 0.046875
0 0.784375 0.428125 0.053125 0.04375
0 0.12109375 0.89140625 0.1015625 0.0890625
0 0.078125 0.52734375 0.046875 0.04375
0 0.12109375 0.528125 0.0609375 0.0625
0 0.13984375 0.46953125 0.053125 0.0484375
0 0.17890625 0.45859375 0.0359375 0.0515625
0 0.225 0.46171875 0.059375 0.0546875
0 0.2796875 0.44765625 0.059375 0.0671875
0 0.19375 0.51171875 0.04375 0.0453125
0 0.234375 0.51171875 0.0375 0.0390625
0 0.3390625 0.49453125 0.04375 0.0421875
0 0.421875 0.471875 0.0625 0.059375
0 0.45703125 0.43046875 0.0609375 0.0734375
0 0.5203125 0.4265625 0.05625 0.046875
0 0.55 0.46640625 0.0375 0.0484375
0 0.59375 0.45703125 0.046875 0.0546875
0 0.428125 0.97890625 0.053125 0.0421875
0 0.9625 0.77265625 0.075 0.0703125
0 0.73046875 0.846875 0.0609375 0.053125
0 0.81640625 0.8609375 0.0546875 0.05
0 0.51328125 0.94921875 0.0796875 0.0859375
0 0.321875 0.928125 0.0625 0.05
0 0.2609375 0.9 0.040625 0.040625
0 0.028125 0.9703125 0.046875 0.059375
0 0.778125 0.9328125 0.059375 0.06875
0 0.8421875 0.9078125 0.05625 0.0625
0 0.90390625 0.89140625 0.0765625 0.0703125