0 0.61875 0.54375 0.05 0.046875
0 0.52578125 0.8796875 0.0515625 0.040625
0 0.52890625 0.9359375 0.046875 0.053125
0 0.68515625 0.91796875 0.0640625 0.0546875
0 0.60546875 0.87265625 0.04375 0.0515625
0 0.65078125 0.8703125 0.0515625 0.04375
0 0.72578125 0.86953125 0.0609375 0.0421875
0 0.77734375 0.8625 0.0390625 0.04375
0 0.79765625 0.91015625 0.0390625 0.0390625
0 0.83828125 0.89765625 0.0359375 0.0453125
0 0.88515625 0.8984375 0.0421875 0.046875
0 0.93359375 0.90625 0.0453125 0.046875
0 0.9375 0.84921875 0.046875 0.0421875
0 0.9765625 0.83515625 0.046875 0.0515625
0 0.9515625 0.4609375 0.08125 0.071875
0 0.64140625 0.4375 0.0890625 0.078125
0 0.35234375 0.515625 0.0953125 0.1
0 0.19921875 0.37890625 0.0546875 0.0453125
0 0.1390625 0.91796875 0.034375 0.0390625
0 0.1796875 0.92578125 0.046875 0.0390625
0 0.22734375 0.91484375 0.0546875 0.0546875
0 0.3015625 0.91796875 0.046875 0.0453125
0 0.34609375 0.90390625 0.0421875 0.0484375
0 0.39375 0.89921875 0.059375 0.0640625
0 0.43828125 0.896875 0.0484375 0.04375
0 0.9578125 0.53515625 0.046875 0.04375
0 0.9359375 0.38671875 0.04375 0.0390625