0 0.425 0.56640625 0.05625 0.05234375
0 0.52890625 0.9421875 0.0578125 0.0453125
0 0.5265625 0.9875 0.05234375 0.02421875
0 0.35078125 0.97734375 0.071875 0.0453125
0 0.43984375 0.934375 0.04921875 0.0578125
0 0.3890625 0.93203125 0.0578125 0.04921875
0 0.3046875 0.93125 0.06796875 0.046875
0 0.24765625 0.9234375 0.04375 0.04921875
0 0.225 0.9765625 0.04375 0.04375
0 0.17890625 0.9625 0.03984375 0.05078125
0 0.1265625 0.96328125 0.046875 0.05234375
0 0.07265625 0.971875 0.05078125 0.05234375
0 0.06796875 0.90859375 0.05234375 0.046875
0 0.02578125 0.89140625 0.0515625 0.0578125
0 0.05234375 0.4734375 0.090625 0.08046875
0 0.39921875 0.44765625 0.1 0.0875
0 0.72265625 0.53515625 0.10703125 0.11171875
0 0.89453125 0.38203125 0.0609375 0.05078125
0 0.9625 0.98125 0.0375 0.0375
0 0.91640625 0.9859375 0.05234375 0.028125
0 0.86328125 0.975 0.0609375 0.05
0 0.7796875 0.9796875 0.05234375 0.03984375
0 0.7296875 0.96953125 0.046875 0.05390625
0 0.6765625 0.9640625 0.06640625 0.071875
0 0.6265625 0.96171875 0.05390625 0.04921875
0 0.0453125 0.55703125 0.05234375 0.04921875
0 0.0703125 0.390625 0.04921875 0.04375