0 0.11328125 0.275 0.0859375 0.0859375
0 0.02578125 0.64296875 0.0515625 0.0609375
0 0.46640625 0.453125 0.0734375 0.053125
0 0.4578125 0.53125 0.134375 0.084375
0 0.5046875 0.584375 0.0875 0.053125
0 0.5390625 0.63359375 0.1 0.0859375
0 0.325 0.98125 0.0484375 0.034375
0 0.45390625 0.98203125 0.1453125 0.0359375
0 0.571875 0.96484375 0.040625 0.0453125
0 0.6171875 0.9640625 0.046875 0.053125
0 0.659375 0.953125 0.0375 0.046875
0 0.6984375 0.95 0.053125 0.046875
0 0.89375 0.928125 0.04375 0.04375
0 0.93203125 0.92578125 0.0359375 0.0296875
0 0.9734375 0.91484375 0.05 0.0484375
0 0.9703125 0.46796875 0.059375 0.0515625
0 0.0578125 0.69609375 0.0375 0.0328125
0 0.77421875 0.98203125 0.0671875 0.0359375