0 0.03515625 0.18828125 0.0703125 0.1015625
0 0.01953125 0.32265625 0.0390625 0.1140625
0 0.384375 0.040625 0.075 0.059375
0 0.4125 0.1328125 0.090625 0.09375
0 0.134375 0.2984375 0.10625 0.090625
0 0.6 0.06875 0.090625 0.10625
0 0.8265625 0.046875 0.10625 0.09375
0 0.496875 0.07421875 0.046875 0.0546875
0 0.73125 0.07734375 0.03125 0.0359375
0 0.759375 0.1890625 0.090625 0.10625
0 0.4921875 0.24609375 0.09375 0.1171875
0 0.68984375 0.23359375 0.0359375 0.0515625
0 0.61015625 0.2890625 0.1015625 0.09375
0 0.4671875 0.3875 0.04375 0.0625
0 0.865625 0.14453125 0.04375 0.0390625
0 0.9359375 0.1921875 0.075 0.078125
0 0.83515625 0.2671875 0.0359375 0.028125
0 0.03515625 0.56484375 0.0703125 0.0984375
0 0.09453125 0.4203125 0.1015625 0.10625
0 0.33828125 0.371875 0.1296875 0.140625
0 0.41796875 0.47578125 0.0546875 0.0515625
0 0.15 0.54609375 0.121875 0.1296875
0 0.36015625 0.5921875 0.1171875 0.10625
0 0.22109375 0.6703125 0.0828125 0.10625
0 0.0984375 0.68125 0.078125 0.075
0 0.271875 0.75390625 0.075 0.0859375
0 0.3578125 0.78046875 0.04375 0.0515625
0 0.58671875 0.4234375 0.1171875 0.121875
0 0.81875 0.36796875 0.10625 0.1328125
0 0.7046875 0.50703125 0.10625 0.1140625
0 0.47265625 0.51953125 0.0390625 0.0390625
0 0.54765625 0.58671875 0.1015625 0.1328125
0 0.67421875 0.63203125 0.0515625 0.0515625
0 0.75078125 0.68125 0.0703125 0.090625
0 0.58671875 0.7015625 0.1015625 0.121875
0 0.415625 0.7078125 0.090625 0.09375
0 0.8984375 0.453125 0.03125 0.03125
0 0.9765625 0.53359375 0.046875 0.0515625
0 0.86875 0.5765625 0.090625 0.10625
0 0.0296875 0.7953125 0.059375 0.10625
0 0.0234375 0.9765625 0.046875 0.046875
0 0.32265625 0.85546875 0.0984375 0.1015625
0 0.44453125 0.95859375 0.1171875 0.0828125
0 0.32421875 0.9625 0.0859375 0.075
0 0.21484375 0.9359375 0.0703125 0.075
0 0.58046875 0.8171875 0.0671875 0.09375
0 0.8171875 0.8359375 0.09375 0.171875
0 0.45546875 0.86015625 0.0984375 0.1171875
0 0.703125 0.9296875 0.078125 0.09375
0 0.58828125 0.94921875 0.0984375 0.1015625
0 0.84296875 0.9703125 0.0984375 0.059375
0 0.1171875 0.76640625 0.078125 0.0859375
0 0.2796875 0.17890625 0.090625 0.0984375
0 0.26796875 0.275 0.0671875 0.075
0 0.9625 0.63515625 0.075 0.0828125
0 0.93984375 0.7359375 0.0828125 0.10625
0 0.234375 0.41484375 0.09375 0.1171875
0 0.26171875 0.50625 0.0703125 0.075
0 0.66015625 0.853125 0.0703125 0.075
0 0.9625 0.26640625 0.075 0.0859375
0 0.90703125 0.88359375 0.0859375 0.1171875
0 0.959375 0.946875 0.075 0.090625