0 0.3234375 0.05 0.11640625 0.1
0 0.071875 0.065625 0.0734375 0.09765625
0 0.4015625 0.353125 0.09765625 0.1015625
0 0.08671875 0.440625 0.1625 0.16640625
0 0.4859375 0.040625 0.1203125 0.08125
0 0.80078125 0.06171875 0.12890625 0.1234375
0 0.86796875 0.20234375 0.09765625 0.1203125
0 0.825 0.3609375 0.10703125 0.134375
0 0.9640625 0.33203125 0.071875 0.10703125
0 0.38125 0.50546875 0.1203125 0.1109375
0 0.03125 0.52578125 0.0625 0.10703125
0 0.0359375 0.646875 0.071875 0.134375
0 0.55703125 0.4890625 0.12578125 0.12578125
0 0.78203125 0.515625 0.1109375 0.1203125
0 0.45390625 0.5875 0.0734375 0.0796875
0 0.66875 0.596875 0.0609375 0.09765625
0 0.74453125 0.6484375 0.1015625 0.1015625
0 0.86171875 0.646875 0.10703125 0.11640625
0 0.64140625 0.71015625 0.09765625 0.08828125
0 0.74453125 0.78515625 0.1203125 0.11640625
0 0.61328125 0.8859375 0.18984375 0.1625
0 0.94140625 0.475 0.1171875 0.125
0 0.96875 0.62421875 0.0625 0.153125
0 0.9484375 0.7921875 0.0921875 0.1015625
0 0.296875 0.92890625 0.05546875 0.0796875
0 0.071875 0.91953125 0.0921875 0.153125
0 0.84609375 0.91640625 0.13828125 0.1203125
0 0.43046875 0.1734375 0.1015625 0.1109375
0 0.61328125 0.025 0.134375 0.05
0 0.78046875 0.9828125 0.1015625 0.034375
0 0.96484375 0.88828125 0.0703125 0.1015625
0 0.275 0.253125 0.1109375 0.1109375
0 0.54921875 0.18203125 0.11640625 0.09765625
0 0.5859375 0.340625 0.20859375 0.19375
0 0.18984375 0.8625 0.0703125 0.07578125
0 0.525 0.7203125 0.10546875 0.11640625