0 0.97578125 0.15234375 0.04765625 0.12421875
0 0.98046875 0.29609375 0.0390625 0.103125
0 0.78203125 0.096875 0.08515625 0.11171875
0 0.76953125 0.29140625 0.07109375 0.11171875
0 0.58828125 0.2734375 0.10625 0.103125
0 0.396875 0.01875 0.08828125 0.0375
0 0.27734375 0.0859375 0.09765625 0.115625
0 0.375 0.203125 0.09765625 0.1296875
0 0.2328125 0.228125 0.115625 0.1328125
0 0.9671875 0.8015625 0.065625 0.28046875
0 0.6125 0.4296875 0.11171875 0.11171875
0 0.6390625 0.67265625 0.0765625 0.0765625
0 0.41328125 0.44140625 0.103125 0.103125
0 0.36015625 0.7953125 0.103125 0.09765625
0 0.09296875 0.4296875 0.11171875 0.1296875
0 0.74765625 0.9296875 0.0796875 0.11171875
0 0.42734375 0.9765625 0.103125 0.04609375
0 0.2328125 0.96328125 0.09765625 0.07265625
0 0.05390625 0.96796875 0.09375 0.0640625
0 0.203125 0.4234375 0.06171875 0.0671875
0 0.2421875 0.68046875 0.0796875 0.1203125
0 0.01796875 0.50703125 0.03515625 0.10625
0 0.4625 0.671875 0.103125 0.103125
0 0.9125 0.39609375 0.06171875 0.06171875
0 0.9671875 0.4953125 0.065625 0.0765625
0 0.95546875 0.66953125 0.08828125 0.1296875
0 0.6515625 0.16015625 0.09375 0.115625
0 0.68515625 0.303125 0.0796875 0.12421875
0 0.40078125 0.32890625 0.08515625 0.09765625
0 0.8703125 0.7546875 0.08515625 0.0796875
0 0.86796875 0.17265625 0.0796875 0.09375
0 0.884375 0.03046875 0.10625 0.06015625
0 0.11875 0.075 0.08828125 0.09375
0 0.04375 0.0234375 0.08671875 0.04609375
0 0.61875 0.81015625 0.12421875 0.1203125
0 0.62421875 0.58046875 0.10625 0.09375
0 0.5015625 0.5734375 0.103125 0.09765625
0 0.9 0.975 0.09375 0.05
0 0.625 0.009375 0.0875 0.01875
0 0.7125 0.02734375 0.08828125 0.0546875
0 0.36796875 0.625 0.0765625 0.0765625
0 0.321875 0.56171875 0.09765625 0.103125
0 0.9734375 0.98359375 0.053125 0.0328125
0 0.065625 0.28984375 0.13125 0.15078125
0 0.0171875 0.1234375 0.03359375 0.16484375
0 0.7515625 0.4953125 0.08828125 0.0765625
0 0.85546875 0.45546875 0.0765625 0.08515625
0 0.8828125 0.29765625 0.103125 0.12421875
0 0.57109375 0.9171875 0.17734375 0.16484375