0 0.5265625 0.02421875 0.1046875 0.0484375
0 0.48359375 0.11640625 0.0609375 0.0609375
0 0.51015625 0.32578125 0.05625 0.07734375
0 0.4109375 0.41484375 0.0609375 0.0609375
0 0.59609375 0.4265625 0.1046875 0.11796875
0 0.6796875 0.16875 0.05625 0.06953125
0 0.0328125 0.49921875 0.065625 0.1296875
0 0.3984375 0.5046875 0.06484375 0.06484375
0 0.46484375 0.5359375 0.0609375 0.06953125
0 0.365625 0.60078125 0.1046875 0.11796875
0 0.2984375 0.72109375 0.07734375 0.09375
0 0.25234375 0.79453125 0.040625 0.053125
0 0.4171875 0.81875 0.053125 0.053125
0 0.3453125 0.82578125 0.0484375 0.09375
0 0.28203125 0.84765625 0.0453125 0.05625
0 0.7828125 0.55234375 0.11796875 0.13359375
0 0.72109375 0.74609375 0.096875 0.06953125
0 0.86328125 0.7859375 0.12578125 0.11796875
0 0.96015625 0.4953125 0.07890625 0.1578125
0 0.8453125 0.9703125 0.06484375 0.059375
0 0.9546875 0.9703125 0.090625 0.059375
0 0.96640625 0.078125 0.0671875 0.125
0 0.9625 0.24296875 0.075 0.1140625
0 0.7984375 0.08515625 0.12578125 0.1453125
0 0.6890625 0.05234375 0.096875 0.08515625
0 0.61015625 0.1078125 0.1015625 0.12578125
0 0.0234375 0.7609375 0.046875 0.07734375
0 0.28671875 0.56953125 0.0453125 0.0484375
0 0.29765625 0.51328125 0.05625 0.0484375
0 0.3140625 0.46484375 0.05625 0.0484375
0 0.44375 0.32109375 0.0609375 0.0609375
0 0.36328125 0.26484375 0.09375 0.109375
0 0.2484375 0.6703125 0.03203125 0.02421875
0 0.3984375 0.74375 0.03203125 0.03203125
0 0.34140625 0.9328125 0.040625 0.040625
0 0.3734375 0.90390625 0.040625 0.040625
0 0.61015625 0.67890625 0.08515625 0.11328125
0 0.51953125 0.740625 0.08046875 0.07734375
0 0.7265625 0.32890625 0.08515625 0.09375
0 0.63515625 0.26796875 0.08046875 0.096875
0 0.5640625 0.95390625 0.0890625 0.0921875
0 0.2328125 0.97109375 0.040625 0.0453125
0 0.303125 0.98359375 0.0453125 0.03203125
0 0.16484375 0.928125 0.08046875 0.07265625
0 0.15 0.99453125 0.07734375 0.0109375
0 0.82734375 0.25390625 0.109375 0.06953125
0 0.07109375 0.32421875 0.096875 0.11328125
0 0.03515625 0.37734375 0.0703125 0.1015625
0 0.16953125 0.303125 0.09375 0.11328125
0 0.3609375 0.16796875 0.03203125 0.0453125
0 0.1046875 0.43359375 0.0453125 0.0453125
0 0.16640625 0.51953125 0.0453125 0.0453125
0 0.21484375 0.56640625 0.0453125 0.0484375
0 0.13203125 0.78046875 0.0484375 0.0609375
0 0.07265625 0.0921875 0.109375 0.109375
0 0.1578125 0.04296875 0.09375 0.08515625
0 0.571875 0.23984375 0.0890625 0.1046875
0 0.77890625 0.9671875 0.0609375 0.065625
0 0.07109375 0.81953125 0.06484375 0.08046875
0 0.5 0.63359375 0.09375 0.096875
0 0.50859375 0.42265625 0.06953125 0.09375
0 0.6046875 0.546875 0.0609375 0.0609375
0 0.3234375 0.41171875 0.053125 0.05625
0 0.32265625 0.35 0.0609375 0.0609375
0 0.303125 0.8984375 0.0453125 0.0453125
0 0.41171875 0.8921875 0.03671875 0.0484375
0 0.39453125 0.02109375 0.07265625 0.0421875
0 0.2390625 0.43125 0.0453125 0.053125
0 0.17421875 0.44296875 0.0453125 0.053125
0 0.9953125 0.71640625 0.009375 0.0609375