0 0.90234375 0.0453125 0.1015625 0.090625
0 0.0515625 0.671875 0.09375 0.109375
0 0.1609375 0.75078125 0.09375 0.1015625
0 0.60078125 0.6921875 0.1140625 0.125
0 0.8796875 0.7953125 0.078125 0.090625
0 0.0375 0.83984375 0.075 0.1171875
0 0.1234375 0.89140625 0.090625 0.1015625
0 0.5375 0.8109375 0.090625 0.090625
0 0.25078125 0.84609375 0.0703125 0.0828125
0 0.31171875 0.915625 0.0671875 0.059375
0 0.38125 0.94453125 0.075 0.0984375
0 0.5765625 0.9625 0.121875 0.075
0 0.73828125 0.8125 0.0859375 0.09375
0 0.640625 0.86328125 0.078125 0.1015625
0 0.82421875 0.90546875 0.0859375 0.0984375
0 0.978125 0.8921875 0.04375 0.090625
0 0.95859375 0.9765625 0.0828125 0.046875
0 0.75703125 0.68359375 0.0828125 0.0859375
0 0.8953125 0.678125 0.109375 0.10625
0 0.84296875 0.5484375 0.0828125 0.10625
0 0.71015625 0.56640625 0.0984375 0.1171875
0 0.97265625 0.76953125 0.0546875 0.1015625
0 0.4671875 0.95 0.090625 0.09375
0 0.10390625 0.96875 0.0984375 0.0625
0 0.21875 0.97421875 0.046875 0.0515625
0 0.3515625 0.828125 0.046875 0.046875