0 0.909375 0.025 0.09375 0.05
0 0.19921875 0.11953125 0.1171875 0.1140625
0 0.0390625 0.3015625 0.078125 0.109375
0 0.17265625 0.3515625 0.0953125 0.109375
0 0.35859375 0.31875 0.1140625 0.1375
0 0.29296875 0.4 0.0703125 0.075
0 0.78359375 0.08984375 0.0828125 0.1171875
0 0.871875 0.14609375 0.103125 0.1109375
0 0.5796875 0.3296875 0.059375 0.090625
0 0.98203125 0.09453125 0.0359375 0.0828125
0 0.03125 0.42890625 0.0625 0.0984375
0 0.13984375 0.4671875 0.08125 0.090625
0 0.0921875 0.59765625 0.090625 0.1015625
0 0.4140625 0.453125 0.046875 0.046875
0 0.5296875 0.48828125 0.090625 0.1015625
0 0.26015625 0.53046875 0.0359375 0.0359375
0 0.38203125 0.57109375 0.0515625 0.0859375
0 0.49296875 0.6015625 0.1015625 0.125
0 0.2046875 0.65 0.075 0.10625
0 0.48125 0.7203125 0.071875 0.1015625
0 0.68125 0.46171875 0.075 0.0703125
0 0.6953125 0.5296875 0.046875 0.04375
0 0.66796875 0.615625 0.0859375 0.090625
0 0.875 0.65234375 0.046875 0.0546875
0 0.6375 0.74296875 0.09375 0.1015625
0 0.91484375 0.75625 0.0703125 0.075
0 0.4390625 0.85859375 0.090625 0.1140625
0 0.51171875 0.93984375 0.1015625 0.0984375
0 0.890625 0.8640625 0.0625 0.0625
0 0.9609375 0.90703125 0.0625 0.0703125
0 0.62421875 0.96640625 0.1015625 0.0671875
0 0.84296875 0.97421875 0.1015625 0.0515625
0 0.8203125 0.5625 0.078125 0.09375
0 0.79765625 0.71484375 0.0703125 0.1015625
0 0.73359375 0.778125 0.0515625 0.078125
0 0.83046875 0.79765625 0.0515625 0.0546875
0 0.84375 0.45234375 0.09375 0.0984375
0 0.95078125 0.3625 0.0984375 0.125
0 0.603125 0.1796875 0.075 0.0625
0 0.47734375 0.09296875 0.0546875 0.0671875
0 0.2109375 0.8296875 0.109375 0.121875
0 0.325 0.859375 0.109375 0.125
0 0.19609375 0.96640625 0.0984375 0.0671875
0 0.30390625 0.98046875 0.0984375 0.0390625
0 0.05078125 0.715625 0.0859375 0.109375
0 0.04296875 0.8359375 0.0859375 0.140625
0 0.046875 0.1625 0.078125 0.075
0 0.05234375 0.98203125 0.1046875 0.0359375
0 0.62421875 0.85390625 0.0984375 0.0984375
0 0.69375 0.91640625 0.059375 0.0671875
0 0.73046875 0.415625 0.0390625 0.034375
0 0.928125 0.58125 0.065625 0.0671875
0 0.859375 0.2453125 0.1 0.10625
0 0.97109375 0.22265625 0.0515625 0.0546875
0 0.9640625 0.27734375 0.053125 0.0390625
0 0.234375 0.253125 0.09375 0.115625
0 0.85625 0.375 0.0875 0.06875
0 0.39375 0.715625 0.1 0.103125
0 0.74609375 0.9796875 0.0546875 0.0375
0 0.0546875 0.078125 0.109375 0.103125