0 0.01484375 0.071875 0.0296875 0.1125
0 0.18359375 0.05703125 0.10390625 0.10390625
0 0.14296875 0.17890625 0.10703125 0.10390625
0 0.1578125 0.3546875 0.1125 0.11640625
0 0.1328125 0.67421875 0.11640625 0.1125
0 0.25 0.58203125 0.0890625 0.0890625
0 0.0109375 0.4171875 0.02109375 0.0625
0 0.0265625 0.73125 0.053125 0.103125
0 0.07421875 0.85703125 0.0765625 0.0859375
0 0.02109375 0.3234375 0.0421875 0.1375
0 0.01328125 0.57265625 0.0265625 0.0765625
0 0.3359375 0.5390625 0.06796875 0.06796875
0 0.29765625 0.21015625 0.05859375 0.05859375
0 0.27109375 0.28359375 0.05390625 0.05390625
0 0.25546875 0.3796875 0.06796875 0.0765625
0 0.18671875 0.4671875 0.08046875 0.0984375
0 0.90078125 0.80703125 0.0984375 0.10390625
0 0.98359375 0.56328125 0.03203125 0.09453125
0 0.8296875 0.95625 0.0625 0.0765625
0 0.36953125 0.2453125 0.05390625 0.05859375
0 0.3171875 0.0734375 0.11640625 0.125
0 0.85625 0.58046875 0.10546875 0.15703125