0 0.03515625 0.025 0.0703125 0.05
0 0.025 0.13828125 0.05 0.1140625
0 0.06328125 0.24140625 0.0390625 0.0515625
0 0.18046875 0.053125 0.0859375 0.10625
0 0.46875 0.0390625 0.109375 0.078125
0 0.10078125 0.06328125 0.0359375 0.0546875
0 0.24453125 0.06875 0.0359375 0.04375
0 0.45234375 0.17265625 0.0828125 0.0859375
0 0.7734375 0.0546875 0.078125 0.09375
0 0.59453125 0.0703125 0.0703125 0.09375
0 0.76171875 0.1640625 0.0546875 0.0625
0 0.6078125 0.2390625 0.16875 0.15625
0 0.75703125 0.24609375 0.0515625 0.0703125
0 0.4765625 0.27421875 0.046875 0.0546875
0 0.75390625 0.35546875 0.0859375 0.0859375
0 0.98203125 0.15390625 0.0359375 0.0828125
0 0.92890625 0.34375 0.0671875 0.046875
0 0.0796875 0.49375 0.10625 0.121875
0 0.025 0.63359375 0.05 0.0984375
0 0.42421875 0.5125 0.0515625 0.078125
0 0.25 0.5609375 0.09375 0.1375
0 0.140625 0.65625 0.09375 0.125
0 0.36171875 0.66328125 0.0671875 0.0671875
0 0.84375 0.47109375 0.09375 0.0828125
0 0.540625 0.54609375 0.059375 0.0515625
0 0.56484375 0.66015625 0.0984375 0.1328125
0 0.79140625 0.67109375 0.0984375 0.1453125
0 0.70234375 0.71171875 0.0828125 0.1171875
0 0.0765625 0.790625 0.10625 0.10625
0 0.02734375 0.9390625 0.0546875 0.10625
0 0.2546875 0.74140625 0.078125 0.0984375
0 0.3484375 0.78046875 0.046875 0.0515625
0 0.44765625 0.7890625 0.0984375 0.125
0 0.325 0.896875 0.078125 0.121875
0 0.115625 0.89453125 0.04375 0.0390625
0 0.18671875 0.94609375 0.0671875 0.0859375
0 0.45703125 0.94765625 0.0390625 0.0515625
0 0.56953125 0.85390625 0.0671875 0.0828125
0 0.55546875 0.96640625 0.1203125 0.0671875
0 0.90078125 0.77421875 0.0828125 0.1171875
0 0.98828125 0.82734375 0.0234375 0.1140625
0 0.87890625 0.915625 0.1015625 0.090625
0 0.98203125 0.9765625 0.0359375 0.046875
0 0.8921875 0.08671875 0.10625 0.1015625
0 0.32265625 0.02734375 0.0671875 0.0546875
0 0.20234375 0.2171875 0.0671875 0.090625
0 0.11171875 0.3125 0.0984375 0.09375
0 0.1578125 0.38671875 0.075 0.0859375
0 0.33046875 0.39140625 0.0984375 0.1171875
0 0.38984375 0.3140625 0.0671875 0.075
0 0.47265625 0.41796875 0.1015625 0.1015625
0 0.5359375 0.33984375 0.078125 0.0859375
0 0.61953125 0.40546875 0.0828125 0.1140625
0 0.6609375 0.478125 0.03125 0.04375
0 0.728125 0.46328125 0.075 0.0984375
0 0.684375 0.54609375 0.078125 0.0671875
0 0.6765625 0.14765625 0.078125 0.096875
0 0.671875 0.05625 0.046875 0.059375
0 0.90078125 0.24609375 0.1609375 0.1171875
0 0.33515625 0.23125 0.0984375 0.09375
0 0.52265625 0.13359375 0.0515625 0.0546875
0 0.11171875 0.16484375 0.0984375 0.1171875
0 0.4765625 0.6140625 0.03125 0.046875
0 0.546875 0.415625 0.03125 0.04375
0 0.03203125 0.3921875 0.0546875 0.059375