0 0.03046875 0.0421875 0.06015625 0.084375
0 0.1640625 0.03046875 0.103125 0.06015625
0 0.09296875 0.109375 0.03984375 0.06015625
0 0.2359375 0.13984375 0.103125 0.1109375
0 0.41328125 0.1765625 0.06796875 0.06328125
0 0.11875 0.22734375 0.06015625 0.06328125
0 0.328125 0.2765625 0.05546875 0.0765625
0 0.0734375 0.2921875 0.05546875 0.06015625
0 0.228125 0.28359375 0.0234375 0.0234375
0 0.5515625 0.03671875 0.1 0.07265625
0 0.853125 0.0421875 0.084375 0.084375
0 0.52421875 0.13046875 0.1 0.0921875
0 0.64921875 0.13203125 0.1109375 0.0953125
0 0.79140625 0.15 0.07109375 0.084375
0 0.46953125 0.21015625 0.03203125 0.05234375
0 0.60703125 0.3109375 0.06796875 0.06328125
0 0.75625 0.303125 0.0875 0.0953125
0 0.98203125 0.02578125 0.0359375 0.0515625
0 0.9703125 0.21015625 0.05859375 0.103125
0 0.034375 0.7359375 0.05546875 0.103125
0 0.27890625 0.51953125 0.084375 0.1
0 0.10078125 0.5828125 0.07109375 0.0921875
0 0.2125 0.6625 0.0953125 0.1
0 0.4796875 0.33828125 0.0921875 0.0796875
0 0.56171875 0.49140625 0.0953125 0.13203125
0 0.7234375 0.48515625 0.12734375 0.13515625
0 0.69140625 0.615625 0.1 0.0953125
0 0.53203125 0.66015625 0.0921875 0.0953125
0 0.81328125 0.62421875 0.1 0.103125
0 0.87890625 0.4734375 0.05546875 0.0875
0 0.97265625 0.53125 0.05390625 0.1
0 0.903125 0.63125 0.04765625 0.05234375
0 0.88125 0.71796875 0.04453125 0.06796875
0 0.14296875 0.79765625 0.0921875 0.115625
0 0.37578125 0.796875 0.0875 0.0921875
0 0.33359375 0.9265625 0.0921875 0.103125
0 0.45859375 0.90625 0.0953125 0.1109375
0 0.315625 0.99453125 0.06328125 0.0109375
0 0.7890625 0.76484375 0.0765625 0.0921875
0 0.6640625 0.77890625 0.07109375 0.0875
0 0.4921875 0.79296875 0.1234375 0.115625
0 0.76953125 0.90078125 0.0765625 0.115625
0 0.6296875 0.93828125 0.103125 0.1109375
0 0.81796875 0.98828125 0.03984375 0.0234375
0 0.9390625 0.8109375 0.0875 0.1109375
0 0.8578125 0.82265625 0.03671875 0.05546875
0 0.99296875 0.82890625 0.0140625 0.04453125
0 0.22890625 0.3859375 0.12734375 0.0953125
0 0.14453125 0.428125 0.04765625 0.05234375
0 0.39453125 0.55390625 0.0875 0.0921875
0 0.0125 0.990625 0.025 0.01875
0 0.9609375 0.96640625 0.06796875 0.06640625
0 0.4109375 0.65703125 0.0796875 0.1234375
0 0.41640625 0.47109375 0.084375 0.0921875
0 0.975 0.6390625 0.05 0.0625
0 0.22265625 0.92421875 0.1 0.115625
0 0.13046875 0.94921875 0.06015625 0.0796875
0 0.446875 0.034375 0.103125 0.06796875
0 0.06484375 0.9140625 0.06328125 0.0953125
0 0.90859375 0.3265625 0.04296875 0.03984375
0 0.8890625 0.92734375 0.06640625 0.1140625
0 0.83671875 0.9125 0.03515625 0.03828125