0 0.01953125 0.05859375 0.0390625 0.0859375
0 0.98828125 0.0234375 0.0234375 0.046875
0 0.2390625 0.14765625 0.078125 0.0828125
0 0.39296875 0.16484375 0.0515625 0.0546875
0 0.32734375 0.24140625 0.0515625 0.0671875
0 0.309375 0.43359375 0.0625 0.0546875
0 0.24296875 0.434375 0.0546875 0.0625
0 0.85078125 0.421875 0.0359375 0.0625
0 0.32421875 0.16015625 0.0390625 0.0390625
0 0.97734375 0.19375 0.0390625 0.04375
0 0.96484375 0.3484375 0.0390625 0.046875
0 0.9109375 0.15234375 0.078125 0.0703125
0 0.896875 0.24609375 0.075 0.0703125
0 0.03515625 0.20703125 0.0703125 0.0703125
0 0.0296875 0.30859375 0.059375 0.0859375
0 0.24140625 0.24140625 0.0515625 0.0515625
0 0.234375 0.30703125 0.046875 0.0671875
0 0.309375 0.30703125 0.046875 0.0515625
0 0.39453125 0.0328125 0.0546875 0.065625
0 0.2703125 0.0359375 0.046875 0.0625
0 0.384375 0.2484375 0.04375 0.059375
0 0.38359375 0.30625 0.0546875 0.059375
0 0.31875 0.384375 0.04375 0.04375
0 0.2421875 0.3671875 0.0625 0.046875
0 0.9546875 0.4390625 0.04375 0.059375
0 0.9703125 0.2671875 0.04375 0.059375
0 0.74609375 0.44375 0.0546875 0.059375