0 0.03671875 0.0765625 0.0734375 0.09765625
0 0.09375 0.1640625 0.10625 0.11953125
0 0.01640625 0.21015625 0.0328125 0.05390625
0 0.0671875 0.30546875 0.078125 0.08203125
0 0.4859375 0.01015625 0.05703125 0.01953125
0 0.1546875 0.0359375 0.08984375 0.071875
0 0.28515625 0.103125 0.08984375 0.1109375
0 0.23828125 0.271875 0.09453125 0.12265625
0 0.675 0.0359375 0.09453125 0.071875
0 0.57578125 0.0765625 0.040625 0.04921875
0 0.98125 0.0359375 0.0375 0.071875
0 0.99296875 0.26796875 0.0140625 0.1234375
0 0.02578125 0.47890625 0.0515625 0.0859375
0 0.01796875 0.621875 0.0359375 0.11953125
0 0.09140625 0.7140625 0.14375 0.13046875
0 0.1921875 0.4296875 0.05703125 0.06171875
0 0.15078125 0.57734375 0.08984375 0.103125
0 0.24296875 0.69140625 0.08671875 0.12734375
0 0.69453125 0.4296875 0.13046875 0.19296875
0 0.5421875 0.415625 0.1140625 0.10625
0 0.903125 0.42734375 0.10625 0.12265625
0 0.615625 0.5375 0.08203125 0.09765625
0 0.65703125 0.65703125 0.09765625 0.13046875
0 0.0765625 0.89921875 0.08203125 0.103125
0 0.06875 0.98671875 0.08203125 0.02578125
0 0.228125 0.84765625 0.05703125 0.08203125
0 0.46796875 0.97890625 0.103125 0.0421875
0 0.58203125 0.790625 0.09453125 0.09765625
0 0.95078125 0.8671875 0.09765625 0.11953125
0 0.6484375 0.98515625 0.09765625 0.0296875
0 0.5609375 0.9890625 0.0375 0.02109375
0 0.9734375 0.971875 0.053125 0.053125
0 0.746875 0.23671875 0.09765625 0.12734375
0 0.9 0.20703125 0.1109375 0.10625
0 0.3671875 0.39765625 0.08984375 0.103125
0 0.290625 0.53046875 0.09453125 0.08984375
0 0.47734375 0.65078125 0.09765625 0.11953125
0 0.4796875 0.12734375 0.103125 0.1109375
0 0.61484375 0.15859375 0.08671875 0.08203125
0 0.8140625 0.090625 0.1109375 0.103125
0 0.33671875 0.9234375 0.1109375 0.12734375
0 0.3546875 0.78203125 0.08203125 0.11953125
0 0.80390625 0.91171875 0.08203125 0.078125
0 0.8109375 0.8203125 0.11953125 0.09765625
0 0.828125 0.72734375 0.09765625 0.078125
0 0.421875 0.2515625 0.09453125 0.1140625
0 0.37890625 0.59453125 0.1140625 0.16328125
0 0.92734375 0.10625 0.10625 0.09453125
0 0.553125 0.24609375 0.11953125 0.20078125
0 0.77890625 0.5421875 0.103125 0.1140625