0 0.1390625 0.14140625 0.090625 0.0953125
0 0.31640625 0.16171875 0.059375 0.06328125
0 0.240625 0.25 0.059375 0.07734375
0 0.2203125 0.471875 0.071875 0.06328125
0 0.14375 0.47265625 0.06328125 0.071875
0 0.8453125 0.45859375 0.04140625 0.071875
0 0.2375 0.15625 0.0453125 0.0453125
0 0.984375 0.1953125 0.03046875 0.05078125
0 0.97734375 0.3734375 0.0453125 0.05390625
0 0.91484375 0.146875 0.090625 0.08125
0 0.89921875 0.25546875 0.08671875 0.08125
0 0.14140625 0.25 0.059375 0.059375
0 0.13359375 0.32578125 0.05390625 0.07734375
0 0.2203125 0.32578125 0.05390625 0.059375
0 0.31875 0.0234375 0.06328125 0.046875
0 0.175 0.02421875 0.05390625 0.0484375
0 0.30703125 0.2578125 0.05078125 0.06875
0 0.30625 0.325 0.06328125 0.06875
0 0.23125 0.41484375 0.05078125 0.05078125
0 0.14296875 0.3953125 0.071875 0.05390625
0 0.965625 0.478125 0.05078125 0.06875
0 0.97890625 0.2796875 0.04140625 0.06875
0 0.725 0.48359375 0.06328125 0.06875