0 0.06875 0.02890625 0.04375 0.0578125
0 0.22421875 0.059375 0.11171875 0.11875
0 0.41640625 0.09765625 0.07421875 0.06875
0 0.09765625 0.153125 0.065625 0.06875
0 0.32421875 0.20625 0.06015625 0.0828125
0 0.04921875 0.2234375 0.06015625 0.065625
0 0.215625 0.2140625 0.02578125 0.02578125
0 0.53671875 0.04921875 0.10859375 0.09765625
0 0.671875 0.05078125 0.1203125 0.1015625
0 0.82578125 0.06953125 0.07734375 0.09140625
0 0.47734375 0.13515625 0.034375 0.05703125
0 0.6265625 0.24375 0.07421875 0.06875
0 0.7875 0.23515625 0.09453125 0.103125
0 0.01796875 0.70390625 0.0359375 0.11171875
0 0.2703125 0.4703125 0.09140625 0.10859375
0 0.078125 0.5375 0.07734375 0.1
0 0.19921875 0.62421875 0.103125 0.10859375
0 0.48828125 0.2734375 0.1 0.0859375
0 0.57734375 0.4390625 0.103125 0.14296875
0 0.75234375 0.43203125 0.1375 0.14609375
0 0.7171875 0.57421875 0.10859375 0.103125
0 0.54453125 0.621875 0.1 0.103125
0 0.85 0.58359375 0.10859375 0.11171875
0 0.9203125 0.4203125 0.06015625 0.09453125
0 0.946875 0.58984375 0.0515625 0.05703125
0 0.92265625 0.684375 0.0484375 0.07421875
0 0.1234375 0.7703125 0.1 0.12578125
0 0.37578125 0.76953125 0.09453125 0.1
0 0.3296875 0.91015625 0.1 0.11171875
0 0.465625 0.88828125 0.103125 0.1203125
0 0.3109375 0.98828125 0.06875 0.0234375
0 0.82265625 0.73515625 0.0828125 0.1
0 0.68828125 0.75 0.07734375 0.09453125
0 0.5015625 0.765625 0.134375 0.12578125
0 0.80234375 0.88203125 0.0828125 0.12578125
0 0.65 0.92265625 0.11171875 0.1203125
0 0.8546875 0.98203125 0.04296875 0.0359375
0 0.96875 0.78515625 0.06171875 0.1203125
0 0.89765625 0.7984375 0.03984375 0.06015625
0 0.21640625 0.325 0.1375 0.103125
0 0.12578125 0.3703125 0.0515625 0.05703125
0 0.39609375 0.50703125 0.09453125 0.1
0 0.9859375 0.95859375 0.02734375 0.0828125
0 0.4140625 0.61875 0.0859375 0.134375
0 0.4203125 0.4171875 0.09140625 0.1
0 0.21015625 0.9078125 0.10859375 0.12578125
0 0.11015625 0.934375 0.065625 0.0859375
0 0.03984375 0.896875 0.06875 0.103125
0 0.953125 0.26015625 0.04609375 0.04296875
0 0.93125 0.9109375 0.071875 0.1234375
0 0.87421875 0.8953125 0.0375 0.04140625