0 0.0875 0.03515625 0.121875 0.0703125
0 0.7796875 0.0140625 0.090625 0.028125
0 0.67109375 0.01171875 0.0515625 0.0234375
0 0.82734375 0.0671875 0.0359375 0.03125
0 0.0703125 0.20703125 0.0625 0.0859375
0 0.1859375 0.2109375 0.10625 0.09375
0 0.13359375 0.27734375 0.0546875 0.0546875
0 0.06875 0.275 0.04375 0.04375
0 0.58046875 0.16484375 0.1140625 0.1328125
0 0.4359375 0.08046875 0.090625 0.0984375
0 0.359375 0.178125 0.078125 0.075
0 0.2859375 0.43125 0.109375 0.075
0 0.38984375 0.371875 0.0828125 0.078125
0 0.40625 0.446875 0.078125 0.04375
0 0.5375 0.4421875 0.059375 0.046875
0 0.7828125 0.42578125 0.075 0.0703125
0 0.72734375 0.1078125 0.1328125 0.10625
0 0.24375 0.05078125 0.10625 0.1015625
0 0.0453125 0.44765625 0.059375 0.0359375
0 0.496875 0.20390625 0.078125 0.0703125
0 0.109375 0.34453125 0.046875 0.0390625
0 0.34375 0.0390625 0.046875 0.046875
0 0.94375 0.09453125 0.059375 0.0546875
0 0.453125 0.2640625 0.140625 0.10625
0 0.9765625 0.33359375 0.046875 0.0578125
0 0.1421875 0.39609375 0.128125 0.1359375
0 0.02421875 0.134375 0.0484375 0.065625