0 0.246875 0.046875 0.103125 0.09375
0 0.2953125 0.23046875 0.1109375 0.1109375
0 0.02421875 0.3125 0.0484375 0.11875
0 0.46953125 0.2890625 0.1109375 0.20625
0 0.1515625 0.37421875 0.115625 0.1234375
0 0.01875 0.51484375 0.0375 0.1109375
0 0.159375 0.5734375 0.115625 0.1
0 0.11328125 0.759375 0.103125 0.1
0 0.31875 0.4125 0.1109375 0.1109375
0 0.4 0.5609375 0.203125 0.14765625
0 0.453125 0.728125 0.084375 0.115625
0 0.28671875 0.7875 0.1 0.1234375
0 0.16484375 0.8671875 0.06328125 0.06796875
0 0.09375 0.93828125 0.1109375 0.0921875
0 0.2515625 0.9578125 0.103125 0.084375
0 0.053125 0.1640625 0.103125 0.1
0 0.5015625 0.0171875 0.071875 0.034375
0 0.63046875 0.03125 0.04453125 0.03984375
0 0.646875 0.08359375 0.03671875 0.03984375
0 0.5890625 0.09765625 0.03203125 0.03671875
0 0.58046875 0.04375 0.03671875 0.03984375
0 0.52734375 0.05 0.03515625 0.03671875