0 0.32265625 0.0796875 0.1203125 0.13671875
0 0.14375 0.04453125 0.09921875 0.0890625
0 0.3796875 0.225 0.09609375 0.1234375
0 0.0984375 0.22890625 0.07421875 0.0875
0 0.55390625 0.0078125 0.07109375 0.01484375
0 0.67421875 0.0359375 0.0828125 0.071875
0 0.809375 0.10234375 0.0875 0.0828125
0 0.59453125 0.15546875 0.1203125 0.115625
0 0.52734375 0.2359375 0.07421875 0.07890625
0 0.73671875 0.2453125 0.07421875 0.0875
0 0.02890625 0.63828125 0.0578125 0.09921875
0 0.33515625 0.48125 0.04609375 0.07421875
0 0.15078125 0.5265625 0.10703125 0.13203125
0 0.45390625 0.5 0.0625 0.09609375
0 0.2640625 0.6296875 0.1125 0.140625
0 0.15390625 0.684375 0.07109375 0.07421875
0 0.40234375 0.715625 0.0828125 0.07109375
0 0.69375 0.328125 0.0546875 0.065625
0 0.4953125 0.365625 0.09609375 0.140625
0 0.621875 0.41015625 0.0828125 0.0875
0 0.5796875 0.4859375 0.07421875 0.07421875
0 0.53046875 0.65234375 0.090625 0.10390625
0 0.0078125 0.81484375 0.01484375 0.09921875
0 0.246875 0.7921875 0.10703125 0.12890625
0 0.49609375 0.840625 0.10390625 0.1234375
0 0.21171875 0.921875 0.07109375 0.0875
0 0.32734375 0.90703125 0.0546875 0.0578125
0 0.47734375 0.9734375 0.10703125 0.053125
0 0.64453125 0.9296875 0.1203125 0.1203125
0 0.8421875 0.96953125 0.0875 0.0609375
0 0.6828125 0.98203125 0.1484375 0.0359375
0 0.96953125 0.9625 0.0609375 0.07421875
0 0.89609375 0.89453125 0.0625 0.09921875
0 0.796875 0.840625 0.0625 0.07421875
0 0.68828125 0.79765625 0.0828125 0.0875
0 0.63203125 0.68515625 0.0625 0.1125
0 0.09921875 0.84921875 0.1125 0.10703125
0 0.259375 0.36953125 0.0828125 0.065625
0 0.19609375 0.12265625 0.0828125 0.1234375
0 0.4296875 0.071875 0.07109375 0.10390625
0 0.0359375 0.44375 0.071875 0.115625