0 0.378125 0.0171875 0.11015625 0.034375
0 0.05234375 0.17890625 0.1046875 0.11015625
0 0.8 0.05546875 0.11015625 0.11015625
0 0.475 0.11484375 0.1140625 0.14296875
0 0.715625 0.1 0.04375 0.0625
0 0.61875 0.1671875 0.1234375 0.1140625
0 0.44453125 0.28671875 0.053125 0.07578125
0 0.9296875 0.0078125 0.053125 0.01484375
0 0.984375 0.04921875 0.03125 0.0953125
0 0.89296875 0.140625 0.04375 0.034375
0 0.0265625 0.32734375 0.053125 0.12890625
0 0.28828125 0.26796875 0.1578125 0.17109375
0 0.38515625 0.39453125 0.06640625 0.0625
0 0.06640625 0.4796875 0.1328125 0.1578125
0 0.31484375 0.5359375 0.14296875 0.12890625
0 0.1453125 0.63125 0.10078125 0.12890625
0 0.021875 0.64453125 0.04375 0.09140625
0 0.20703125 0.7328125 0.09140625 0.1046875
0 0.31171875 0.76484375 0.053125 0.0625
0 0.590625 0.33046875 0.14296875 0.1484375
0 0.87265625 0.26328125 0.12890625 0.16171875
0 0.73359375 0.4328125 0.12890625 0.1390625
0 0.4515625 0.44765625 0.04765625 0.04765625
0 0.54296875 0.5296875 0.1234375 0.16171875
0 0.696875 0.584375 0.0625 0.0625
0 0.78984375 0.64453125 0.0859375 0.11015625
0 0.590625 0.66953125 0.1234375 0.1484375
0 0.38203125 0.6765625 0.11015625 0.1140625
0 0.96953125 0.3671875 0.03828125 0.03828125
0 0.93359375 0.5171875 0.11015625 0.12890625
0 0.26875 0.85625 0.11953125 0.1234375
0 0.4171875 0.965625 0.14296875 0.06875
0 0.27109375 0.9703125 0.1046875 0.05859375
0 0.13671875 0.95390625 0.0859375 0.0921875
0 0.5828125 0.81015625 0.08203125 0.1140625
0 0.87109375 0.8328125 0.1140625 0.209375
0 0.43046875 0.8625 0.11953125 0.14296875
0 0.73203125 0.94453125 0.0953125 0.11015625
0 0.59140625 0.95390625 0.1203125 0.0921875
0 0.90234375 0.9796875 0.11953125 0.03984375
0 0.03359375 0.7484375 0.06640625 0.1046875
0 0.21640625 0.046875 0.11015625 0.09296875
0 0.20234375 0.15 0.08203125 0.09140625
0 0.984375 0.71015625 0.03125 0.1296875
0 0.16171875 0.3203125 0.1140625 0.14296875
0 0.19453125 0.43125 0.0859375 0.09140625
0 0.6796875 0.85390625 0.0859375 0.09140625
0 0.9640625 0.890625 0.071875 0.14296875