0 0.23515625 0.03984375 0.1109375 0.0796875
0 0.05 0.0375 0.1 0.075
0 0.2640625 0.23359375 0.0921875 0.134375
0 0.07109375 0.25 0.09609375 0.13984375
0 0.2078125 0.390625 0.08203125 0.09609375
0 0.38671875 0.39375 0.153125 0.178125
0 0.87734375 0.0328125 0.1109375 0.06484375
0 0.05 0.4125 0.1 0.13984375
0 0.02109375 0.6734375 0.0421875 0.12421875
0 0.68671875 0.7625 0.1203125 0.14921875
0 0.92890625 0.7078125 0.0921875 0.12421875
0 0.759375 0.8390625 0.10546875 0.13046875
0 0.16953125 0.9265625 0.1203125 0.13984375
0 0.340625 0.909375 0.13046875 0.14375
0 0.6640625 0.934375 0.134375 0.13125
0 0.54375 0.02421875 0.09609375 0.04765625
0 0.678125 0.28515625 0.11484375 0.134375
0 0.4703125 0.24921875 0.06328125 0.0921875
0 0.21484375 0.5515625 0.134375 0.13046875
0 0.41171875 0.65390625 0.07265625 0.0859375
0 0.75078125 0.628125 0.0578125 0.07265625
0 0.934375 0.27109375 0.13125 0.0859375
0 0.18984375 0.7125 0.134375 0.09609375
0 0.38125 0.05 0.11484375 0.1
0 0.415625 0.103125 0.0578125 0.0578125
0 0.9703125 0.78984375 0.059375 0.08203125
0 0.46640625 0.88125 0.1203125 0.13046875
0 0.575 0.46328125 0.07265625 0.0765625
0 0.81328125 0.4484375 0.18203125 0.153125
0 0.80390625 0.153125 0.18203125 0.14921875
0 0.96171875 0.14453125 0.0765625 0.13984375
0 0.56640625 0.66875 0.159375 0.19140625