0 0.10625 0.04375 0.1 0.0875
0 0.4421875 0.02734375 0.12734375 0.0546875
0 0.0171875 0.0375 0.034375 0.06328125
0 0.18125 0.04375 0.0421875 0.05078125
0 0.42265625 0.16484375 0.09609375 0.1
0 0.7953125 0.040625 0.090625 0.08125
0 0.58828125 0.05 0.08203125 0.1
0 0.7828125 0.1546875 0.06328125 0.07265625
0 0.60390625 0.2421875 0.19609375 0.18203125
0 0.77734375 0.25 0.06015625 0.08203125
0 0.45078125 0.2828125 0.0546875 0.06328125
0 0.7734375 0.37734375 0.1 0.1
0 0.96875 0.36328125 0.06171875 0.0546875
0 0.02578125 0.53828125 0.05078125 0.1421875
0 0.38984375 0.56015625 0.06015625 0.090625
0 0.1875 0.61640625 0.109375 0.16015625
0 0.06015625 0.72734375 0.109375 0.1453125
0 0.3171875 0.73515625 0.078125 0.078125
0 0.878125 0.51171875 0.109375 0.09609375
0 0.52578125 0.59921875 0.06875 0.06015625
0 0.55390625 0.73203125 0.11484375 0.1546875
0 0.8171875 0.74453125 0.11484375 0.16875
0 0.71328125 0.7921875 0.09609375 0.13671875
0 0.0234375 0.88359375 0.046875 0.1234375
0 0.19296875 0.8265625 0.090625 0.11484375
0 0.3015625 0.871875 0.0546875 0.06015625
0 0.4171875 0.88203125 0.11484375 0.1453125
0 0.27421875 0.96796875 0.090625 0.06328125
0 0.03125 0.990625 0.05078125 0.01796875
0 0.559375 0.9546875 0.078125 0.090625
0 0.94453125 0.86484375 0.09609375 0.13671875
0 0.91875 0.98828125 0.11796875 0.0234375
0 0.934375 0.06484375 0.1234375 0.11796875
0 0.271875 0.01328125 0.078125 0.0265625
0 0.13203125 0.21640625 0.078125 0.10546875
0 0.0421875 0.32734375 0.08359375 0.109375
0 0.0796875 0.41328125 0.0875 0.1
0 0.28125 0.41875 0.11484375 0.13671875
0 0.35 0.32890625 0.078125 0.0875
0 0.44609375 0.45 0.11796875 0.11796875
0 0.5203125 0.359375 0.090625 0.1
0 0.6171875 0.43515625 0.09609375 0.1328125
0 0.665625 0.5203125 0.03671875 0.05078125
0 0.74375 0.50234375 0.0875 0.11484375
0 0.69296875 0.59921875 0.090625 0.078125
0 0.68359375 0.13515625 0.090625 0.1125
0 0.678125 0.03203125 0.0546875 0.06328125
0 0.925 0.24921875 0.15 0.1359375
0 0.28671875 0.2328125 0.11484375 0.109375
0 0.5046875 0.11875 0.06015625 0.06328125
0 0.0421875 0.15546875 0.08359375 0.13671875
0 0.45078125 0.678125 0.03671875 0.0546875
0 0.5328125 0.44765625 0.03671875 0.05078125