0 0.26796875 0.04921875 0.11328125 0.09765625
0 0.321875 0.2484375 0.12265625 0.12265625
0 0.025 0.3390625 0.05 0.13125
0 0.5140625 0.31328125 0.12265625 0.22734375
0 0.16328125 0.40703125 0.12734375 0.13671875
0 0.01953125 0.56328125 0.03828125 0.12265625
0 0.171875 0.6265625 0.12734375 0.11015625
0 0.121875 0.83125 0.11328125 0.11015625
0 0.34765625 0.44921875 0.12265625 0.12265625
0 0.43671875 0.6125 0.2234375 0.1625
0 0.4953125 0.79609375 0.09296875 0.12734375
0 0.31171875 0.86171875 0.11015625 0.13671875
0 0.178125 0.95 0.0703125 0.075
0 0.1 0.98828125 0.12265625 0.02265625
0 0.05625 0.17578125 0.11171875 0.11015625
0 0.54921875 0.01640625 0.0796875 0.0328125
0 0.690625 0.02890625 0.04921875 0.04375
0 0.70859375 0.08671875 0.03984375 0.04375
0 0.6453125 0.10234375 0.03515625 0.03984375
0 0.63515625 0.04296875 0.03984375 0.04375
0 0.5765625 0.05 0.03828125 0.03984375