0 0.22578125 0.01953125 0.0828125 0.0390625
0 0.275 0.13984375 0.075 0.1140625
0 0.59453125 0.12734375 0.1171875 0.1296875
0 0.403125 0.26484375 0.109375 0.1140625
0 0.57421875 0.31171875 0.1171875 0.1296875
0 0.97421875 0.0484375 0.0515625 0.096875
0 0.75 0.31328125 0.109375 0.1171875
0 0.053125 0.39140625 0.090625 0.1015625
0 0.20234375 0.47890625 0.0828125 0.0828125
0 0.1921875 0.64140625 0.109375 0.1171875
0 0.090625 0.69765625 0.0625 0.0671875
0 0.55390625 0.509375 0.1140625 0.121875
0 0.3328125 0.51171875 0.03125 0.0546875
0 0.43046875 0.57890625 0.0859375 0.0859375
0 0.3375 0.6546875 0.121875 0.121875
0 0.90546875 0.3734375 0.1140625 0.121875
0 0.740625 0.5125 0.10625 0.109375
0 0.91328125 0.56953125 0.1140625 0.0984375
0 0.709375 0.70546875 0.090625 0.0984375
0 0.86796875 0.75234375 0.1015625 0.0984375
0 0.15234375 0.78984375 0.1015625 0.1015625
0 0.3296875 0.825 0.10625 0.09375
0 0.50625 0.85859375 0.075 0.0984375
0 0.91875 0.85859375 0.0625 0.0671875
0 0.6625 0.896875 0.10625 0.1375
0 0.8484375 0.928125 0.109375 0.090625
0 0.9765625 0.953125 0.046875 0.09375
0 0.08671875 0.1734375 0.1171875 0.121875
0 0.01953125 0.11015625 0.0390625 0.0859375
0 0.23671875 0.290625 0.1296875 0.1375
0 0.4421875 0.06484375 0.125 0.1140625
0 0.80859375 0.16640625 0.1015625 0.0984375
0 0.59609375 0.64453125 0.0671875 0.0703125
0 0.52265625 0.69375 0.0984375 0.121875
0 0.0328125 0.57109375 0.065625 0.1046875
0 0.040625 0.0296875 0.059375 0.059375