0 0.78984375 0.0140625 0.0546875 0.028125
0 0.11015625 0.03125 0.0859375 0.0625
0 0.3734375 0.0609375 0.090625 0.090625
0 0.20546875 0.0625 0.1140625 0.078125
0 0.06875 0.11171875 0.090625 0.0984375
0 0.396875 0.23125 0.075 0.109375
0 0.2390625 0.24453125 0.078125 0.1140625
0 0.015625 0.28984375 0.03125 0.0546875
0 0.35078125 0.359375 0.0671875 0.078125
0 0.0921875 0.3578125 0.090625 0.090625
0 0.496875 0.36171875 0.125 0.1453125
0 0.896875 0.046875 0.090625 0.09375
0 0.2171875 0.37734375 0.090625 0.1140625
0 0.015625 0.43359375 0.03125 0.0546875
0 0.12578125 0.47578125 0.0703125 0.0828125
0 0.17265625 0.58984375 0.0859375 0.1015625
0 0.0390625 0.60078125 0.078125 0.0828125
0 0.74140625 0.6625 0.0984375 0.121875
0 0.9390625 0.61796875 0.075 0.1015625
0 0.80078125 0.725 0.0859375 0.10625
0 0.31953125 0.79609375 0.0984375 0.1140625
0 0.10625 0.82265625 0.0625 0.0828125
0 0.509375 0.9296875 0.10625 0.125
0 0.27421875 0.96640625 0.0984375 0.0671875
0 0.459375 0.78203125 0.10625 0.1171875
0 0.7234375 0.8109375 0.109375 0.121875
0 0.78046875 0.93828125 0.0828125 0.1015625
0 0.625 0.04609375 0.078125 0.0671875
0 0.734375 0.2734375 0.09375 0.109375
0 0.56484375 0.24375 0.0515625 0.075
0 0.35625 0.490625 0.109375 0.10625
0 0.5171875 0.57421875 0.059375 0.0703125
0 0.79375 0.553125 0.046875 0.059375
0 0.9453125 0.26171875 0.109375 0.0703125
0 0.41015625 0.91328125 0.0859375 0.0984375
0 0.3359375 0.621875 0.109375 0.078125
0 0.4921875 0.07890625 0.09375 0.0859375
0 0.5203125 0.125 0.046875 0.046875
0 0.97421875 0.68515625 0.0515625 0.0671875
0 0.56171875 0.759375 0.0984375 0.10625
0 0.65 0.41875 0.059375 0.0625
0 0.84453125 0.40625 0.1484375 0.125
0 0.83671875 0.165625 0.1484375 0.121875
0 0.965625 0.15859375 0.0625 0.1140625
0 0.64296875 0.5859375 0.1296875 0.15625