0 0.0703125 0.028125 0.1078125 0.05625
0 0.9625 0.67421875 0.075 0.11640625
0 0.85859375 0.75859375 0.1 0.1078125
0 0.39140625 0.69609375 0.12109375 0.1328125
0 0.09453125 0.80546875 0.0828125 0.09609375
0 0.975 0.853125 0.05 0.12421875
0 0.8984375 0.9078125 0.09609375 0.1078125
0 0.45859375 0.821875 0.09609375 0.09609375
0 0.76328125 0.859375 0.075 0.08828125
0 0.6984375 0.93359375 0.07109375 0.06328125
0 0.62421875 0.95546875 0.0796875 0.0890625
0 0.4171875 0.971875 0.1296875 0.05625
0 0.2453125 0.82421875 0.09140625 0.1
0 0.34921875 0.878125 0.0828125 0.1078125
0 0.15390625 0.92265625 0.09140625 0.1046875
0 0.00703125 0.90859375 0.01328125 0.09609375
0 0.02734375 0.98671875 0.0546875 0.0265625
0 0.225 0.68671875 0.08828125 0.09140625
0 0.078125 0.68125 0.11640625 0.11328125
0 0.13359375 0.54296875 0.08828125 0.11328125
0 0.275 0.5625 0.1046875 0.12421875
0 0.0125 0.778125 0.025 0.1078125
0 0.53359375 0.96015625 0.09609375 0.0796875
0 0.91953125 0.978125 0.1046875 0.04296875
0 0.79765625 0.984375 0.05 0.03125
0 0.65625 0.840625 0.05 0.05