0 0.24921875 0.0484375 0.1015625 0.096875
0 0.296875 0.23125 0.109375 0.109375
0 0.02734375 0.31328125 0.0546875 0.1171875
0 0.46875 0.2890625 0.109375 0.203125
0 0.15546875 0.3734375 0.1140625 0.121875
0 0.021875 0.5125 0.04375 0.109375
0 0.16328125 0.56953125 0.1140625 0.0984375
0 0.11796875 0.75234375 0.1015625 0.0984375
0 0.3203125 0.4109375 0.109375 0.109375
0 0.4 0.55703125 0.2 0.1453125
0 0.45234375 0.72109375 0.0828125 0.1140625
0 0.28828125 0.7796875 0.0984375 0.121875
0 0.16875 0.85859375 0.0625 0.0671875
0 0.0984375 0.928125 0.109375 0.090625
0 0.25390625 0.953125 0.1015625 0.09375
0 0.05859375 0.16640625 0.1015625 0.0984375
0 0.50078125 0.01953125 0.0703125 0.0390625
0 0.6265625 0.03515625 0.04375 0.0390625
0 0.64296875 0.08671875 0.0359375 0.0390625
0 0.5859375 0.10078125 0.03125 0.0359375
0 0.57734375 0.04765625 0.0359375 0.0390625
0 0.525 0.05390625 0.034375 0.0359375