0 0.040625 0.0296875 0.08125 0.059375
0 0.13515625 0.01640625 0.03828125 0.0328125
0 0.16953125 0.1421875 0.115625 0.140625
0 0.340625 0.21796875 0.16015625 0.16953125
0 0.61953125 0.0359375 0.09296875 0.07109375
0 0.8734375 0.0375 0.10625 0.075
0 0.72890625 0.109375 0.14453125 0.14453125
0 0.85703125 0.30859375 0.05390625 0.05390625
0 0.05625 0.540625 0.11171875 0.09296875
0 0.0609375 0.73671875 0.121875 0.1640625
0 0.56171875 0.5375 0.13125 0.140625
0 0.2125 0.8265625 0.096875 0.09296875
0 0.75078125 0.43359375 0.15078125 0.14453125
0 0.96484375 0.5375 0.0703125 0.10625
0 0.975 0.79609375 0.05 0.090625
0 0.0875 0.96015625 0.12578125 0.07890625
0 0.20859375 0.3984375 0.096875 0.12578125
0 0.85703125 0.69765625 0.0734375 0.0671875
0 0.396875 0.9265625 0.08671875 0.09296875
0 0.975 0.0421875 0.05 0.084375
0 0.15625 0.60234375 0.05390625 0.0578125
0 0.3390625 0.06484375 0.14453125 0.1296875
0 0.27109375 0.64296875 0.10625 0.15078125
0 0.2515625 0.4984375 0.10625 0.11171875
0 0.30859375 0.94765625 0.096875 0.10390625