0 0.13671875 0.03125 0.0859375 0.0625
0 0.0390625 0.08984375 0.078125 0.1171875
0 0.1234375 0.2515625 0.04375 0.04375
0 0.4 0.115625 0.075 0.075
0 0.496875 0.31328125 0.09375 0.0859375
0 0.0484375 0.35078125 0.096875 0.1171875
0 0.228125 0.43828125 0.090625 0.0859375
0 0.2390625 0.646875 0.078125 0.075
0 0.34765625 0.3359375 0.0546875 0.0625
0 0.653125 0.37421875 0.046875 0.0671875
0 0.51171875 0.46953125 0.0390625 0.0546875
0 0.58046875 0.52421875 0.0671875 0.0703125
0 0.6734375 0.53203125 0.090625 0.1171875
0 0.50078125 0.58828125 0.1015625 0.0984375
0 0.6 0.65078125 0.090625 0.0984375
0 0.30078125 0.78359375 0.0859375 0.0828125
0 0.58203125 0.77421875 0.0703125 0.0703125
0 0.47265625 0.71484375 0.1015625 0.1171875
0 0.37890625 0.58203125 0.0859375 0.0859375
0 0.1234375 0.56640625 0.059375 0.0546875
0 0.47109375 0.0625 0.0828125 0.078125
0 0.25703125 0.03515625 0.1140625 0.0703125
0 0.3515625 0.2078125 0.0625 0.046875
0 0.375 0.4859375 0.078125 0.090625
0 0.23828125 0.1296875 0.0859375 0.09375
0 0.5625 0.1921875 0.109375 0.109375
0 0.6875 0.240625 0.125 0.10625
0 0.67421875 0.14296875 0.0828125 0.0828125
0 0.25078125 0.90546875 0.0703125 0.0671875