0 0.05 0.02578125 0.1 0.0515625
0 0.228125 0.015625 0.0828125 0.03125
0 0.3234375 0.02109375 0.0484375 0.04140625
0 0.0140625 0.32109375 0.02734375 0.078125
0 0.284375 0.09609375 0.109375 0.1125
0 0.42109375 0.23984375 0.1296875 0.146875
0 0.28671875 0.2265625 0.0953125 0.10390625
0 0.30859375 0.3609375 0.1125 0.1125
0 0.5703125 0.05390625 0.07421875 0.10390625
0 0.83203125 0.08515625 0.10390625 0.16953125
0 0.43203125 0.1015625 0.109375 0.1296875
0 0.57890625 0.20234375 0.109375 0.11796875
0 0.70234375 0.31328125 0.10390625 0.12109375
0 0.434375 0.42890625 0.13828125 0.2078125
0 0.5640625 0.39296875 0.08671875 0.1
0 0.8609375 0.2484375 0.109375 0.1125
0 0.27265625 0.47890625 0.1265625 0.11796875
0 0.6875 0.4890625 0.109375 0.1265625
0 0.64375 0.59140625 0.03125 0.03125
0 0.7421875 0.6296875 0.0828125 0.1
0 0.578125 0.678125 0.1 0.1
0 0.50234375 0.76015625 0.0953125 0.109375
0 0.8609375 0.79296875 0.109375 0.0953125
0 0.48984375 0.85703125 0.08671875 0.0953125
0 0.20625 0.96953125 0.0828125 0.0609375
0 0.58125 0.88828125 0.08671875 0.0953125
0 0.6984375 0.96328125 0.0953125 0.07265625
0 0.98828125 0.8734375 0.0234375 0.2
0 0.81953125 0.45703125 0.0953125 0.13515625
0 0.86328125 0.55078125 0.0828125 0.0953125
0 0.9609375 0.43828125 0.078125 0.1125
0 0.7328125 0.7546875 0.0953125 0.10390625
0 0.65625 0.83828125 0.109375 0.1265625
0 0.10234375 0.5078125 0.1 0.0953125
0 0.05546875 0.4140625 0.065625 0.07421875
0 0.19375 0.83671875 0.1 0.0953125
0 0.35390625 0.87734375 0.09140625 0.1
0 0.275 0.921875 0.0828125 0.08671875
0 0.1609375 0.18515625 0.08671875 0.1
0 0.853125 0.95625 0.078125 0.0875
0 0.921875 0.89296875 0.08671875 0.12109375
0 0.9609375 0.96953125 0.078125 0.0609375
0 0.65625 0.09453125 0.07421875 0.07421875
0 0.71484375 0.1703125 0.08671875 0.0953125
0 0.978125 0.56953125 0.04296875 0.1
0 0.98046875 0.67578125 0.0390625 0.0859375
0 0.51953125 0.55078125 0.0953125 0.0953125
0 0.465625 0.621875 0.1 0.109375
0 0.24296875 0.73359375 0.1125 0.1
0 0.97421875 0.20234375 0.0515625 0.1
0 0.11015625 0.903125 0.0953125 0.11796875
0 0.21953125 0.6390625 0.15234375 0.109375
0 0.0921875 0.3296875 0.0953125 0.0953125
0 0.12578125 0.26328125 0.109375 0.1