0 0.9734375 0.03828125 0.053125 0.0765625
0 0.28203125 0.021875 0.0734375 0.04375
0 0.8390625 0.1625 0.078125 0.08125
0 0.9890625 0.3328125 0.02109375 0.11328125
0 0.73125 0.3828125 0.10546875 0.1265625
0 0.434375 0.05703125 0.0890625 0.09765625
0 0.36953125 0.153125 0.05703125 0.06953125
0 0.55625 0.053125 0.0890625 0.0890625
0 0.28671875 0.2015625 0.0859375 0.1265625
0 0.35703125 0.23359375 0.06484375 0.078125
0 0.6640625 0.275 0.078125 0.11875
0 0.4421875 0.2890625 0.040625 0.0484375
0 0.55859375 0.1390625 0.078125 0.0734375
0 0.4828125 0.13671875 0.05703125 0.06171875
0 0.5328125 0.39375 0.08125 0.10546875
0 0.61953125 0.41640625 0.0859375 0.06953125
0 0.446875 0.4 0.0734375 0.0859375
0 0.3234375 0.3375 0.09453125 0.08125
0 0.865625 0.3734375 0.06484375 0.06484375