0 0.859375 0.0203125 0.1 0.040625
0 0.81796875 0.10234375 0.0859375 0.07734375
0 0.61484375 0.03203125 0.0515625 0.06328125
0 0.38984375 0.0828125 0.1 0.1171875
0 0.5609375 0.11953125 0.05703125 0.07734375
0 0.2671875 0.134375 0.04296875 0.134375
0 0.90390625 0.35859375 0.0859375 0.09140625
0 0.36953125 0.2953125 0.0828125 0.103125
0 0.33125 0.5890625 0.103125 0.1
0 0.8875 0.82734375 0.07421875 0.11171875
0 0.79375 0.95 0.1 0.0828125
0 0.33671875 0.9625 0.0953125 0.075
0 0.98359375 0.68203125 0.0328125 0.0859375
0 0.85546875 0.234375 0.06875 0.09453125
0 0.815625 0.44296875 0.07421875 0.0828125
0 0.92421875 0.5203125 0.06875 0.065625
0 0.5984375 0.58125 0.06015625 0.05703125
0 0.98515625 0.84296875 0.02890625 0.09140625
0 0.95703125 0.89609375 0.0828125 0.06015625
0 0.96015625 0.96875 0.07890625 0.06171875
0 0.878125 0.65 0.06875 0.09140625
0 0.846875 0.53125 0.0515625 0.0515625
0 0.80234375 0.64296875 0.0484375 0.0515625
0 0.67109375 0.86484375 0.06015625 0.07421875
0 0.98203125 0.0375 0.0359375 0.075
0 0.69765625 0.0890625 0.103125 0.0859375
0 0.740625 0.17265625 0.06875 0.07421875
0 0.68828125 0.19765625 0.07734375 0.0828125
0 0.784375 0.35234375 0.07421875 0.065625
0 0.98203125 0.35703125 0.0359375 0.065625
0 0.96015625 0.21796875 0.07890625 0.0859375
0 0.67109375 0.75625 0.07734375 0.0828125
0 0.72109375 0.565625 0.09140625 0.0859375
0 0.46640625 0.215625 0.09140625 0.14296875
0 0.46015625 0.75078125 0.0859375 0.0859375
0 0.403125 0.6671875 0.07421875 0.09140625
0 0.98828125 0.596875 0.0234375 0.065625
0 0.61484375 0.97578125 0.06875 0.0484375
0 0.5609375 0.89609375 0.10859375 0.09453125
0 0.646875 0.66015625 0.09140625 0.0859375
0 0.275 0.89296875 0.065625 0.09453125
0 0.334375 0.4046875 0.07421875 0.07421875
0 0.76796875 0.72109375 0.1 0.09453125