0 0.896875 0.08046875 0.08359375 0.0796875
0 0.9765625 0.08828125 0.04609375 0.06484375
0 0.9765625 0.1859375 0.04609375 0.07421875
0 0.809375 0.17578125 0.06484375 0.08359375
0 0.9 0.1921875 0.0703125 0.0796875
0 0.803125 0.26953125 0.05234375 0.05546875
0 0.8953125 0.278125 0.06171875 0.06484375
0 0.97890625 0.27421875 0.0421875 0.0515625
0 0.9734375 0.35625 0.04296875 0.06171875
0 0.890625 0.359375 0.0703125 0.06171875
0 0.79296875 0.3640625 0.06171875 0.05234375
0 0.71640625 0.08515625 0.06484375 0.0703125
0 0.67265625 0.17109375 0.1453125 0.11171875
0 0.6265625 0.25390625 0.05234375 0.06171875
0 0.7125 0.2828125 0.06171875 0.07421875
0 0.6171875 0.3625 0.0703125 0.05546875
0 0.22890625 0.04453125 0.09296875 0.0890625
0 0.20234375 0.18125 0.0703125 0.08359375
0 0.0796875 0.32265625 0.11171875 0.1359375
0 0.62890625 0.0390625 0.06171875 0.0703125
0 0.809375 0.0734375 0.06484375 0.08359375
0 0.0328125 0.096875 0.06484375 0.11171875
0 0.81484375 0.009375 0.06171875 0.01875
0 0.721875 0.0078125 0.06171875 0.01484375
0 0.715625 0.3625 0.05546875 0.05546875
0 0.90078125 0.0109375 0.0703125 0.021875
0 0.9765625 0.0203125 0.04609375 0.040625
0 0.1015625 0.02890625 0.06875 0.0578125
0 0.046875 0.015625 0.09375 0.03125