0 0.46484375 0.0375 0.0953125 0.07421875
0 0.0375 0.015625 0.071875 0.03125
0 0.3671875 0.053125 0.06796875 0.084375
0 0.846875 0.28984375 0.07109375 0.07109375
0 0.39609375 0.20078125 0.06796875 0.06796875
0 0.45703125 0.20234375 0.04765625 0.03984375
0 0.459375 0.265625 0.05234375 0.05546875
0 0.52578125 0.240625 0.04765625 0.13203125
0 0.39375 0.26953125 0.04765625 0.04765625
0 0.7015625 0.44921875 0.13984375 0.0921875
0 0.2015625 0.0671875 0.06015625 0.05546875
0 0.30390625 0.0875 0.084375 0.06328125
0 0.30390625 0.1796875 0.084375 0.0921875
0 0.1296875 0.24765625 0.084375 0.13984375
0 0.31953125 0.265625 0.05234375 0.05546875
0 0.06796875 0.3328125 0.04765625 0.05546875
0 0.053125 0.415625 0.05546875 0.06328125
0 0.9421875 0.5578125 0.03984375 0.05234375
0 0.77421875 0.63984375 0.03203125 0.04453125
0 0.86015625 0.67109375 0.0921875 0.0921875
0 0.9375 0.671875 0.03984375 0.05234375
0 0.87265625 0.80390625 0.0765625 0.084375
0 0.38984375 0.47265625 0.03984375 0.04453125
0 0.38984375 0.603125 0.03984375 0.04765625
0 0.5171875 0.60625 0.03203125 0.04765625
0 0.4609375 0.6703125 0.03984375 0.03984375
0 0.38828125 0.66796875 0.03671875 0.04453125
0 0.53515625 0.7015625 0.0921875 0.1109375
0 0.52265625 0.79765625 0.03671875 0.03984375
0 0.02890625 0.50390625 0.05703125 0.07109375
0 0.31953125 0.53671875 0.05234375 0.06015625
0 0.20078125 0.7328125 0.05234375 0.06796875
0 0.1953125 0.79921875 0.04765625 0.05234375
0 0.0046875 0.790625 0.009375 0.0921875
0 0.88203125 0.9578125 0.07109375 0.06796875
0 0.9578125 0.9640625 0.05546875 0.05546875
0 0.728125 0.96171875 0.05546875 0.06015625
0 0.3109375 0.91484375 0.0796875 0.1
0 0.653125 0.921875 0.05234375 0.06015625
0 0.80703125 0.9515625 0.05546875 0.07109375
0 0.92890625 0.3171875 0.1078125 0.0953125
0 0.81875 0.0359375 0.0796875 0.07109375
0 0.025 0.58671875 0.05 0.0640625
0 0.015625 0.6734375 0.03125 0.0625
0 0.25625 0.40390625 0.05234375 0.05546875
0 0.32421875 0.471875 0.05234375 0.05546875
0 0.25546875 0.271875 0.04765625 0.05234375
0 0.25390625 0.3328125 0.06015625 0.05546875
0 0.3890625 0.340625 0.06015625 0.05546875
0 0.4546875 0.33828125 0.03671875 0.04453125
0 0.5125 0.371875 0.0796875 0.11875
0 0.53125 0.4671875 0.03671875 0.03984375
0 0.38671875 0.53515625 0.03984375 0.04765625
0 0.15390625 0.35859375 0.04453125 0.06015625
0 0.19765625 0.33046875 0.03671875 0.06015625
0 0.1375 0.43046875 0.05234375 0.06015625
0 0.45703125 0.5390625 0.06328125 0.0875
0 0.4546875 0.60078125 0.03671875 0.03671875
0 0.1265625 0.546875 0.06796875 0.07109375
0 0.08046875 0.70859375 0.03984375 0.05234375
0 0.10390625 0.61640625 0.03984375 0.05234375
0 0.203125 0.6046875 0.03203125 0.04453125
0 0.25859375 0.603125 0.04765625 0.06328125
0 0.4015625 0.76484375 0.0796875 0.0953125
0 0.465625 0.7453125 0.03984375 0.03984375
0 0.459375 0.80078125 0.03671875 0.03984375
0 0.596875 0.67734375 0.03203125 0.03671875
0 0.5921875 0.40234375 0.04765625 0.05234375
0 0.59453125 0.4765625 0.03671875 0.03203125
0 0.52109375 0.5390625 0.03984375 0.05546875
0 0.3171875 0.3359375 0.06015625 0.06796875
0 0.31953125 0.40390625 0.05234375 0.05546875
0 0.3890625 0.40234375 0.04453125 0.05234375
0 0.44375 0.41171875 0.05234375 0.07109375
0 0.2109375 0.50703125 0.0796875 0.0875
0 0.46796875 0.46484375 0.04453125 0.04453125
0 0.58203125 0.60078125 0.06796875 0.1
0 0.2609375 0.46328125 0.03671875 0.03203125
0 0.25859375 0.7484375 0.06328125 0.084375
0 0.32734375 0.740625 0.04765625 0.05234375
0 0.29375 0.6328125 0.1234375 0.115625
0 0.20390625 0.66640625 0.05546875 0.04765625
0 0.9375 0.48125 0.03984375 0.04453125
0 0.89765625 0.509375 0.03984375 0.04453125
0 0.8390625 0.5515625 0.0875 0.0875
0 0.84609375 0.38671875 0.03203125 0.03671875
0 0.1296875 0.96171875 0.084375 0.0765625
0 0.07421875 0.8765625 0.0765625 0.0953125
0 0.81171875 0.88125 0.05234375 0.04765625
0 0.7328125 0.87578125 0.05234375 0.05234375
0 0.6640625 0.86171875 0.05546875 0.04453125
0 0.60234375 0.7828125 0.06796875 0.0765625
0 0.15 0.871875 0.084375 0.0875
0 0.78515625 0.71953125 0.03671875 0.03671875
0 0.79453125 0.7953125 0.03984375 0.04453125
0 0.88125 0.8828125 0.06015625 0.06015625
0 0.9625 0.88125 0.06796875 0.0796875
0 0.94140625 0.73203125 0.03203125 0.02890625
0 0.9421875 0.7984375 0.03984375 0.04453125
0 0.20390625 0.9140625 0.05546875 0.06015625
0 0.5953125 0.19921875 0.04140625 0.05234375
0 0.59609375 0.27265625 0.04921875 0.05390625
0 0.59921875 0.3328125 0.05234375 0.05546875
0 0.84609375 0.2125 0.04765625 0.04453125
0 0.70859375 0.22109375 0.09375 0.09375