0 0.2015625 0.021875 0.075 0.04375
0 0.63359375 0.0328125 0.1359375 0.065625
0 0.50234375 0.0484375 0.0828125 0.090625
0 0.93828125 0.07109375 0.1171875 0.1171875
0 0.0375 0.07890625 0.059375 0.0546875
0 0.11015625 0.28359375 0.0859375 0.0828125
0 0.16875 0.33984375 0.046875 0.0546875
0 0.259375 0.3984375 0.04375 0.046875
0 0.18359375 0.421875 0.0546875 0.0625
0 0.4109375 0.35546875 0.046875 0.0546875
0 0.48828125 0.403125 0.0546875 0.0625
0 0.603125 0.42109375 0.10625 0.1140625
0 0.709375 0.10625 0.059375 0.046875
0 0.98828125 0.19140625 0.0234375 0.0546875
0 0.69375 0.2796875 0.059375 0.059375
0 0.9703125 0.3140625 0.059375 0.075
0 0.83203125 0.303125 0.0546875 0.059375
0 0.9859375 0.40703125 0.028125 0.0859375
0 0.209375 0.50859375 0.059375 0.0703125
0 0.03828125 0.73359375 0.0515625 0.0671875
0 0.04375 0.79921875 0.046875 0.0515625
0 0.27421875 0.478125 0.0546875 0.059375
0 0.45234375 0.48125 0.0515625 0.046875
0 0.30078125 0.553125 0.0546875 0.059375
0 0.49921875 0.58828125 0.0828125 0.0984375
0 0.33046875 0.646875 0.0515625 0.059375
0 0.44765625 0.7265625 0.1296875 0.140625
0 0.26796875 0.790625 0.0828125 0.090625
0 0.86953125 0.4828125 0.0359375 0.04375
0 0.73359375 0.57421875 0.1140625 0.1015625
0 0.93359375 0.59609375 0.0859375 0.0984375
0 0.75078125 0.778125 0.1328125 0.140625
0 0.37734375 0.84765625 0.0828125 0.0859375
0 0.29296875 0.94296875 0.0859375 0.1140625
0 0.5234375 0.9625 0.078125 0.075
0 0.64765625 0.95703125 0.1296875 0.0859375
0 0.9234375 0.9296875 0.075 0.078125
0 0.52734375 0.2203125 0.1015625 0.090625
0 0.8953125 0.2390625 0.046875 0.0625
0 0.63125 0.171875 0.04375 0.046875
0 0.22265625 0.590625 0.0703125 0.0625
0 0.24375 0.6765625 0.075 0.0625
0 0.084375 0.365625 0.04375 0.059375
0 0.04140625 0.3375 0.0359375 0.059375
0 0.10078125 0.4359375 0.0515625 0.059375
0 0.11171875 0.55078125 0.0671875 0.0703125
0 0.3296875 0.40546875 0.059375 0.0515625
0 0.3828125 0.5125 0.046875 0.046875
0 0.15703125 0.71015625 0.0390625 0.0515625
0 0.13359375 0.61953125 0.0390625 0.0515625
0 0.0359375 0.6078125 0.03125 0.04375
0 0.0328125 0.51171875 0.065625 0.0859375
0 0.03515625 0.66875 0.0546875 0.046875
0 0.58515625 0.66640625 0.0984375 0.0984375
0 0.58515625 0.765625 0.0828125 0.09375
0 0.10859375 0.9609375 0.0828125 0.078125
0 0.1625 0.875 0.075 0.09375
0 0.4296875 0.28984375 0.046875 0.0546875
0 0.08828125 0.86796875 0.0671875 0.0859375
0 0.97109375 0.653125 0.0515625 0.09375
0 0.6140625 0.5484375 0.046875 0.040625