0 0.9734375 0.0203125 0.05 0.040625
0 0.56796875 0.0046875 0.0828125 0.009375
0 0.73203125 0.02578125 0.0890625 0.0515625
0 0.20234375 0.034375 0.14296875 0.06875
0 0.81953125 0.26875 0.071875 0.09765625
0 0.95546875 0.3984375 0.0890625 0.12265625
0 0.61484375 0.06484375 0.0890625 0.0921875
0 0.70546875 0.16875 0.0921875 0.12265625
0 0.4578125 0.18828125 0.08359375 0.08046875
0 0.325 0.19296875 0.1390625 0.1140625
0 0.65859375 0.2828125 0.0921875 0.0921875
0 0.534375 0.3546875 0.10546875 0.12578125
0 0.35625 0.39609375 0.109375 0.10078125
0 0.034375 0.15234375 0.06875 0.08359375
0 0.22109375 0.32890625 0.09765625 0.1171875
0 0.39140625 0.01328125 0.0890625 0.0265625
0 0.90390625 0.19453125 0.0890625 0.10078125
0 0.8453125 0.09375 0.08046875 0.10078125
0 0.05859375 0.36875 0.0671875 0.0640625
0 0.746875 0.4125 0.10078125 0.10078125
0 0.928125 0.08984375 0.08359375 0.0921875