0 0.18359375 0.065625 0.10859375 0.075
0 0.228125 0.16953125 0.09375 0.084375
0 0.49609375 0.0125 0.1875 0.02421875
0 0.44921875 0.08984375 0.05625 0.075
0 0.69453125 0.14765625 0.10859375 0.12734375
0 0.50859375 0.18828125 0.06171875 0.084375
0 0.8125 0.034375 0.075 0.06875
0 0.82890625 0.20390625 0.046875 0.14609375
0 0.13515625 0.4484375 0.09375 0.09921875
0 0.7171875 0.38046875 0.08984375 0.1125
0 0.75859375 0.7 0.1125 0.10859375
0 0.15234375 0.94921875 0.08046875 0.10078125
0 0.0328125 0.8015625 0.065625 0.09375
0 0.1875 0.31328125 0.075 0.103125
0 0.23125 0.54140625 0.08046875 0.08984375
0 0.1125 0.62578125 0.075 0.07109375
0 0.4671875 0.6921875 0.065625 0.06171875
0 0.0203125 0.8875 0.040625 0.08125
0 0.03125 0.96328125 0.06171875 0.07265625
0 0.16328125 0.7671875 0.075 0.09921875
0 0.196875 0.63671875 0.05625 0.05625
0 0.2453125 0.75859375 0.05234375 0.05625
0 0.38828125 0.98046875 0.065625 0.0390625
0 0.0625 0.0234375 0.09921875 0.046875
0 0.034375 0.09453125 0.06875 0.0890625
0 0.359375 0.15546875 0.1125 0.09375
0 0.3125 0.24609375 0.075 0.08046875
0 0.36953125 0.2734375 0.084375 0.08984375
0 0.26484375 0.4421875 0.08046875 0.07109375
0 0.034375 0.446875 0.06875 0.071875
0 0.06953125 0.29609375 0.09375 0.09375
0 0.38828125 0.88203125 0.084375 0.08984375
0 0.334375 0.67421875 0.09921875 0.09375
0 0.61171875 0.29296875 0.09921875 0.15546875
0 0.61796875 0.8765625 0.09375 0.09375
0 0.68046875 0.7859375 0.08046875 0.09921875
0 0.028125 0.709375 0.05625 0.07109375
0 0.41484375 0.77734375 0.09921875 0.09375
0 0.8203125 0.98984375 0.07109375 0.0203125
0 0.75546875 0.49921875 0.08046875 0.08046875
0 0.2828125 0.84375 0.10859375 0.103125
0 0.00625 0.3109375 0.0125 0.121875