0 0.80625 0.0296875 0.10625 0.059375
0 0.0609375 0.01953125 0.090625 0.0390625
0 0.10546875 0.15234375 0.0703125 0.0859375
0 0.08515625 0.2984375 0.0984375 0.121875
0 0.20703125 0.046875 0.0859375 0.09375
0 0.34453125 0.08203125 0.1171875 0.1015625
0 0.53984375 0.03515625 0.0859375 0.0703125
0 0.434375 0.22109375 0.078125 0.0828125
0 0.2484375 0.22578125 0.090625 0.0984375
0 0.43984375 0.384375 0.0828125 0.090625
0 0.715625 0.08671875 0.09375 0.1171875
0 0.85234375 0.0875 0.0703125 0.075
0 0.603125 0.18984375 0.10625 0.0828125
0 0.6265625 0.33671875 0.059375 0.0703125
0 0.05546875 0.3984375 0.0703125 0.078125
0 0.13359375 0.48828125 0.0703125 0.0703125
0 0.0390625 0.5953125 0.078125 0.090625
0 0.24375 0.43359375 0.10625 0.1015625
0 0.209375 0.578125 0.059375 0.0625
0 0.48125 0.62734375 0.078125 0.0828125
0 0.3609375 0.7328125 0.090625 0.075
0 0.91796875 0.484375 0.1015625 0.109375
0 0.8359375 0.63984375 0.0625 0.0984375
0 0.771875 0.7484375 0.075 0.090625
0 0.959375 0.67109375 0.059375 0.0828125
0 0.0953125 0.81953125 0.075 0.0671875
0 0.240625 0.834375 0.075 0.075
0 0.78359375 0.3265625 0.0984375 0.090625
0 0.67265625 0.4234375 0.1015625 0.090625
0 0.7171875 0.47890625 0.075 0.0515625
0 0.90625 0.3796875 0.078125 0.078125
0 0.9296875 0.22578125 0.09375 0.0984375
0 0.10859375 0.95234375 0.0828125 0.0671875
0 0.01953125 0.9625 0.0390625 0.075
0 0.30703125 0.9515625 0.0671875 0.075
0 0.403125 0.85234375 0.078125 0.0703125
0 0.428125 0.953125 0.075 0.078125
0 0.50625 0.7703125 0.059375 0.0625
0 0.6296875 0.665625 0.078125 0.075
0 0.671875 0.80078125 0.09375 0.0859375
0 0.640625 0.93984375 0.078125 0.0984375
0 0.5359375 0.921875 0.0625 0.078125
0 0.7421875 0.92890625 0.078125 0.0984375
0 0.8140625 0.83046875 0.059375 0.0671875
0 0.4375 0.540625 0.0625 0.059375
0 0.32734375 0.6015625 0.0671875 0.078125
0 0.56640625 0.5171875 0.0859375 0.075
0 0.89453125 0.98203125 0.0703125 0.0359375
0 0.86328125 0.92265625 0.0703125 0.0703125
0 0.97265625 0.95 0.0546875 0.078125
0 0.75390625 0.615625 0.0859375 0.090625
0 0.0625 0.6859375 0.078125 0.075
0 0.5796875 0.103125 0.090625 0.075
0 0.2015625 0.68828125 0.075 0.1015625
0 0.95 0.80859375 0.096875 0.0921875
0 0.9375 0.8859375 0.0875 0.084375