0 0.5640625 0.025 0.08828125 0.05
0 0.72890625 0.01484375 0.09140625 0.0296875
0 0.46328125 0.115625 0.06328125 0.0546875
0 0.89453125 0.02734375 0.08828125 0.0546875
0 0.74921875 0.096875 0.10859375 0.1
0 0.646875 0.2 0.11328125 0.15
0 0.875 0.34140625 0.06640625 0.06640625
0 0.99765625 0.0765625 0.0046875 0.0796875
0 0.94453125 0.146875 0.0546875 0.05
0 0.975 0.23984375 0.05 0.06328125
0 0.96015625 0.43359375 0.0796875 0.18359375
0 0.0375 0.73515625 0.04140625 0.06328125
0 0.496875 0.58203125 0.146875 0.146875
0 0.74921875 0.46015625 0.05859375 0.06328125
0 0.85546875 0.465625 0.13828125 0.121875
0 0.47109375 0.47734375 0.04140625 0.03828125
0 0.53359375 0.50703125 0.08359375 0.0796875
0 0.64765625 0.5328125 0.071875 0.1046875
0 0.7296875 0.5734375 0.096875 0.096875
0 0.85390625 0.58828125 0.075 0.1
0 0.6859375 0.6359375 0.03828125 0.03828125
0 0.77890625 0.65703125 0.025 0.0296875
0 0.73046875 0.69609375 0.071875 0.075
0 0.49453125 0.70703125 0.0546875 0.0796875
0 0.565625 0.7 0.05859375 0.05
0 0.65 0.7078125 0.05 0.071875
0 0.84921875 0.70390625 0.075 0.09140625
0 0.990625 0.8140625 0.01796875 0.071875
0 0.7453125 0.23515625 0.06640625 0.0796875
0 0.94609375 0.71328125 0.09140625 0.1
0 0.95546875 0.57578125 0.08828125 0.10859375
0 0.37109375 0.209375 0.10859375 0.125
0 0.0203125 0.24921875 0.03984375 0.075
0 0.01171875 0.58671875 0.0234375 0.08359375
0 0.02265625 0.48984375 0.0453125 0.0796875
0 0.3578125 0.7078125 0.075 0.071875
0 0.75234375 0.3578125 0.0546875 0.0546875
0 0.4609375 0.39609375 0.0546875 0.05859375
0 0.46640625 0.34140625 0.03359375 0.03359375
0 0.5203125 0.3546875 0.05 0.06640625
0 0.80390625 0.296875 0.04140625 0.05
0 0.28359375 0.30859375 0.06640625 0.08359375
0 0.4640625 0.7984375 0.06171875 0.0796875
0 0.190625 0.021875 0.11796875 0.04296875