0 0.03515625 0.0484375 0.0703125 0.096875
0 0.71015625 0.0328125 0.0703125 0.065625
0 0.1734375 0.1796875 0.075 0.078125
0 0.01953125 0.34375 0.0390625 0.109375
0 0.27734375 0.3921875 0.1015625 0.121875
0 0.56328125 0.078125 0.0859375 0.09375
0 0.62578125 0.17109375 0.0546875 0.0671875
0 0.44609375 0.07421875 0.0859375 0.0859375
0 0.70546875 0.2171875 0.0828125 0.121875
0 0.6375 0.2484375 0.0625 0.075
0 0.3421875 0.28828125 0.075 0.1140625
0 0.55546875 0.3015625 0.0390625 0.046875
0 0.44375 0.15703125 0.075 0.0703125
0 0.51640625 0.1546875 0.0546875 0.059375
0 0.46875 0.40234375 0.078125 0.1015625
0 0.38515625 0.42421875 0.0828125 0.0671875
0 0.55078125 0.40859375 0.0703125 0.0828125
0 0.6703125 0.3484375 0.090625 0.078125
0 0.1484375 0.3828125 0.0625 0.0625