0 0.56015625 0.01015625 0.09140625 0.0203125
0 0.9796875 0.04375 0.040625 0.0875
0 0.89296875 0.04765625 0.07890625 0.09140625
0 0.9796875 0.1390625 0.040625 0.0734375
0 0.878125 0.14453125 0.07890625 0.06953125
0 0.84921875 0.2515625 0.0640625 0.06015625
0 0.8078125 0.04765625 0.0734375 0.0734375
0 0.6828125 0.05703125 0.06953125 0.0734375
0 0.4625 0.06953125 0.06015625 0.0734375
0 0.76640625 0.14765625 0.0640625 0.0640625
0 0.5515625 0.16328125 0.0734375 0.08828125
0 0.66640625 0.16015625 0.0734375 0.07890625
0 0.4515625 0.16015625 0.0640625 0.096875
0 0.5234375 0.2609375 0.0734375 0.07890625
0 0.628125 0.253125 0.0515625 0.0546875
0 0.42578125 0.2828125 0.06015625 0.07890625
0 0.8296875 0.35 0.0515625 0.0546875
0 0.60859375 0.35859375 0.07890625 0.0734375
0 0.70390625 0.35625 0.0421875 0.06015625
0 0.3921875 0.3625 0.0734375 0.0734375
0 0.26484375 0.06953125 0.06015625 0.09140625
0 0.0484375 0.0765625 0.0640625 0.08828125
0 0.35703125 0.065625 0.0515625 0.0546875
0 0.16015625 0.08359375 0.07890625 0.08203125
0 0.234375 0.1734375 0.08828125 0.096875
0 0.02421875 0.178125 0.0484375 0.078125
0 0.3359375 0.16953125 0.0640625 0.096875
0 0.12734375 0.16015625 0.07890625 0.06015625
0 0.3078125 0.2640625 0.06953125 0.08828125
0 0.1984375 0.27265625 0.04609375 0.0515625
0 0.17890625 0.3671875 0.07890625 0.08203125
0 0.01484375 0.27109375 0.0296875 0.09140625
0 0.06328125 0.3796875 0.07890625 0.096875
0 0.2796875 0.3765625 0.07890625 0.08203125
0 0.4734375 0.4734375 0.08203125 0.08203125
0 0.76171875 0.546875 0.0546875 0.0640625
0 0.54609375 0.55703125 0.0515625 0.0515625
0 0.4484375 0.56328125 0.0515625 0.06015625
0 0.35859375 0.47265625 0.0734375 0.0734375
0 0.25625 0.48359375 0.06953125 0.08828125
0 0.15390625 0.48984375 0.0734375 0.07890625
0 0.04140625 0.48359375 0.07890625 0.08828125
0 0.99375 0.46875 0.0125 0.0546875
0 0.96328125 0.2515625 0.0546875 0.06015625
0 0.865625 0.73984375 0.096875 0.10625
0 0.509375 0.371875 0.06953125 0.0734375
0 0.665625 0.5546875 0.04609375 0.0546875
0 0.1 0.24453125 0.07890625 0.10078125
0 0.8015625 0.45078125 0.07890625 0.0734375
0 0.88828125 0.5375 0.06953125 0.0640625
0 0.56328125 0.47734375 0.06015625 0.0640625
0 0.734375 0.2765625 0.0546875 0.0546875
0 0.8953125 0.45859375 0.03671875 0.04609375
0 0.90546875 0.303125 0.07890625 0.10078125
0 0.98203125 0.97265625 0.0359375 0.0546875