0 0.01953125 0.1703125 0.0390625 0.090625
0 0.09765625 0.21328125 0.0390625 0.0671875
0 0.03515625 0.2625 0.0703125 0.09375
0 0.1421875 0.3046875 0.059375 0.0625
0 0.50390625 0.05546875 0.0703125 0.0703125
0 0.45234375 0.12734375 0.0828125 0.1296875
0 0.63515625 0.24375 0.1609375 0.090625
0 0.58984375 0.4203125 0.0390625 0.04375
0 0.73828125 0.11171875 0.1171875 0.1296875
0 0.68828125 0.36328125 0.0546875 0.0546875
0 0.81953125 0.35234375 0.0984375 0.1171875
0 0.94375 0.4078125 0.090625 0.10625
0 0.24921875 0.50625 0.0671875 0.059375
0 0.0375 0.665625 0.075 0.075
0 0.2015625 0.74453125 0.075 0.0984375
0 0.32421875 0.48671875 0.0703125 0.0828125
0 0.35390625 0.63984375 0.0984375 0.1140625
0 0.63984375 0.6703125 0.1296875 0.10625
0 0.42421875 0.73125 0.0828125 0.078125
0 0.50234375 0.7984375 0.0828125 0.090625
0 0.82265625 0.50390625 0.1140625 0.1015625
0 0.82109375 0.66484375 0.1015625 0.1015625
0 0.7421875 0.6859375 0.0625 0.059375
0 0.91171875 0.84609375 0.0640625 0.0671875
0 0.0375 0.82890625 0.059375 0.0546875
0 0.10859375 0.96875 0.0828125 0.0625
0 0.709375 0.85625 0.059375 0.046875
0 0.0140625 0.08671875 0.028125 0.0546875
0 0.11328125 0.09296875 0.0859375 0.0984375
0 0.1953125 0.05078125 0.078125 0.0703125
0 0.15546875 0.2125 0.0515625 0.075
0 0.17890625 0.1453125 0.0515625 0.0625
0 0.021875 0.56484375 0.04375 0.0828125
0 0.52734375 0.9625 0.1015625 0.075
0 0.8953125 0.978125 0.046875 0.04375
0 0.63125 0.921875 0.04375 0.046875
0 0.6875 0.4984375 0.0625 0.059375
0 0.55703125 0.571875 0.0828125 0.090625
0 0.5328125 0.15078125 0.059375 0.0671875
0 0.27578125 0.03515625 0.0828125 0.0703125
0 0.96171875 0.803125 0.0734375 0.096875
0 0.63515625 0.76875 0.0734375 0.084375