0 0.6015625 0.05078125 0.090625 0.1015625
0 0.88046875 0.04921875 0.07578125 0.08359375
0 0.08671875 0.32578125 0.07578125 0.09453125
0 0.60078125 0.14296875 0.06328125 0.059375
0 0.37265625 0.15625 0.03125 0.0390625
0 0.46640625 0.20078125 0.07109375 0.07109375
0 0.34296875 0.371875 0.07578125 0.08359375
0 0.47109375 0.3765625 0.07109375 0.07109375
0 0.26796875 0.4203125 0.06796875 0.07109375
0 0.39765625 0.4203125 0.059375 0.0546875
0 0.871875 0.20234375 0.07109375 0.06796875
0 0.79609375 0.20859375 0.0546875 0.0546875
0 0.8 0.290625 0.046875 0.06328125
0 0.94609375 0.28203125 0.0546875 0.07109375
0 0.86953125 0.29609375 0.059375 0.06796875
0 0.9515625 0.36171875 0.04375 0.046875
0 0.8734375 0.36875 0.0515625 0.0546875
0 0.80234375 0.36640625 0.0359375 0.04375
0 0.80703125 0.434375 0.0359375 0.0515625
0 0.87734375 0.43828125 0.059375 0.0515625
0 0.9578125 0.4421875 0.046875 0.04375
0 0.94609375 0.19609375 0.0546875 0.07109375
0 0.25625 0.2375 0.12265625 0.13828125
0 0.58515625 0.325 0.06328125 0.08359375
0 0.28828125 0.059375 0.06796875 0.07578125
0 0.7203125 0.1984375 0.059375 0.059375
0 0.94140625 0.12578125 0.0515625 0.046875
0 0.115625 0.4125 0.06796875 0.07109375
0 0.8671875 0.12734375 0.0546875 0.059375
0 0.77890625 0.121875 0.08359375 0.07109375
0 0.36171875 0.2875 0.04375 0.04375
0 0.0875 0.23984375 0.0359375 0.0390625
0 0.09765625 0.16015625 0.03125 0.03125
0 0.271875 0.15390625 0.028125 0.028125
0 0.61953125 0.22265625 0.03125 0.0359375
0 0.20234375 0.41875 0.06796875 0.06796875
0 0.81640625 0.040625 0.046875 0.04375
0 0.72265625 0.40859375 0.08671875 0.09453125
0 0.64453125 0.384375 0.059375 0.07109375
0 0.73125 0.3078125 0.04375 0.04375
0 0.9578125 0.0390625 0.046875 0.046875
0 0.4984375 0.31015625 0.046875 0.06484375
0 0.53046875 0.23984375 0.0578125 0.09609375