0 0.9421875 0.02109375 0.08828125 0.0421875
0 0.88984375 0.103125 0.07890625 0.1140625
0 0.60859375 0.028125 0.07890625 0.05625
0 0.71015625 0.071875 0.10390625 0.10546875
0 0.5265625 0.12734375 0.04921875 0.0578125
0 0.4109375 0.17578125 0.07578125 0.084375
0 0.18203125 0.04296875 0.09296875 0.0859375
0 0.040625 0.02265625 0.08125 0.0453125
0 0.01640625 0.1078125 0.0328125 0.078125
0 0.76328125 0.60703125 0.1109375 0.11953125
0 0.3640625 0.29140625 0.0671875 0.0578125
0 0.4109375 0.41171875 0.07578125 0.15859375
0 0.528125 0.45859375 0.1234375 0.1109375
0 0.41953125 0.5640625 0.07578125 0.09296875
0 0.56953125 0.6234375 0.07578125 0.08828125
0 0.07578125 0.3703125 0.08828125 0.09296875
0 0.3390625 0.49453125 0.04375 0.053125
0 0.81640625 0.71015625 0.040625 0.04375
0 0.984375 0.7921875 0.03125 0.084375
0 0.79765625 0.85234375 0.053125 0.053125
0 0.94296875 0.925 0.06171875 0.07578125
0 0.95 0.98671875 0.1 0.0265625
0 0.77890625 0.9734375 0.07890625 0.053125
0 0.6890625 0.7703125 0.09296875 0.09296875
0 0.6875 0.87890625 0.096875 0.08828125
0 0.55078125 0.86015625 0.053125 0.04375
0 0.05859375 0.8515625 0.07578125 0.1140625
0 0.296875 0.89375 0.0578125 0.0578125
0 0.25 0.9671875 0.0671875 0.06484375
0 0.00703125 0.9671875 0.0140625 0.06484375
0 0.9046875 0.46484375 0.10234375 0.1234375
0 0.984375 0.50546875 0.03125 0.0671875
0 0.78046875 0.3734375 0.0578125 0.084375
0 0.8765625 0.284375 0.0703125 0.096875
0 0.78671875 0.23515625 0.10234375 0.1140625
0 0.796875 0.12109375 0.06171875 0.0703125
0 0.6671875 0.31875 0.084375 0.1234375
0 0.59921875 0.18671875 0.07890625 0.10546875
0 0.52890625 0.25 0.07890625 0.084375
0 0.4296875 0.72890625 0.084375 0.10546875
0 0.32109375 0.77578125 0.07890625 0.0578125
0 0.1734375 0.66484375 0.07578125 0.1640625
0 0.03125 0.24375 0.0625 0.096875
0 0.01171875 0.4578125 0.02265625 0.084375
0 0.096875 0.53671875 0.0703125 0.0671875
0 0.26171875 0.51328125 0.07578125 0.096875
0 0.928125 0.75 0.084375 0.10546875
0 0.4625 0.9609375 0.07890625 0.07734375
0 0.44375 0.88046875 0.10234375 0.10234375
0 0.21484375 0.784375 0.10234375 0.07578125
0 0.19140625 0.8671875 0.09296875 0.09296875
0 0.13046875 0.921875 0.084375 0.06171875
0 0.1359375 0.98203125 0.084375 0.03515625
0 0.04921875 0.66953125 0.0703125 0.09296875
0 0.021875 0.54765625 0.04375 0.053125
0 0.6109375 0.9453125 0.11953125 0.109375
0 0.953125 0.20078125 0.09296875 0.08828125
0 0.16484375 0.3671875 0.0578125 0.07890625
0 0.23515625 0.4 0.09296875 0.084375
0 0.13828125 0.2234375 0.09296875 0.10234375
0 0.24609375 0.25 0.1234375 0.1375
0 0.2828125 0.08046875 0.07890625 0.09296875
0 0.5546875 0.7453125 0.053125 0.06171875
0 0.640625 0.68984375 0.04921875 0.04921875
0 0.97109375 0.59453125 0.0578125 0.09296875
0 0.290625 0.62734375 0.08125 0.125
0 0.7484375 0.509375 0.096875 0.0828125
0 0.64765625 0.5515625 0.096875 0.14296875