0 0.03125 0.04296875 0.0625 0.0546875
0 0.15625 0.0625 0.078125 0.09375
0 0.03046875 0.27265625 0.0515625 0.0515625
0 0.28203125 0.05859375 0.0859375 0.1015625
0 0.4109375 0.1734375 0.09375 0.10625
0 0.521875 0.18125 0.090625 0.090625
0 0.2703125 0.22265625 0.09375 0.1015625
0 0.15859375 0.35390625 0.1140625 0.0984375
0 0.8109375 0.01953125 0.090625 0.0390625
0 0.6171875 0.0375 0.078125 0.075
0 0.7171875 0.0875 0.10625 0.121875
0 0.85546875 0.15234375 0.0703125 0.0859375
0 0.634375 0.21484375 0.059375 0.0703125
0 0.68125 0.309375 0.090625 0.09375
0 0.83515625 0.2984375 0.0984375 0.121875
0 0.95703125 0.046875 0.0859375 0.09375
0 0.9765625 0.22578125 0.046875 0.0984375
0 0.0453125 0.4140625 0.090625 0.078125
0 0.10625 0.51171875 0.078125 0.0859375
0 0.2109375 0.50625 0.109375 0.1375
0 0.25078125 0.646875 0.1015625 0.090625
0 0.41640625 0.778125 0.0984375 0.109375
0 0.65625 0.403125 0.09375 0.09375
0 0.80546875 0.3984375 0.0703125 0.078125
0 0.6078125 0.521875 0.090625 0.10625
0 0.88359375 0.48828125 0.0703125 0.0703125
0 0.790625 0.5921875 0.090625 0.090625
0 0.68046875 0.60390625 0.0703125 0.0828125
0 0.53203125 0.62421875 0.1015625 0.0984375
0 0.9703125 0.43359375 0.059375 0.1015625
0 0.959375 0.578125 0.059375 0.0625
0 0.1421875 0.76796875 0.090625 0.0984375
0 0.1140625 0.90078125 0.09375 0.0984375
0 0.0984375 0.98046875 0.078125 0.0390625
0 0.39453125 0.88984375 0.0859375 0.0828125
0 0.22890625 0.96875 0.0828125 0.0625
0 0.371875 0.97265625 0.078125 0.0546875
0 0.6796875 0.778125 0.09375 0.078125
0 0.8453125 0.81953125 0.075 0.0671875
0 0.9765625 0.834375 0.046875 0.075
0 0.55703125 0.84765625 0.0828125 0.0859375
0 0.496875 0.95703125 0.09375 0.0859375
0 0.6015625 0.95859375 0.09375 0.0828125
0 0.021875 0.15703125 0.04375 0.0859375
0 0.02734375 0.7078125 0.0546875 0.0625
0 0.11796875 0.66328125 0.0703125 0.0671875
0 0.45 0.29375 0.109375 0.125
0 0.38359375 0.32890625 0.0546875 0.0703125
0 0.4609375 0.053125 0.125 0.10625
0 0.2828125 0.7625 0.10625 0.109375
0 0.25078125 0.859375 0.1015625 0.109375
0 0.3578125 0.45703125 0.090625 0.1015625
0 0.69453125 0.8796875 0.0984375 0.09375
0 0.85859375 0.95234375 0.0828125 0.0671875
0 0.75390625 0.9625 0.0703125 0.075
0 0.56640625 0.72109375 0.0859375 0.0984375
0 0.44140625 0.57109375 0.1328125 0.2265625
0 0.11953125 0.15703125 0.0828125 0.0859375
0 0.80859375 0.68359375 0.0703125 0.0703125
0 0.95234375 0.6859375 0.0828125 0.090625