0 0.95234375 0.021875 0.09453125 0.04375
0 0.01796875 0.00859375 0.0328125 0.0171875
0 0.9125 0.07265625 0.07265625 0.07734375
0 0.44296875 0.0234375 0.08828125 0.046875
0 0.73828125 0.08515625 0.09296875 0.09296875
0 0.56796875 0.12734375 0.08515625 0.09609375
0 0.5171875 0.28125 0.1015625 0.07734375
0 0.38671875 0.10390625 0.08828125 0.1203125
0 0.271875 0.13984375 0.0609375 0.0640625
0 0.140625 0.26640625 0.1046875 0.1015625
0 0.0171875 0.3140625 0.03359375 0.13359375
0 0.35703125 0.340625 0.109375 0.1125
0 0.84453125 0.48046875 0.1046875 0.1125
0 0.9890625 0.6296875 0.021875 0.115625
0 0.978125 0.75234375 0.04375 0.09296875
0 0.6484375 0.41640625 0.06875 0.08046875
0 0.57890625 0.4421875 0.0640625 0.0671875
0 0.73125 0.4671875 0.12890625 0.1171875
0 0.6484375 0.6234375 0.13359375 0.109375
0 0.80234375 0.67265625 0.0609375 0.08515625
0 0.3140625 0.53671875 0.08828125 0.1125
0 0.05703125 0.67265625 0.05625 0.08515625
0 0.1234375 0.69921875 0.0453125 0.0453125
0 0.28515625 0.73203125 0.07265625 0.06875
0 0.70234375 0.88125 0.0453125 0.0609375
0 0.490625 0.92734375 0.0484375 0.0484375
0 0.57734375 0.96953125 0.0609375 0.0609375
0 0.67890625 0.98125 0.1203125 0.03671875
0 0.3328125 0.803125 0.02890625 0.03984375
0 0.13828125 0.85 0.08671875 0.1171875
0 0.4234375 0.8390625 0.06875 0.08046875
0 0.2296875 0.915625 0.03203125 0.03984375
0 0.0203125 0.96484375 0.03984375 0.0453125
0 0.10859375 0.990625 0.0296875 0.01875
0 0.228125 0.9890625 0.084375 0.021875
0 0.15390625 0.0171875 0.05625 0.03359375
0 0.0453125 0.4890625 0.08984375 0.1609375
0 0.1578125 0.13203125 0.1125 0.12890625
0 0.4640625 0.42578125 0.1015625 0.09296875
0 0.44765625 0.52421875 0.07890625 0.07734375
0 0.18828125 0.4265625 0.09296875 0.1015625
0 0.165625 0.5125 0.09609375 0.08046875
0 0.19921875 0.69921875 0.02890625 0.02890625
0 0.9671875 0.3171875 0.065625 0.09140625
0 0.85703125 0.37265625 0.08046875 0.08046875
0 0.734375 0.19140625 0.09296875 0.08046875
0 0.8328125 0.21484375 0.09609375 0.1015625
0 0.9515625 0.83671875 0.0609375 0.06875
0 0.86953125 0.98671875 0.0734375 0.0265625
0 0.90078125 0.93203125 0.07265625 0.07265625
0 0.78125 0.959375 0.071875 0.08125
0 0.6109375 0.86640625 0.08046875 0.08046875
0 0.5921875 0.76328125 0.1171875 0.109375
0 0.696875 0.79296875 0.03671875 0.0453125
0 0.1796875 0.76875 0.02890625 0.02890625
0 0.25546875 0.825 0.0453125 0.0453125
0 0.79765625 0.81171875 0.11875 0.1
0 0.9296875 0.640625 0.07890625 0.1015625
0 0.3546875 0.91171875 0.109375 0.12890625
0 0.56015625 0.5265625 0.09453125 0.0984375
0 0.459375 0.62734375 0.1140625 0.115625
0 0.06015625 0.8515625 0.07578125 0.0984375
0 0.09921875 0.759375 0.03671875 0.065625
0 0.82890625 0.89453125 0.1046875 0.09453125