0 0.9859375 0.27109375 0.02734375 0.0734375
0 0.83125 0.01171875 0.09140625 0.0234375
0 0.9328125 0.05703125 0.06015625 0.0546875
0 0.66171875 0.06484375 0.11875 0.1296875
0 0.88984375 0.159375 0.0734375 0.06953125
0 0.78125 0.2875 0.08203125 0.08828125
0 0.88203125 0.371875 0.15546875 0.2015625
0 0.2890625 0.01640625 0.10625 0.0328125
0 0.1296875 0.0375 0.11015625 0.075
0 0.45078125 0.046875 0.09140625 0.08203125
0 0.1484375 0.13828125 0.09140625 0.10078125
0 0.221875 0.2265625 0.0734375 0.08203125
0 0.4296875 0.34453125 0.06015625 0.0734375
0 0.021875 0.12265625 0.04375 0.12421875
0 0.07265625 0.23984375 0.06015625 0.09140625
0 0.97734375 0.40703125 0.0453125 0.1328125
0 0.70546875 0.39921875 0.10625 0.128125
0 0.56953125 0.5 0.0734375 0.0734375
0 0.70078125 0.575 0.06015625 0.0515625
0 0.565625 0.590625 0.03671875 0.0421875
0 0.86015625 0.7921875 0.06015625 0.07890625
0 0.22421875 0.37421875 0.096875 0.096875
0 0.58359375 0.3921875 0.10078125 0.08828125
0 0.31953125 0.44609375 0.096875 0.08203125
0 0.221875 0.49609375 0.09140625 0.09140625
0 0.48984375 0.49921875 0.06015625 0.0421875
0 0.30859375 0.57421875 0.08203125 0.10078125
0 0.41015625 0.56875 0.09140625 0.10078125
0 0.2125 0.6078125 0.09140625 0.08828125
0 0.5296875 0.69140625 0.11015625 0.13359375
0 0.37734375 0.6765625 0.09140625 0.096875
0 0.19375 0.703125 0.03671875 0.0328125
0 0.42421875 0.7828125 0.10078125 0.096875
0 0.53046875 0.8015625 0.07890625 0.06015625
0 0.10859375 0.80390625 0.07890625 0.08828125
0 0.06875 0.5734375 0.06015625 0.0734375
0 0.040625 0.6921875 0.08046875 0.11015625
0 0.61015625 0.82578125 0.10625 0.146875
0 0.59375 0.98046875 0.0734375 0.03828125
0 0.3171875 0.78671875 0.06953125 0.06015625
0 0.20625 0.79453125 0.06015625 0.0515625
0 0.4828125 0.98359375 0.0640625 0.0328125
0 0.25078125 0.98515625 0.0546875 0.0296875
0 0.3765625 0.98515625 0.06796875 0.0296875
0 0.021875 0.8078125 0.04375 0.0734375
0 0.0640625 0.8984375 0.0515625 0.04609375
0 0.05703125 0.9921875 0.0546875 0.015625
0 0.1 0.34453125 0.06015625 0.0546875
0 0.0796875 0.45234375 0.10078125 0.10625
0 0.41953125 0.1546875 0.11015625 0.115625
0 0.34375 0.2390625 0.096875 0.11875
0 0.46484375 0.26015625 0.09140625 0.08828125
0 0.5203125 0.16953125 0.11015625 0.15234375
0 0.93125 0.6796875 0.10078125 0.11015625
0 0.9203125 0.528125 0.096875 0.11875
0 0.80234375 0.53828125 0.08828125 0.08828125
0 0.81484375 0.67421875 0.08828125 0.09140625
0 0.38984375 0.8984375 0.0328125 0.04609375
0 0.29296875 0.13203125 0.08828125 0.08828125