0 0.06875 0.0375 0.075 0.075
0 0.2578125 0.090625 0.046875 0.046875
0 0.12890625 0.15546875 0.0546875 0.0671875
0 0.1234375 0.24921875 0.090625 0.0984375
0 0.27421875 0.215625 0.0703125 0.078125
0 0.21796875 0.2734375 0.0359375 0.03125
0 0.35390625 0.0296875 0.0828125 0.059375
0 0.35546875 0.1140625 0.0859375 0.078125
0 0.4765625 0.09765625 0.046875 0.0390625
0 0.36875 0.29296875 0.04375 0.0546875
0 0.51796875 0.340625 0.0671875 0.078125
0 0.91328125 0.08984375 0.0671875 0.1015625
0 0.70234375 0.12734375 0.0515625 0.0515625
0 0.74375 0.19921875 0.059375 0.0703125
0 0.9765625 0.2015625 0.046875 0.075
0 0.80703125 0.31171875 0.0359375 0.0359375
0 0.90078125 0.3140625 0.0671875 0.075
0 0.98046875 0.35078125 0.0390625 0.0828125
0 0.2578125 0.36171875 0.09375 0.0984375
0 0.1578125 0.371875 0.090625 0.109375
0 0.0390625 0.40546875 0.078125 0.0828125
0 0.0546875 0.5234375 0.09375 0.109375
0 0.18125 0.54765625 0.059375 0.0703125
0 0.23046875 0.7109375 0.1015625 0.109375
0 0.021875 0.7078125 0.04375 0.03125
0 0.41796875 0.39140625 0.0859375 0.1015625
0 0.6734375 0.44453125 0.075 0.0828125
0 0.47890625 0.48515625 0.0828125 0.0859375
0 0.334375 0.49375 0.075 0.090625
0 0.61171875 0.54140625 0.0828125 0.0828125
0 0.4234375 0.58046875 0.075 0.0828125
0 0.29765625 0.5953125 0.0703125 0.090625
0 0.521875 0.61015625 0.075 0.1015625
0 0.4421875 0.68828125 0.0625 0.0703125
0 0.5328125 0.7234375 0.075 0.0625
0 0.3375 0.71796875 0.075 0.0984375
0 0.83828125 0.40546875 0.0671875 0.0828125
0 0.76640625 0.43671875 0.0703125 0.0984375
0 0.9390625 0.47890625 0.121875 0.0984375
0 0.7484375 0.53984375 0.04375 0.0546875
0 0.9546875 0.63203125 0.090625 0.1765625
0 0.73125 0.6625 0.09375 0.075
0 0.8671875 0.6875 0.078125 0.078125
0 0.16796875 0.81171875 0.0703125 0.0984375
0 0.26796875 0.9125 0.1140625 0.10625
0 0.65703125 0.74453125 0.1015625 0.0984375
0 0.42578125 0.9265625 0.0703125 0.109375
0 0.83828125 0.7984375 0.0828125 0.090625
0 0.9375 0.890625 0.0625 0.078125
0 0.65546875 0.8890625 0.1140625 0.121875
0 0.89453125 0.9625 0.0546875 0.059375
0 0.97421875 0.96640625 0.0515625 0.0671875
0 0.1078125 0.63671875 0.090625 0.0859375
0 0.1078125 0.725 0.059375 0.075
0 0.040625 0.79765625 0.08125 0.0890625
0 0.078125 0.875 0.09375 0.109375
0 0.584375 0.0140625 0.075 0.028125
0 0.68046875 0.0234375 0.0703125 0.046875
0 0.53125 0.8609375 0.09375 0.090625
0 0.4109375 0.80703125 0.09375 0.0984375
0 0.69609375 0.28515625 0.0390625 0.0390625
0 0.6265625 0.31875 0.04375 0.04375
0 0.015625 0.196875 0.03125 0.075
0 0.1421875 0.0234375 0.075 0.046875
0 0.55546875 0.1921875 0.0703125 0.078125
0 0.571875 0.115625 0.090625 0.090625
0 0.775 0.03125 0.090625 0.0625
0 0.79609375 0.10390625 0.0828125 0.0828125
0 0.85 0.15234375 0.075 0.0546875
0 0.8453125 0.23359375 0.075 0.0828125
0 0.4234375 0.1875 0.10625 0.125
0 0.97109375 0.83515625 0.0515625 0.0671875
0 0.74921875 0.92109375 0.0671875 0.0671875
0 0.740625 0.74453125 0.059375 0.0671875
0 0.3453125 0.96484375 0.059375 0.0546875
0 0.25703125 0.475 0.0359375 0.04375
0 0.14375 0.97421875 0.0625 0.0515625
0 0.06171875 0.98828125 0.0515625 0.0234375