0 0.17890625 0.0171875 0.09609375 0.034375
0 0.75390625 0.0265625 0.1546875 0.05234375
0 0.084375 0.26875 0.078125 0.10546875
0 0.30625 0.04921875 0.09609375 0.0984375
0 0.2078125 0.1609375 0.1 0.1328125
0 0.4765625 0.18203125 0.090625 0.0875
0 0.62109375 0.1875 0.15078125 0.1234375
0 0.259375 0.284375 0.1 0.1
0 0.39375 0.3625 0.11484375 0.13671875
0 0.58671875 0.40703125 0.11796875 0.109375
0 0.9421875 0.14375 0.0875 0.090625
0 0.7328125 0.334375 0.10546875 0.12734375
0 0.02109375 0.1890625 0.0421875 0.109375
0 0.05625 0.0796875 0.0875 0.109375
0 0.909375 0.378125 0.07265625 0.06875
0 0.16328125 0.42578125 0.109375 0.109375