0 0.0421875 0.015625 0.08359375 0.03125
0 0.0765625 0.0609375 0.0734375 0.07890625
0 0.5546875 0.0171875 0.08984375 0.034375
0 0.25390625 0.0734375 0.0953125 0.0953125
0 0.42734375 0.11640625 0.08671875 0.0984375
0 0.4796875 0.2734375 0.103125 0.07890625
0 0.6125 0.09296875 0.08984375 0.12265625
0 0.7296875 0.1296875 0.0625 0.065625
0 0.86328125 0.2578125 0.10625 0.103125
0 0.9859375 0.30703125 0.028125 0.1359375
0 0.64296875 0.334375 0.11171875 0.11484375
0 0.1453125 0.47734375 0.10625 0.11484375
0 0.0046875 0.62890625 0.009375 0.1171875
0 0.015625 0.75390625 0.03125 0.0953125
0 0.3453125 0.41171875 0.0703125 0.08203125
0 0.41640625 0.4375 0.065625 0.06875
0 0.2609375 0.46328125 0.13125 0.11953125
0 0.3453125 0.62265625 0.1359375 0.11171875
0 0.18828125 0.67265625 0.0625 0.08671875
0 0.6859375 0.534375 0.08984375 0.11484375
0 0.9484375 0.67265625 0.05703125 0.08671875
0 0.88046875 0.7 0.04609375 0.04609375
0 0.715625 0.73359375 0.0734375 0.0703125
0 0.28984375 0.88515625 0.04609375 0.0625
0 0.50625 0.9328125 0.04921875 0.04921875
0 0.41796875 0.971875 0.0625 0.05546875
0 0.3140625 0.984375 0.12265625 0.03125
0 0.6671875 0.80546875 0.0296875 0.040625
0 0.865625 0.853125 0.08828125 0.11953125
0 0.57421875 0.84296875 0.0703125 0.08203125
0 0.771875 0.9203125 0.0328125 0.040625
0 0.9828125 0.9703125 0.034375 0.04609375
0 0.89609375 0.99375 0.0296875 0.0125
0 0.7734375 0.9921875 0.0875 0.015625
0 0.85 0.0109375 0.05703125 0.02109375
0 0.95703125 0.48515625 0.08515625 0.1640625
0 0.84609375 0.12109375 0.11484375 0.13125
0 0.53359375 0.42109375 0.103125 0.0953125
0 0.55 0.52109375 0.08046875 0.07890625
0 0.81484375 0.421875 0.0953125 0.103125
0 0.8375 0.51015625 0.0984375 0.08203125
0 0.803125 0.7 0.0296875 0.0296875
0 0.02734375 0.3109375 0.05390625 0.09375
0 0.1328125 0.3671875 0.08203125 0.08203125
0 0.25703125 0.18203125 0.0953125 0.08203125
0 0.15703125 0.20546875 0.0984375 0.103125
0 0.0359375 0.83984375 0.0625 0.0703125
0 0.1203125 0.98984375 0.0734375 0.01953125
0 0.0875 0.93671875 0.0734375 0.0734375
0 0.21015625 0.96171875 0.0734375 0.0765625
0 0.38359375 0.8703125 0.08203125 0.08203125
0 0.40234375 0.765625 0.11953125 0.11171875
0 0.29609375 0.7953125 0.0375 0.04609375
0 0.82265625 0.7703125 0.0296875 0.0296875
0 0.74609375 0.828125 0.04609375 0.04609375
0 0.19375 0.81484375 0.12109375 0.1015625
0 0.0578125 0.63984375 0.08046875 0.103125
0 0.6453125 0.91640625 0.11171875 0.13125
0 0.43515625 0.5234375 0.096875 0.1
0 0.53828125 0.6265625 0.11640625 0.11796875
0 0.9453125 0.8546875 0.07734375 0.1
0 0.90546875 0.76171875 0.0375 0.0671875
0 0.16171875 0.89921875 0.10625 0.096875