0 0.76171875 0.03203125 0.0765625 0.06328125
0 0.87578125 0.05625 0.0828125 0.0875
0 0.98125 0.13984375 0.0375 0.0953125
0 0.89375 0.37265625 0.06328125 0.06328125
0 0.53203125 0.0703125 0.0921875 0.115625
0 0.73984375 0.1203125 0.0796875 0.0765625
0 0.828125 0.1875 0.05234375 0.04765625
0 0.59296875 0.1796875 0.103125 0.14296875
0 0.790625 0.2765625 0.06328125 0.06015625
0 0.69609375 0.3875 0.07109375 0.0765625
0 0.78359375 0.46015625 0.13515625 0.17421875
0 0.10390625 0.03359375 0.090625 0.06640625
0 0.26953125 0.1125 0.0921875 0.1078125
0 0.13203125 0.153125 0.0953125 0.1
0 0.409375 0.17890625 0.0796875 0.07109375
0 0.14765625 0.2578125 0.0796875 0.0875
0 0.2109375 0.334375 0.06328125 0.07109375
0 0.39140625 0.43671875 0.05234375 0.06328125
0 0.02890625 0.24453125 0.05703125 0.1078125
0 0.08203125 0.34609375 0.05234375 0.0796875
0 0.99296875 0.4859375 0.0140625 0.06015625
0 0.91171875 0.49140625 0.13203125 0.115625
0 0.99296875 0.59375 0.0140625 0.0921875
0 0.91328125 0.6078125 0.07109375 0.0953125
0 0.98515625 0.67265625 0.0234375 0.02890625
0 0.91796875 0.71796875 0.07109375 0.0875
0 0.63046875 0.484375 0.0921875 0.1109375
0 0.5125 0.57109375 0.06328125 0.06328125
0 0.6265625 0.63671875 0.05234375 0.04453125
0 0.509375 0.65 0.03203125 0.03671875
0 0.7640625 0.82421875 0.05234375 0.06796875
0 0.21328125 0.4625 0.084375 0.084375
0 0.52421875 0.478125 0.0875 0.0765625
0 0.29609375 0.52421875 0.084375 0.07109375
0 0.2109375 0.56796875 0.0796875 0.0796875
0 0.44375 0.5703125 0.05234375 0.03671875
0 0.28671875 0.6359375 0.07109375 0.0875
0 0.37421875 0.63125 0.0796875 0.0875
0 0.203125 0.66484375 0.0796875 0.0765625
0 0.478125 0.7375 0.0953125 0.115625
0 0.34609375 0.72421875 0.0796875 0.084375
0 0.1875 0.74765625 0.03203125 0.02890625
0 0.38671875 0.81640625 0.0875 0.084375
0 0.47890625 0.8328125 0.06796875 0.05234375
0 0.11328125 0.83515625 0.06796875 0.0765625
0 0.07890625 0.63515625 0.05234375 0.06328125
0 0.0453125 0.73828125 0.0875 0.0953125
0 0.54765625 0.85390625 0.0921875 0.12734375
0 0.534375 0.98515625 0.0625 0.0296875
0 0.29375 0.81953125 0.06015625 0.05234375
0 0.19765625 0.82734375 0.05234375 0.04453125
0 0.4375 0.98828125 0.05546875 0.0234375
0 0.23671875 0.98984375 0.04765625 0.0203125
0 0.3453125 0.98984375 0.05859375 0.0203125
0 0.02890625 0.83828125 0.05703125 0.06328125
0 0.07421875 0.91640625 0.04453125 0.03984375
0 0.06796875 0.99609375 0.04765625 0.0078125
0 0.10546875 0.43671875 0.05234375 0.04765625
0 0.08828125 0.53046875 0.0875 0.0921875
0 0.3828125 0.271875 0.0953125 0.1
0 0.31640625 0.3453125 0.084375 0.103125
0 0.421875 0.36328125 0.0796875 0.0765625
0 0.46953125 0.28515625 0.0953125 0.13203125
0 0.8265625 0.72734375 0.0875 0.0953125
0 0.81640625 0.59609375 0.084375 0.103125
0 0.7140625 0.6046875 0.0765625 0.0765625
0 0.72578125 0.721875 0.0765625 0.0796875
0 0.99296875 0.38828125 0.0140625 0.05234375
0 0.35703125 0.91640625 0.02890625 0.03984375
0 0.0234375 0.11015625 0.046875 0.1109375
0 0.27265625 0.25234375 0.0765625 0.0765625