0 0.46484375 0.0421875 0.1171875 0.084375
0 0.93984375 0.35546875 0.07734375 0.13515625
0 0.565625 0.06015625 0.07734375 0.07734375
0 0.65625 0.10546875 0.05 0.04140625
0 0.56953125 0.146875 0.08125 0.059375
0 0.671875 0.1765625 0.0453125 0.05
0 0.56171875 0.23984375 0.0953125 0.11328125
0 0.86875 0.2484375 0.03203125 0.03203125
0 0.6375 0.30546875 0.07734375 0.1078125
0 0.72109375 0.38125 0.1078125 0.14375
0 0.3109375 0.04921875 0.1125 0.0984375
0 0.146875 0.02890625 0.08125 0.0578125
0 0.434375 0.17109375 0.09921875 0.12578125
0 0.3046875 0.1546875 0.11328125 0.12265625
0 0.02265625 0.05546875 0.0421875 0.1109375
0 0.43828125 0.2984375 0.08125 0.1046875
0 0.14296875 0.290625 0.059375 0.059375
0 0.21171875 0.3734375 0.07734375 0.09921875
0 0.35234375 0.4 0.08984375 0.1171875
0 0.03046875 0.384375 0.0609375 0.11328125
0 0.94609375 0.5203125 0.0359375 0.0453125
0 0.5484375 0.50234375 0.08671875 0.09921875
0 0.790625 0.5296875 0.059375 0.06328125
0 0.471875 0.57109375 0.059375 0.06328125
0 0.7625 0.65625 0.1078125 0.08984375
0 0.7609375 0.8625 0.08671875 0.09921875
0 0.12734375 0.453125 0.1078125 0.08984375
0 0.31484375 0.484375 0.05 0.06328125
0 0.05546875 0.565625 0.08984375 0.09921875
0 0.36796875 0.57734375 0.0953125 0.08671875
0 0.20703125 0.59375 0.1046875 0.1078125
0 0.34765625 0.7796875 0.08125 0.11328125
0 0.8890625 0.90390625 0.09375 0.09921875
0 0.5 0.9203125 0.1046875 0.13125
0 0.7359375 0.96640625 0.08984375 0.06640625
0 0.584375 0.98125 0.08671875 0.0375
0 0.03359375 0.8609375 0.06640625 0.11328125
0 0.203125 0.953125 0.1046875 0.09375
0 0.05078125 0.97734375 0.1015625 0.0421875
0 0.93203125 0.803125 0.08671875 0.07734375
0 0.9828125 0.7453125 0.034375 0.09921875
0 0.6203125 0.45 0.06796875 0.071875
0 0.63671875 0.525 0.05390625 0.08984375
0 0.571875 0.60546875 0.08671875 0.07734375
0 0.56328125 0.6953125 0.06796875 0.07734375
0 0.45390625 0.678125 0.13125 0.16171875
0 0.29921875 0.27578125 0.08125 0.11328125
0 0.16796875 0.15703125 0.08125 0.09921875
0 0.225 0.7125 0.06796875 0.06796875
0 0.15234375 0.79140625 0.07734375 0.071875
0 0.0421875 0.73984375 0.08125 0.07734375
0 0.90390625 0.54609375 0.04140625 0.04140625
0 0.86484375 0.51015625 0.0359375 0.04140625
0 0.85234375 0.58359375 0.0359375 0.0453125
0 0.71640625 0.03125 0.1171875 0.0625
0 0.8 0.0875 0.05 0.059375
0 0.82578125 0.36875 0.0359375 0.0359375
0 0.79140625 0.21953125 0.05 0.0359375
0 0.04453125 0.16171875 0.0890625 0.1078125
0 0.76171875 0.74375 0.08125 0.07734375
0 0.68046875 0.76875 0.09921875 0.08125
0 0.6140625 0.79140625 0.06328125 0.08984375
0 0.9828125 0.290625 0.034375 0.08125
0 0.528125 0.3453125 0.0453125 0.0609375
0 0.90390625 0.0140625 0.0859375 0.028125
0 0.97578125 0.05859375 0.0484375 0.084375
0 0.9 0.09296875 0.1078125 0.1171875
0 0.49375 0.42109375 0.05234375 0.0609375