0 0.37421875 0.0421875 0.1109375 0.084375
0 0.06640625 0.03359375 0.1 0.0671875
0 0.04375 0.16171875 0.0875 0.1109375
0 0.03046875 0.278125 0.0609375 0.096875
0 0.3515625 0.15078125 0.096875 0.09140625
0 0.16484375 0.2640625 0.09296875 0.11953125
0 0.32578125 0.275 0.08828125 0.1234375
0 0.409375 0.34921875 0.07890625 0.096875
0 0.090625 0.3765625 0.0578125 0.08828125
0 0.25078125 0.3796875 0.07890625 0.1109375
0 0.67265625 0.03359375 0.10546875 0.0671875
0 0.859375 0.07109375 0.084375 0.07578125
0 0.5484375 0.4875 0.07578125 0.10234375
0 0.98984375 0.0875 0.0203125 0.084375
0 0.05546875 0.91875 0.07421875 0.084375
0 0.390625 0.53046875 0.08828125 0.07890625
0 0.27265625 0.6453125 0.08828125 0.07890625
0 0.40859375 0.67890625 0.08828125 0.09296875
0 0.09453125 0.696875 0.0578125 0.0703125
0 0.28359375 0.79609375 0.11953125 0.11953125
0 0.13125 0.81171875 0.096875 0.10546875
0 0.39296875 0.84609375 0.0671875 0.07578125
0 0.88046875 0.4953125 0.10546875 0.1140625
0 0.68984375 0.48671875 0.1234375 0.1140625
0 0.771875 0.56953125 0.040625 0.06171875
0 0.9359375 0.6046875 0.0578125 0.07890625
0 0.540625 0.6375 0.08828125 0.11953125
0 0.8484375 0.66953125 0.08828125 0.12890625
0 0.70859375 0.825 0.13203125 0.13203125
0 0.90546875 0.81875 0.07890625 0.10234375
0 0.153125 0.92265625 0.0703125 0.0703125
0 0.35859375 0.925 0.07578125 0.07578125
0 0.47109375 0.92578125 0.06171875 0.0703125
0 0.26640625 0.9328125 0.0578125 0.0671875
0 0.0984375 0.99375 0.04921875 0.0125
0 0.67109375 0.93515625 0.0671875 0.0703125
0 0.79140625 0.9453125 0.07890625 0.084375
0 0.8953125 0.94921875 0.07578125 0.08828125
0 0.5765625 0.9421875 0.06171875 0.084375
0 0.97109375 0.94921875 0.0578125 0.0703125
0 0.534375 0.103125 0.09296875 0.096875
0 0.46640625 0.2265625 0.10546875 0.096875
0 0.55390625 0.3390625 0.07890625 0.07578125
0 0.584375 0.240625 0.10546875 0.1140625
0 0.99453125 0.3703125 0.0109375 0.09296875
0 0.5671875 0.82578125 0.08828125 0.08828125
0 0.6359375 0.72421875 0.084375 0.07890625
0 0.6328125 0.59453125 0.096875 0.09296875
0 0.69921875 0.65234375 0.0703125 0.07578125
0 0.0640625 0.47734375 0.0578125 0.053125
0 0.08359375 0.58125 0.096875 0.10234375
0 0.22421875 0.040625 0.1140625 0.08125
0 0.1890625 0.11640625 0.1140625 0.1234375
0 0.6890625 0.1390625 0.1109375 0.10546875
0 0.87421875 0.22109375 0.09296875 0.07578125
0 0.75625 0.23828125 0.07890625 0.09296875
0 0.70703125 0.32578125 0.09296875 0.084375
0 0.865625 0.32578125 0.07578125 0.0671875
0 0.2546875 0.51171875 0.0859375 0.07890625
0 0.16796875 0.47890625 0.08984375 0.09140625