0 0.9734375 0.02734375 0.053125 0.0546875
0 0.85078125 0.04765625 0.08046875 0.09453125
0 0.9765625 0.2625 0.046875 0.053125
0 0.72109375 0.04765625 0.08828125 0.09453125
0 0.58828125 0.1609375 0.09609375 0.109375
0 0.47421875 0.16875 0.09296875 0.09296875
0 0.7328125 0.21171875 0.09609375 0.1046875
0 0.8484375 0.34609375 0.1171875 0.1015625
0 0.17734375 0.0109375 0.0921875 0.021875
0 0.3765625 0.0296875 0.08046875 0.059375
0 0.2734375 0.07265625 0.109375 0.12578125
0 0.13125 0.1390625 0.07265625 0.08828125
0 0.35859375 0.203125 0.0609375 0.07265625
0 0.31015625 0.30078125 0.09296875 0.09609375
0 0.1515625 0.2890625 0.1015625 0.12578125
0 0.0359375 0.0390625 0.071875 0.078125
0 0.015625 0.21484375 0.03046875 0.1015625
0 0.959375 0.4078125 0.08125 0.08125
0 0.9015625 0.50859375 0.08046875 0.08828125
0 0.79453125 0.503125 0.1125 0.14140625
0 0.753125 0.64765625 0.1046875 0.09296875
0 0.5828125 0.7828125 0.1015625 0.1125
0 0.3359375 0.396875 0.09609375 0.09609375
0 0.1828125 0.3921875 0.07265625 0.08046875
0 0.3859375 0.51953125 0.09296875 0.109375
0 0.10234375 0.484375 0.07265625 0.07265625
0 0.19765625 0.59140625 0.09296875 0.09296875
0 0.3109375 0.60390625 0.07265625 0.08515625
0 0.4640625 0.62421875 0.1046875 0.1015625
0 0.021875 0.428125 0.04375 0.1046875
0 0.02734375 0.57734375 0.0546875 0.0640625
0 0.86484375 0.77265625 0.09296875 0.1015625
0 0.89375 0.909375 0.09609375 0.1015625
0 0.91015625 0.98515625 0.08046875 0.02890625
0 0.60546875 0.89765625 0.08828125 0.08515625
0 0.77578125 0.9734375 0.08515625 0.053125
0 0.62890625 0.97734375 0.08046875 0.0453125
0 0.31171875 0.7828125 0.09609375 0.08046875
0 0.14140625 0.82578125 0.07734375 0.06875
0 0.015625 0.840625 0.03046875 0.07734375
0 0.43828125 0.8546875 0.08515625 0.08828125
0 0.50078125 0.9609375 0.0953125 0.078125
0 0.39296875 0.9625 0.0953125 0.075
0 0.9828125 0.14375 0.03359375 0.08828125
0 0.97734375 0.7109375 0.0453125 0.0640625
0 0.88984375 0.66484375 0.07265625 0.06875
0 0.5484375 0.284375 0.1125 0.12890625
0 0.61640625 0.32109375 0.05625 0.07265625
0 0.53671875 0.04609375 0.12890625 0.09140625
0 0.7203125 0.7671875 0.109375 0.1125
0 0.753125 0.86640625 0.1046875 0.1125
0 0.64296875 0.45234375 0.09296875 0.1046875
0 0.296875 0.8875 0.1015625 0.09609375
0 0.128125 0.9625 0.08515625 0.06875
0 0.23515625 0.9671875 0.07265625 0.065625
0 0.428125 0.72421875 0.08828125 0.1015625
0 0.55703125 0.5703125 0.13671875 0.2328125
0 0.88828125 0.14375 0.08515625 0.08828125
0 0.17890625 0.6859375 0.07265625 0.07265625
0 0.0375 0.6875 0.075 0.09375