0 0.1546875 0.1578125 0.04609375 0.0515625
0 0.0546875 0.19765625 0.0328125 0.03671875
0 0.0515625 0.3046875 0.06953125 0.06015625
0 0.4796875 0.02734375 0.09140625 0.0546875
0 0.60078125 0.02109375 0.0515625 0.0421875
0 0.240625 0.05 0.090625 0.1
0 0.415625 0.30390625 0.0734375 0.08828125
0 0.540625 0.35078125 0.06953125 0.07890625
0 0.778125 0.1171875 0.08828125 0.10625
0 0.89140625 0.16796875 0.04609375 0.07890625
0 0.790625 0.225 0.1375 0.11015625
0 0.94296875 0.275 0.06953125 0.0734375
0 0.68125 0.3296875 0.0734375 0.0734375
0 0.03359375 0.56484375 0.0671875 0.0703125
0 0.03671875 0.70546875 0.0734375 0.11015625
0 0.521875 0.56328125 0.12421875 0.1375
0 0.228125 0.68203125 0.10078125 0.08203125
0 0.5890625 0.67890625 0.10078125 0.10078125
0 0.51640625 0.82578125 0.11015625 0.14296875
0 0.66328125 0.46640625 0.0734375 0.07890625
0 0.809375 0.69765625 0.11015625 0.08828125
0 0.984375 0.790625 0.03125 0.115625
0 0.62890625 0.87265625 0.07890625 0.096875
0 0.8203125 0.8890625 0.06953125 0.0640625
0 0.70234375 0.91171875 0.096875 0.0734375
0 0.7015625 0.98203125 0.096875 0.0359375
0 0.2828125 0.2203125 0.10078125 0.08203125
0 0.47265625 0.1546875 0.06953125 0.07890625
0 0.5796875 0.228125 0.0640625 0.07890625
0 0.675 0.16953125 0.06015625 0.08203125
0 0.66640625 0.07890625 0.0546875 0.0734375
0 0.7703125 0.02578125 0.07890625 0.0515625
0 0.68984375 0.01171875 0.1265625 0.0234375
0 0.909375 0.0421875 0.10078125 0.084375
0 0.95859375 0.16640625 0.06015625 0.08828125
0 0.978125 0.08828125 0.04375 0.0734375
0 0.76796875 0.49609375 0.04609375 0.0515625
0 0.1078125 0.84765625 0.09140625 0.09140625
0 0.16171875 0.7703125 0.096875 0.10078125
0 0.72265625 0.63203125 0.08203125 0.0734375
0 0.78671875 0.5796875 0.08203125 0.096875
0 0.2734375 0.484375 0.08203125 0.07890625
0 0.27109375 0.384375 0.08828125 0.11015625
0 0.1265625 0.396875 0.0734375 0.07890625
0 0.15 0.240625 0.03671875 0.0421875
0 0.12265625 0.496875 0.0734375 0.096875
0 0.19140625 0.56015625 0.10078125 0.12421875
0 0.33515625 0.70078125 0.10625 0.11875
0 0.3546875 0.60546875 0.096875 0.08203125
0 0.03125 0.0375 0.0625 0.075
0 0.10546875 0.0390625 0.0890625 0.078125