0 0.6734375 0.021875 0.075 0.04375
0 0.0234375 0.11171875 0.046875 0.1296875
0 0.06953125 0.35234375 0.0984375 0.1171875
0 0.19375 0.4078125 0.090625 0.10625
0 0.5078125 0.08671875 0.078125 0.0859375
0 0.55703125 0.1640625 0.0671875 0.0625
0 0.3328125 0.34609375 0.109375 0.1296875
0 0.578125 0.3875 0.09375 0.09375
0 0.715625 0.1109375 0.046875 0.059375
0 0.07265625 0.50390625 0.1140625 0.1015625
0 0.07109375 0.66484375 0.1015625 0.1015625
0 0.3046875 0.7484375 0.078125 0.090625
0 0.18828125 0.82109375 0.1171875 0.1171875
0 0.4453125 0.4359375 0.0625 0.075
0 0.37890625 0.46953125 0.0703125 0.0703125
0 0.6859375 0.490625 0.04375 0.028125
0 0.434375 0.57109375 0.0625 0.0546875
0 0.575 0.590625 0.109375 0.109375
0 0.5640625 0.7796875 0.04375 0.04375
0 0.3765625 0.9578125 0.075 0.078125
0 0.28125 0.11015625 0.09375 0.1171875
0 0.3375 0.90625 0.059375 0.0625
0 0.25234375 0.9421875 0.0671875 0.0625
0 0.3421875 0.62578125 0.04375 0.0390625
0 0.4078125 0.73515625 0.04375 0.0546875
0 0.48359375 0.821875 0.0359375 0.04375
0 0.396875 0.8578125 0.059375 0.04375
0 0.7 0.95 0.109375 0.096875