0 0.071875 0.10390625 0.075 0.09140625
0 0.0515625 0.259375 0.103125 0.1296875
0 0.18046875 0.02109375 0.09140625 0.04140625
0 0.3265625 0.04140625 0.12421875 0.0828125
0 0.534375 0.00859375 0.09140625 0.01640625
0 0.421875 0.1765625 0.0828125 0.08828125
0 0.22421875 0.18203125 0.09609375 0.1046875
0 0.428125 0.35078125 0.08828125 0.09609375
0 0.72109375 0.0484375 0.1 0.09609375
0 0.86640625 0.0375 0.075 0.075
0 0.6015625 0.14375 0.11328125 0.08828125
0 0.6265625 0.3 0.06328125 0.075
0 0.028125 0.365625 0.05625 0.0828125
0 0.10234375 0.4609375 0.075 0.075
0 0.021875 0.575 0.04296875 0.09609375
0 0.21953125 0.403125 0.11328125 0.1078125
0 0.1828125 0.55625 0.06328125 0.06640625
0 0.471875 0.60859375 0.0828125 0.08828125
0 0.34375 0.72109375 0.09609375 0.0796875
0 0.9359375 0.45703125 0.1078125 0.11640625
0 0.84921875 0.621875 0.06640625 0.1046875
0 0.78046875 0.7375 0.0796875 0.09609375
0 0.97421875 0.65546875 0.0515625 0.08828125
0 0.06171875 0.81328125 0.0796875 0.07109375
0 0.215625 0.82890625 0.0796875 0.0796875
0 0.79296875 0.2890625 0.1046875 0.09609375
0 0.675 0.3921875 0.1078125 0.09609375
0 0.72265625 0.45078125 0.0796875 0.0546875
0 0.9234375 0.3453125 0.0828125 0.0828125
0 0.9484375 0.18203125 0.1 0.1046875
0 0.07578125 0.9546875 0.08828125 0.07109375
0 0.28671875 0.953125 0.07109375 0.0796875
0 0.3890625 0.84765625 0.0828125 0.075
0 0.415625 0.95546875 0.0796875 0.0828125
0 0.4984375 0.7609375 0.06328125 0.06640625
0 0.6296875 0.64921875 0.0828125 0.0796875
0 0.67421875 0.79296875 0.1 0.09140625
0 0.64140625 0.94140625 0.0828125 0.1046875
0 0.5296875 0.921875 0.06640625 0.0828125
0 0.74921875 0.9296875 0.0828125 0.1046875
0 0.82578125 0.825 0.06328125 0.07109375
0 0.425 0.51640625 0.06640625 0.06328125
0 0.3078125 0.58125 0.07109375 0.0828125
0 0.5625 0.49140625 0.09140625 0.0796875
0 0.9109375 0.9828125 0.075 0.034375
0 0.878125 0.92265625 0.075 0.075
0 0.98203125 0.95078125 0.0359375 0.0828125
0 0.76171875 0.59609375 0.09140625 0.09609375
0 0.034375 0.67109375 0.06796875 0.0796875
0 0.5765625 0.0515625 0.09609375 0.0796875
0 0.17421875 0.6734375 0.0796875 0.1078125
0 0.959375 0.8015625 0.08125 0.09765625
0 0.9546875 0.8828125 0.090625 0.090625