0 0.3046875 0.021875 0.078125 0.04375
0 0.18828125 0.07109375 0.1171875 0.1171875
0 0.5640625 0.0296875 0.04375 0.04375
0 0.25625 0.19140625 0.059375 0.0546875
0 0.24140625 0.3140625 0.0984375 0.075
0 0.08203125 0.303125 0.0546875 0.059375
0 0.25703125 0.40703125 0.0671875 0.0859375
0 0.47734375 0.08828125 0.0390625 0.0671875
0 0.375 0.22578125 0.078125 0.0984375
0 0.56171875 0.26484375 0.0984375 0.0984375
0 0.39765625 0.3765625 0.0828125 0.090625
0 0.11953125 0.4828125 0.0359375 0.04375
0 0.01953125 0.57421875 0.0390625 0.1015625
0 0.184375 0.5953125 0.078125 0.090625
0 0.278125 0.7078125 0.046875 0.0625
0 0.03515625 0.78203125 0.0703125 0.1171875
0 0.3640625 0.50703125 0.0625 0.0671875
0 0.49296875 0.59296875 0.0546875 0.0671875
0 0.5796875 0.66875 0.075 0.078125
0 0.69375 0.65234375 0.059375 0.0546875
0 0.428125 0.73046875 0.059375 0.0546875
0 0.71171875 0.78046875 0.0703125 0.0671875
0 0.1734375 0.9296875 0.075 0.078125
0 0.56328125 0.828125 0.0859375 0.09375
0 0.62578125 0.92109375 0.0546875 0.0671875
0 0.70546875 0.953125 0.0828125 0.09375
0 0.6375 0.98046875 0.0625 0.0390625
0 0.1453125 0.2390625 0.046875 0.0625
0 0.3375 0.15 0.059375 0.059375
0 0.5609375 0.4 0.10625 0.1375
0 0.69765625 0.2 0.0984375 0.09375
0 0.4390625 0.82421875 0.090625 0.0703125
0 0.4375 0.90703125 0.078125 0.0703125
0 0.5125 0.90703125 0.0625 0.0546875
0 0.22734375 0.64921875 0.0703125 0.0859375
0 0.334375 0.434375 0.075 0.0875