0 0.359375 0.015625 0.09375 0.03125
0 0.46484375 0.1015625 0.0671875 0.0578125
0 0.028125 0.01875 0.05625 0.03671875
0 0.1625 0.08125 0.1140625 0.10546875
0 0.27109375 0.18984375 0.11953125 0.15859375
0 0.0328125 0.33984375 0.06484375 0.0703125
0 0.91484375 0.75546875 0.04375 0.0671875
0 0.4296875 0.59296875 0.1546875 0.1546875
0 0.1625 0.46484375 0.06171875 0.0671875
0 0.06171875 0.47109375 0.1234375 0.12890625
0 0.45703125 0.48359375 0.04375 0.040625
0 0.390625 0.5140625 0.08828125 0.084375
0 0.2703125 0.54140625 0.07578125 0.1109375
0 0.1828125 0.584375 0.10234375 0.10234375
0 0.0515625 0.6 0.07890625 0.10546875
0 0.2296875 0.65078125 0.040625 0.040625
0 0.13125 0.67265625 0.0265625 0.03203125
0 0.18203125 0.7140625 0.07578125 0.07890625
0 0.43203125 0.725 0.0578125 0.084375
0 0.35625 0.71796875 0.06171875 0.053125
0 0.26796875 0.7265625 0.053125 0.07578125
0 0.05703125 0.72265625 0.07890625 0.096875
0 0.1671875 0.22734375 0.0703125 0.084375
0 0.5625 0.2 0.1140625 0.13203125
0 0.95625 0.24140625 0.0875 0.0796875
0 0.9734375 0.6953125 0.053125 0.0703125
0 0.96484375 0.5984375 0.0703125 0.08828125
0 0.98203125 0.87421875 0.03515625 0.0828125
0 0.975 0.7828125 0.04921875 0.07578125
0 0.953125 0.49609375 0.09296875 0.084375
0 0.5765625 0.7265625 0.07890625 0.07578125
0 0.159375 0.35625 0.0578125 0.0578125
0 0.4671875 0.396875 0.0578125 0.06171875
0 0.4609375 0.33984375 0.03515625 0.03515625
0 0.4046875 0.35390625 0.053125 0.0703125
0 0.1046875 0.2921875 0.04375 0.053125
0 0.6546875 0.3046875 0.0703125 0.08828125
0 0.4640625 0.821875 0.06484375 0.084375
0 0.75234375 0.0125 0.125 0.025