0 0.6 0.0515625 0.09140625 0.103125
0 0.8796875 0.05 0.07578125 0.08359375
0 0.08046875 0.32734375 0.07578125 0.0953125
0 0.5984375 0.14375 0.06328125 0.06015625
0 0.36875 0.1578125 0.03203125 0.03984375
0 0.4625 0.2015625 0.07109375 0.07109375
0 0.33828125 0.37421875 0.07578125 0.08359375
0 0.4671875 0.37890625 0.07109375 0.07109375
0 0.26328125 0.4234375 0.06796875 0.07109375
0 0.39375 0.4234375 0.06015625 0.05546875
0 0.87109375 0.203125 0.07109375 0.06796875
0 0.7953125 0.209375 0.05546875 0.05546875
0 0.79921875 0.29296875 0.04765625 0.06328125
0 0.9453125 0.284375 0.05546875 0.07109375
0 0.86875 0.2984375 0.06015625 0.06796875
0 0.95078125 0.3640625 0.04453125 0.04765625
0 0.87265625 0.37109375 0.05234375 0.05546875
0 0.8015625 0.36875 0.03671875 0.04453125
0 0.80625 0.4375 0.03671875 0.05234375
0 0.8765625 0.440625 0.06015625 0.05234375
0 0.95703125 0.44453125 0.04765625 0.04453125
0 0.9453125 0.196875 0.05546875 0.07109375
0 0.2515625 0.2390625 0.1234375 0.1390625
0 0.58203125 0.3265625 0.06328125 0.08359375
0 0.284375 0.06015625 0.06796875 0.07578125
0 0.71796875 0.19921875 0.06015625 0.06015625
0 0.940625 0.1265625 0.05234375 0.04765625
0 0.11015625 0.415625 0.06796875 0.07109375
0 0.86640625 0.128125 0.05546875 0.06015625
0 0.77734375 0.12265625 0.08359375 0.07109375
0 0.3578125 0.28984375 0.04453125 0.04453125
0 0.08125 0.24140625 0.03671875 0.03984375
0 0.09140625 0.16171875 0.03203125 0.03203125
0 0.2671875 0.1546875 0.028125 0.028125
0 0.6171875 0.22421875 0.03203125 0.03671875
0 0.196875 0.421875 0.06796875 0.06796875
0 0.81484375 0.04140625 0.04765625 0.04453125
0 0.72109375 0.41171875 0.08671875 0.0953125
0 0.6421875 0.38671875 0.06015625 0.07109375
0 0.7296875 0.31015625 0.04453125 0.04453125
0 0.95703125 0.03984375 0.04765625 0.04765625
0 0.4953125 0.3125 0.04765625 0.06484375
0 0.52734375 0.24140625 0.05859375 0.096875