0 0.92734375 0.01328125 0.08125 0.0265625
0 0.4140625 0.03984375 0.10390625 0.07890625
0 0.428125 0.1828125 0.07578125 0.07578125
0 0.128125 0.2890625 0.053125 0.071875
0 0.3546875 0.29609375 0.071875 0.07578125
0 0.46484375 0.2859375 0.0625 0.06640625
0 0.26796875 0.3828125 0.05625 0.071875
0 0.16640625 0.39453125 0.053125 0.05625
0 0.5421875 0.18203125 0.06640625 0.06640625
0 0.7828125 0.1921875 0.05625 0.07578125
0 0.653125 0.1921875 0.071875 0.07578125
0 0.6734375 0.28984375 0.07578125 0.08125
0 0.77578125 0.2984375 0.071875 0.090625
0 0.89921875 0.3015625 0.0625 0.071875
0 0.9734375 0.078125 0.053125 0.046875
0 0.9765625 0.20390625 0.046875 0.071875
0 0.9828125 0.303125 0.03359375 0.08125
0 0.9328125 0.4109375 0.046875 0.053125
0 0.06953125 0.38671875 0.0375 0.053125
0 0.6375 0.078125 0.03359375 0.046875
0 0.9078125 0.98671875 0.128125 0.0265625
0 0.56953125 0.28984375 0.05625 0.0625
0 0.7046875 0.40625 0.0625 0.08125