0 0.02734375 0.0296875 0.0546875 0.05625
0 0.15 0.04921875 0.0796875 0.09609375
0 0.02421875 0.2640625 0.04765625 0.05234375
0 0.278125 0.0484375 0.0875 0.096875
0 0.41015625 0.16328125 0.09609375 0.10859375
0 0.52421875 0.17109375 0.09296875 0.09296875
0 0.26640625 0.21328125 0.09609375 0.10390625
0 0.15234375 0.34765625 0.11640625 0.10078125
0 0.81875 0.0125 0.09375 0.025
0 0.62109375 0.03125 0.0796875 0.0625
0 0.7234375 0.075 0.10859375 0.12421875
0 0.86484375 0.14140625 0.071875 0.0875
0 0.6390625 0.20546875 0.0609375 0.071875
0 0.68671875 0.3015625 0.09296875 0.09609375
0 0.84453125 0.290625 0.10078125 0.12421875
0 0.9625 0.040625 0.075 0.08125
0 0.98203125 0.215625 0.0359375 0.1
0 0.04140625 0.40859375 0.0828125 0.0796875
0 0.09921875 0.50859375 0.0796875 0.0875
0 0.20625 0.503125 0.11171875 0.140625
0 0.246875 0.646875 0.10390625 0.09296875
0 0.41640625 0.78125 0.10078125 0.11171875
0 0.66171875 0.39765625 0.09609375 0.09609375
0 0.8140625 0.39296875 0.071875 0.0796875
0 0.61171875 0.51953125 0.09296875 0.10859375
0 0.89375 0.48515625 0.071875 0.071875
0 0.7984375 0.59140625 0.09296875 0.09296875
0 0.6859375 0.603125 0.071875 0.084375
0 0.534375 0.6234375 0.10390625 0.10078125
0 0.97578125 0.42890625 0.04765625 0.10390625
0 0.9703125 0.5765625 0.059375 0.0640625
0 0.1359375 0.77109375 0.09296875 0.10078125
0 0.10703125 0.90625 0.09609375 0.10078125
0 0.09140625 0.98359375 0.0796875 0.0328125
0 0.39375 0.8953125 0.0875 0.084375
0 0.22421875 0.971875 0.084375 0.05625
0 0.3703125 0.97578125 0.0796875 0.04765625
0 0.68515625 0.78125 0.09609375 0.0796875
0 0.8546875 0.8234375 0.0765625 0.06875
0 0.98203125 0.83828125 0.0359375 0.0765625
0 0.56015625 0.85234375 0.084375 0.0875
0 0.4984375 0.96015625 0.09609375 0.0796875
0 0.60546875 0.96171875 0.09609375 0.0765625
0 0.0171875 0.1453125 0.034375 0.0875
0 0.0234375 0.709375 0.04609375 0.0640625
0 0.1109375 0.6640625 0.071875 0.06875
0 0.45078125 0.2859375 0.11171875 0.128125
0 0.3828125 0.321875 0.05625 0.071875
0 0.4609375 0.046875 0.128125 0.09375
0 0.2796875 0.76484375 0.10859375 0.11171875
0 0.246875 0.8640625 0.10390625 0.11171875
0 0.35625 0.453125 0.09296875 0.10390625
0 0.70078125 0.88515625 0.10078125 0.09609375
0 0.86796875 0.959375 0.084375 0.06875
0 0.7609375 0.965625 0.071875 0.06875
0 0.56953125 0.72265625 0.0875 0.10078125
0 0.44140625 0.56953125 0.1359375 0.23125
0 0.1125 0.14609375 0.084375 0.0875
0 0.8171875 0.684375 0.071875 0.071875
0 0.9609375 0.68671875 0.078125 0.09296875