0 0.9828125 0.04765625 0.034375 0.0671875
0 0.56640625 0.39453125 0.0796875 0.06796875
0 0.97265625 0.31875 0.04453125 0.06015625
0 0.59921875 0.909375 0.05546875 0.04453125
0 0.0109375 0.08046875 0.021875 0.07421875
0 0.0171875 0.015625 0.034375 0.03125
0 0.6484375 0.45 0.03671875 0.05234375
0 0.66328125 0.4125 0.04453125 0.04765625
0 0.9234375 0.4015625 0.03203125 0.04453125
0 0.44921875 0.3828125 0.1078125 0.1078125
0 0.46953125 0.0359375 0.06015625 0.07109375
0 0.3640625 0.1234375 0.03984375 0.06015625