0 0.24375 0.03125 0.075 0.0625
0 0.13203125 0.05546875 0.08125 0.0859375
0 0.0234375 0.1375 0.046875 0.09375
0 0.1140625 0.3671875 0.0625 0.0625
0 0.4703125 0.06953125 0.090625 0.1140625
0 0.265625 0.11875 0.078125 0.075
0 0.17890625 0.184375 0.0515625 0.046875
0 0.41015625 0.1765625 0.1015625 0.140625
0 0.215625 0.271875 0.0625 0.059375
0 0.30859375 0.38125 0.0703125 0.075
0 0.22265625 0.453125 0.1328125 0.171875
0 0.89140625 0.0328125 0.0890625 0.065625
0 0.728125 0.1109375 0.090625 0.10625
0 0.8640625 0.15078125 0.09375 0.0984375
0 0.590625 0.17578125 0.078125 0.0703125
0 0.8484375 0.25390625 0.078125 0.0859375
0 0.7859375 0.32890625 0.0625 0.0703125
0 0.60859375 0.4296875 0.0515625 0.0625
0 0.96875 0.240625 0.0625 0.10625
0 0.91328125 0.340625 0.0515625 0.078125
0 0.01171875 0.478125 0.0234375 0.059375
0 0.09609375 0.48359375 0.1296875 0.1140625
0 0.01171875 0.584375 0.0234375 0.090625
0 0.09453125 0.5984375 0.0703125 0.09375
0 0.02421875 0.6625 0.0234375 0.028125
0 0.08984375 0.70703125 0.0703125 0.0859375
0 0.3734375 0.4765625 0.090625 0.109375
0 0.4890625 0.5625 0.0625 0.0625
0 0.37734375 0.6265625 0.0515625 0.04375
0 0.4921875 0.63984375 0.03125 0.0359375
0 0.24140625 0.81171875 0.0515625 0.0671875
0 0.78359375 0.45546875 0.0828125 0.0828125
0 0.47734375 0.4703125 0.0859375 0.075
0 0.70234375 0.51640625 0.0828125 0.0703125
0 0.7859375 0.559375 0.078125 0.078125
0 0.55703125 0.56171875 0.0515625 0.0359375
0 0.71171875 0.62578125 0.0703125 0.0859375
0 0.625 0.62109375 0.078125 0.0859375
0 0.79375 0.6546875 0.078125 0.075
0 0.5234375 0.72578125 0.09375 0.1140625
0 0.653125 0.71328125 0.078125 0.0828125
0 0.809375 0.7359375 0.03125 0.028125
0 0.61328125 0.80390625 0.0859375 0.0828125
0 0.52265625 0.81953125 0.0671875 0.0515625
0 0.88203125 0.821875 0.0671875 0.075
0 0.91640625 0.625 0.0515625 0.0625
0 0.94921875 0.7265625 0.0859375 0.09375
0 0.4546875 0.840625 0.090625 0.125
0 0.46875 0.978125 0.0625 0.04375
0 0.7046875 0.80703125 0.059375 0.0515625
0 0.79921875 0.8140625 0.0515625 0.04375
0 0.56328125 0.98046875 0.0546875 0.0390625
0 0.7609375 0.98203125 0.046875 0.0359375
0 0.65390625 0.98203125 0.0578125 0.0359375
0 0.96875 0.825 0.0625 0.0625
0 0.9203125 0.90234375 0.04375 0.0390625
0 0.9265625 0.98828125 0.046875 0.0234375
0 0.88984375 0.4296875 0.0515625 0.046875
0 0.90703125 0.521875 0.0859375 0.090625
0 0.6171875 0.26796875 0.09375 0.0984375
0 0.68203125 0.33984375 0.0828125 0.1015625
0 0.578125 0.3578125 0.078125 0.075
0 0.53125 0.28046875 0.09375 0.1296875
0 0.18046875 0.715625 0.0859375 0.09375
0 0.18984375 0.58671875 0.0828125 0.1015625
0 0.290625 0.5953125 0.075 0.075
0 0.2796875 0.7109375 0.075 0.078125
0 0.01171875 0.38203125 0.0234375 0.0515625
0 0.6421875 0.90234375 0.028125 0.0390625
0 0.97421875 0.109375 0.0515625 0.109375
0 0.725 0.2484375 0.075 0.075