0 0.953125 0.28125 0.09375 0.1375
0 0.81875 0.34609375 0.10625 0.12421875
0 0.45078125 0.01015625 0.09140625 0.0203125
0 0.39296875 0.06015625 0.07890625 0.0734375
0 0.65546875 0.2734375 0.128125 0.15234375
0 0.36796875 0.32265625 0.11015625 0.11015625
0 0.20703125 0.01640625 0.0546875 0.0328125
0 0.946875 0.45859375 0.10625 0.11875
0 0.9515625 0.64765625 0.096875 0.11875
0 0.68828125 0.7453125 0.09140625 0.10625
0 0.825 0.83046875 0.1375 0.1375
0 0.5234375 0.37890625 0.0734375 0.08828125
0 0.6015625 0.41875 0.08203125 0.08203125
0 0.24140625 0.44296875 0.0515625 0.0328125
0 0.53671875 0.5375 0.0734375 0.0640625
0 0.371875 0.56015625 0.128125 0.128125
0 0.384375 0.78203125 0.0515625 0.0515625
0 0.6046875 0.97265625 0.08828125 0.0546875
0 0.71640625 0.0328125 0.11015625 0.065625
0 0.65 0.93046875 0.06953125 0.0734375
0 0.75 0.96796875 0.07890625 0.0640625
0 0.64453125 0.6015625 0.0515625 0.04609375
0 0.56796875 0.7296875 0.0515625 0.0640625
0 0.47890625 0.83125 0.0421875 0.0515625
0 0.58046875 0.8734375 0.06953125 0.0515625
0 0.225 0.9625 0.128125 0.075