0 0.8015625 0.021875 0.078125 0.04375
0 0.18984375 0.0453125 0.1140625 0.090625
0 0.06171875 0.0546875 0.0984375 0.09375
0 0.053125 0.2125 0.10625 0.090625
0 0.05859375 0.3515625 0.0859375 0.09375
0 0.4578125 0.06953125 0.078125 0.0671875
0 0.31171875 0.10078125 0.0828125 0.0984375
0 0.19609375 0.203125 0.0859375 0.09375
0 0.44765625 0.19609375 0.0828125 0.0859375
0 0.28046875 0.21171875 0.0671875 0.0703125
0 0.54140625 0.28359375 0.0984375 0.0828125
0 0.3734375 0.3328125 0.090625 0.109375
0 0.953125 0.13359375 0.0625 0.0703125
0 0.7046875 0.1703125 0.090625 0.10625
0 0.68671875 0.26640625 0.0828125 0.0859375
0 0.93359375 0.4125 0.1328125 0.184375
0 0.96171875 0.22578125 0.0703125 0.0828125
0 0.0484375 0.46484375 0.096875 0.1015625
0 0.0546875 0.65078125 0.078125 0.0984375
0 0.48515625 0.42265625 0.0859375 0.1171875
0 0.38515625 0.5015625 0.0671875 0.075
0 0.978125 0.5796875 0.04375 0.059375
0 0.07421875 0.7546875 0.1015625 0.109375
0 0.075 0.88984375 0.078125 0.0828125
0 0.12421875 0.96640625 0.0703125 0.0671875
0 0.2234375 0.82265625 0.078125 0.0828125
0 0.43125 0.834375 0.10625 0.121875
0 0.3328125 0.9390625 0.109375 0.090625
0 0.20546875 0.95546875 0.0828125 0.0828125
0 0.67265625 0.50625 0.0859375 0.075
0 0.69140625 0.38671875 0.0703125 0.0859375
0 0.83984375 0.29921875 0.0859375 0.1140625
0 0.8203125 0.15703125 0.078125 0.0859375
0 0.78046875 0.921875 0.0984375 0.125
0 0.93125 0.90546875 0.075 0.0984375
0 0.60390625 0.9328125 0.0890625 0.13125
0 0.95078125 0.71875 0.0984375 0.21875
0 0.43125 0.9625 0.075 0.075
0 0.209375 0.53125 0.075 0.078125
0 0.21875 0.36640625 0.09375 0.0828125
0 0.2703125 0.30625 0.0625 0.075
0 0.59296875 0.1 0.0828125 0.10625
0 0.653125 0.03125 0.078125 0.0625
0 0.9515625 0.046875 0.090625 0.09375
0 0.8609375 0.9375 0.075 0.109375
0 0.50625 0.64453125 0.075 0.0859375
0 0.67890625 0.934375 0.0609375 0.078125