0 0.034375 0.08828125 0.06875 0.1109375
0 0.45703125 0.2015625 0.08984375 0.08984375
0 0.31328125 0.26484375 0.08984375 0.1109375
0 0.14375 0.284375 0.1109375 0.12734375
0 0.6203125 0.04296875 0.078125 0.0859375
0 0.60234375 0.1703125 0.103125 0.12734375
0 0.5578125 0.3109375 0.10625 0.10625
0 0.03984375 0.40703125 0.0796875 0.1109375
0 0.03046875 0.5453125 0.06015625 0.10625
0 0.43203125 0.34453125 0.08984375 0.09765625
0 0.309375 0.3984375 0.08984375 0.09453125
0 0.190625 0.4296875 0.10625 0.09765625
0 0.47109375 0.59296875 0.08671875 0.09765625
0 0.38125 0.65546875 0.08671875 0.09765625
0 0.271875 0.66640625 0.0734375 0.08203125
0 0.1703125 0.6953125 0.08203125 0.08984375
0 0.6 0.4390625 0.09765625 0.10625
0 0.9890625 0.46953125 0.02109375 0.103125
0 0.37421875 0.75546875 0.08203125 0.0703125
0 0.2375 0.93203125 0.0703125 0.0734375
0 0.1296875 0.9859375 0.08984375 0.028125
0 0.521875 0.07421875 0.08984375 0.08984375
0 0.67109375 0.67734375 0.0703125 0.08671875
0 0.7703125 0.44296875 0.0734375 0.08203125
0 0.875 0.67734375 0.103125 0.08671875
0 0.90703125 0.553125 0.078125 0.10625
0 0.91328125 0.3859375 0.08203125 0.08203125
0 0.7109375 0.16796875 0.06171875 0.09765625
0 0.79296875 0.78203125 0.08671875 0.08984375
0 0.97265625 0.628125 0.05390625 0.08671875
0 0.80546875 0.31640625 0.09453125 0.10625
0 0.90546875 0.2078125 0.08203125 0.09453125
0 0.3625 0.85546875 0.1140625 0.10625
0 0.23984375 0.7984375 0.13046875 0.1390625
0 0.06015625 0.78046875 0.1203125 0.1640625
0 0.0140625 0.95390625 0.028125 0.09140625
0 0.27421875 0.528125 0.078125 0.09765625
0 0.18515625 0.5734375 0.103125 0.1140625
0 0.24296875 0.13984375 0.08671875 0.10625
0 0.021875 0.26328125 0.04375 0.065625
0 0.35859375 0.11328125 0.0734375 0.08671875
0 0.353125 0.0125 0.08203125 0.02421875
0 0.2453125 0.02265625 0.103125 0.0453125
0 0.7375 0.0828125 0.08984375 0.10625
0 0.88125 0.10546875 0.15546875 0.15234375
0 0.82421875 0.6140625 0.0734375 0.08203125
0 0.75078125 0.66484375 0.0734375 0.078125
0 0.98515625 0.03125 0.0296875 0.06171875
0 0.67578125 0.83515625 0.08671875 0.08203125
0 0.53046875 0.68359375 0.08984375 0.10625
0 0.76640625 0.52421875 0.09765625 0.1140625
0 0.12109375 0.07890625 0.1140625 0.12265625
0 0.7671875 0.98828125 0.10625 0.02265625
0 0.4578125 0.78515625 0.078125 0.08984375
0 0.39765625 0.984375 0.08671875 0.03125
0 0.515625 0.46640625 0.08671875 0.1125
0 0.44453125 0.4859375 0.075 0.09609375