0 0.259375 0.1171875 0.071875 0.075
0 0.14921875 0.2015625 0.09140625 0.08359375
0 0.0328125 0.38828125 0.06484375 0.18359375
0 0.06796875 0.55859375 0.1359375 0.1421875
0 0.35546875 0.37265625 0.071875 0.09140625
0 0.20234375 0.5796875 0.10859375 0.13359375
0 0.1 0.6546875 0.0296875 0.03359375
0 0.1703125 0.678125 0.06640625 0.0796875
0 0.2671875 0.7046875 0.0546875 0.05
0 0.33359375 0.70546875 0.06328125 0.075
0 0.62734375 0.5671875 0.10859375 0.10859375
0 0.0703125 0.89609375 0.05 0.0546875
0 0.0171875 0.93984375 0.034375 0.1203125
0 0.0875 0.975 0.078125 0.05
0 0.3296875 0.8046875 0.0796875 0.1
0 0.21328125 0.78515625 0.0796875 0.1
0 0.159375 0.90703125 0.1046875 0.1296875
0 0.3296875 0.9125 0.0796875 0.08828125
0 0.246875 0.9125 0.046875 0.071875
0 0.32265625 0.99140625 0.10859375 0.01640625
0 0.47109375 0.94375 0.1640625 0.1125
0 0.38671875 0.046875 0.11640625 0.09296875
0 0.459375 0.3484375 0.08828125 0.146875
0 0.4328125 0.76484375 0.075 0.096875
0 0.42734375 0.628125 0.09140625 0.0796875
0 0.43359375 0.5171875 0.06328125 0.09140625
0 0.73359375 0.73984375 0.096875 0.0796875
0 0.26171875 0.02578125 0.13359375 0.0515625
0 0.171875 0.3765625 0.096875 0.1
0 0.07734375 0.0234375 0.125 0.046875
0 0.00546875 0.0390625 0.0109375 0.0625
0 0.02265625 0.14296875 0.0453125 0.1
0 0.7046875 0.0296875 0.0875 0.059375
0 0.559375 0.2796875 0.08828125 0.08359375
0 0.03046875 0.7 0.0609375 0.109375
0 0.02265625 0.81328125 0.0453125 0.11640625
0 0.08359375 0.7921875 0.096875 0.10859375
0 0.79140625 0.20078125 0.096875 0.075
0 0.42890625 0.2015625 0.08515625 0.09296875