0 0.11484375 0.09921875 0.0828125 0.08671875
0 0.0203125 0.196875 0.040625 0.096875
0 0.9953125 0.3 0.009375 0.121875
0 0.2265625 0.39453125 0.0828125 0.10625
0 0.05625 0.63515625 0.11171875 0.1546875
0 0.025 0.74921875 0.05 0.09296875
0 0.12421875 0.7796875 0.0640625 0.0578125
0 0.20078125 0.78125 0.0734375 0.08671875
0 0.54140625 0.6203125 0.12578125 0.12578125
0 0.196875 0.89609375 0.09296875 0.115625
0 0.06171875 0.87265625 0.09296875 0.115625
0 0.0296875 0.96796875 0.059375 0.0609375
0 0.196875 0.984375 0.09296875 0.03125
0 0.1 0.9890625 0.05390625 0.02109375
0 0.2625 0.0359375 0.13515625 0.07109375
0 0.346875 0.36640625 0.10234375 0.16953125
0 0.315625 0.84921875 0.08671875 0.11171875
0 0.31015625 0.69140625 0.10625 0.09296875
0 0.31640625 0.5625 0.0734375 0.10625
0 0.6640625 0.8203125 0.11171875 0.09296875
0 0.11796875 0.01171875 0.1546875 0.0234375
0 0.034375 0.4 0.06875 0.115625
0 0.63203125 0.01640625 0.10234375 0.0328125
0 0.4625 0.2875 0.10234375 0.096875
0 0.73203125 0.19609375 0.11171875 0.08671875
0 0.31171875 0.196875 0.0984375 0.1078125