0 0.21015625 0.01953125 0.0671875 0.0390625
0 0.31171875 0.06640625 0.1296875 0.1328125
0 0.0140625 0.2640625 0.028125 0.10625
0 0.01953125 0.4 0.0390625 0.10625
0 0.46875 0.0875 0.09375 0.090625
0 0.2953125 0.21171875 0.090625 0.1328125
0 0.15 0.24296875 0.090625 0.1015625
0 0.4375 0.32734375 0.078125 0.1140625
0 0.1390625 0.371875 0.075 0.078125
0 0.29765625 0.396875 0.1015625 0.090625
0 0.6625 0.3484375 0.10625 0.078125
0 0.54375 0.36640625 0.125 0.1140625
0 0.021875 0.77421875 0.04375 0.1015625
0 0.240625 0.5125 0.10625 0.109375
0 0.44140625 0.57421875 0.0546875 0.0859375
0 0.3203125 0.60625 0.0625 0.046875
0 0.2625 0.67265625 0.046875 0.0546875
0 0.40234375 0.68125 0.0703125 0.090625
0 0.303125 0.7171875 0.059375 0.075
0 0.490625 0.765625 0.075 0.078125
0 0.38359375 0.80703125 0.0703125 0.0828125
0 0.75390625 0.4546875 0.0390625 0.059375
0 0.64765625 0.4921875 0.0671875 0.078125
0 0.53203125 0.528125 0.0703125 0.078125
0 0.8421875 0.525 0.059375 0.075
0 0.62734375 0.6078125 0.0671875 0.075
0 0.528125 0.6375 0.0625 0.0625
0 0.81875 0.640625 0.059375 0.078125
0 0.715625 0.68125 0.0625 0.075
0 0.5921875 0.715625 0.059375 0.078125
0 0.79765625 0.76171875 0.0703125 0.0859375
0 0.69453125 0.7875 0.0515625 0.059375
0 0.94921875 0.490625 0.0546875 0.075
0 0.934375 0.60234375 0.0625 0.0703125
0 0.97578125 0.6890625 0.0359375 0.04375
0 0.91015625 0.71171875 0.0546875 0.0703125
0 0.025 0.89453125 0.05 0.1015625
0 0.18359375 0.81875 0.1015625 0.090625
0 0.47578125 0.87109375 0.0671875 0.0859375
0 0.371875 0.91015625 0.0625 0.0703125
0 0.15625 0.9453125 0.09375 0.109375
0 0.45 0.96875 0.0625 0.0625
0 0.38203125 0.984375 0.0828125 0.03125
0 0.57734375 0.83828125 0.0671875 0.0828125
0 0.89296875 0.825 0.0515625 0.0625
0 0.775 0.875 0.075 0.09375
0 0.66640625 0.903125 0.0671875 0.0625
0 0.56953125 0.95 0.0671875 0.078125
0 0.87109375 0.9453125 0.0703125 0.0625
0 0.76171875 0.9765625 0.0546875 0.046875
0 0.95546875 0.87578125 0.0359375 0.0546875
0 0.10390625 0.08984375 0.1453125 0.1484375
0 0.8671875 0.41640625 0.0625 0.0671875
0 0.96328125 0.41328125 0.0359375 0.0359375
0 0.45703125 0.2078125 0.0859375 0.078125
0 0.0921875 0.48125 0.090625 0.09375
0 0.27734375 0.82890625 0.0546875 0.0703125
0 0.25 0.94921875 0.0625 0.0546875
0 0.734375 0.2546875 0.046875 0.0625
0 0.8265625 0.1859375 0.096875 0.10625