0 0.03984375 0.27734375 0.0546875 0.0546875
0 0.01953125 0.34609375 0.0390625 0.0984375
0 0.12421875 0.31640625 0.0515625 0.0546875
0 0.59609375 0.2859375 0.0515625 0.046875
0 0.51171875 0.33671875 0.0859375 0.0703125
0 0.91015625 0.3640625 0.0859375 0.09375
0 0.15234375 0.3953125 0.0859375 0.09375
0 0.28828125 0.46484375 0.0828125 0.0703125
0 0.17890625 0.515625 0.0671875 0.078125
0 0.28359375 0.56171875 0.0828125 0.0828125
0 0.984375 0.64921875 0.03125 0.0703125
0 0.328125 0.93828125 0.09375 0.1015625
0 0.7046875 0.9453125 0.090625 0.09375
0 0.978125 0.775 0.04375 0.059375
0 0.86875 0.77421875 0.04375 0.0390625
0 0.953125 0.9390625 0.09375 0.121875
0 0.1703125 0.6578125 0.10625 0.090625
0 0.165625 0.98046875 0.075 0.0390625
0 0.19140625 0.9078125 0.0859375 0.10625
0 0.59765625 0.75078125 0.0390625 0.0390625
0 0.69375 0.84296875 0.04375 0.0515625
0 0.5078125 0.54296875 0.078125 0.0859375
0 0.2875 0.03828125 0.075 0.0671875
0 0.18828125 0.04375 0.0703125 0.078125
0 0.021875 0.01953125 0.04375 0.0390625
0 0.4359375 0.05859375 0.090625 0.0859375
0 0.61875 0.015625 0.090625 0.03125
0 0.740625 0.1171875 0.059375 0.0625
0 0.63359375 0.1 0.1015625 0.090625
0 0.43203125 0.40546875 0.0515625 0.0515625
0 0.41484375 0.259375 0.0703125 0.10625
0 0.5140625 0.203125 0.059375 0.078125
0 0.32734375 0.32421875 0.0828125 0.1015625
0 0.7875 0.37109375 0.10625 0.1015625
0 0.8296875 0.65546875 0.10625 0.0984375
0 0.8578125 0.5453125 0.090625 0.10625
0 0.76640625 0.515625 0.0859375 0.09375
0 0.70234375 0.44453125 0.0828125 0.0828125
0 0.96640625 0.53671875 0.0671875 0.1140625
0 0.0328125 0.5 0.059375 0.0625
0 0.91875 0.24296875 0.09375 0.0859375
0 0.78515625 0.86796875 0.0703125 0.0703125
0 0.88359375 0.88125 0.0546875 0.059375
0 0.725 0.7046875 0.10625 0.090625
0 0.9609375 0.82421875 0.046875 0.0546875
0 0.65078125 0.51953125 0.0515625 0.0546875
0 0.60625 0.4265625 0.046875 0.046875
0 0.45390625 0.92265625 0.0703125 0.0703125
0 0.58515625 0.8375 0.0515625 0.04375
0 0.6734375 0.34375 0.05 0.046875
0 0.40859375 0.634375 0.0359375 0.040625
0 0.25859375 0.22265625 0.071875 0.0765625
0 0.2421875 0.3140625 0.071875 0.065625