0 0.5375 0.01171875 0.10390625 0.0234375
0 0.0578125 0.04296875 0.09921875 0.0859375
0 0.9828125 0.04453125 0.034375 0.0890625
0 0.6453125 0.09140625 0.07890625 0.0875
0 0.871875 0.1 0.10390625 0.0859375
0 0.725 0.30859375 0.140625 0.1453125
0 0.8921875 0.32578125 0.07109375 0.0875
0 0.57890625 0.34921875 0.1125 0.1734375
0 0.27578125 0.0578125 0.04921875 0.0625
0 0.17890625 0.0828125 0.0875 0.07890625
0 0.50625 0.146875 0.115625 0.115625
0 0.30859375 0.19140625 0.0828125 0.0828125
0 0.40234375 0.21015625 0.09609375 0.1203125
0 0.51171875 0.28359375 0.04921875 0.0625
0 0.328125 0.31796875 0.1125 0.1203125
0 0.41796875 0.3234375 0.0546875 0.04921875
0 0.43515625 0.41640625 0.0875 0.10390625
0 0.07734375 0.30078125 0.09921875 0.1203125
0 0.971875 0.6109375 0.05625 0.0625
0 0.9890625 0.859375 0.02109375 0.09921875
0 0.815625 0.46171875 0.10703125 0.09609375
0 0.90859375 0.5703125 0.10390625 0.13671875
0 0.8171875 0.56484375 0.04921875 0.0546875
0 0.8203125 0.64765625 0.04921875 0.0546875
0 0.68515625 0.671875 0.09921875 0.1125
0 0.84765625 0.8203125 0.13671875 0.1453125
0 0.5234375 0.503125 0.115625 0.12890625
0 0.1859375 0.578125 0.10703125 0.1203125
0 0.54609375 0.82265625 0.09609375 0.090625
0 0.4296875 0.859375 0.10390625 0.0828125
0 0.62265625 0.98046875 0.2390625 0.0390625
0 0.27421875 0.92421875 0.09609375 0.09609375
0 0.4453125 0.9671875 0.09921875 0.065625
0 0.1546875 0.9953125 0.0875 0.009375
0 0.00703125 0.8796875 0.0140625 0.10625
0 0.05390625 0.95 0.0828125 0.1
0 0.96640625 0.7484375 0.0671875 0.115625
0 0.55703125 0.65546875 0.1234375 0.1453125
0 0.371875 0.5171875 0.0875 0.090625
0 0.57890625 0.94453125 0.1125 0.1109375
0 0.28828125 0.56484375 0.090625 0.10390625
0 0.0109375 0.2265625 0.02109375 0.1203125
0 0.06953125 0.1796875 0.0828125 0.09921875
0 0.18984375 0.21171875 0.115625 0.10703125
0 0.20625 0.33203125 0.09921875 0.115625
0 0.38046875 0.0765625 0.0875 0.090625
0 0.01640625 0.36640625 0.0328125 0.12890625
0 0.0890625 0.45234375 0.1125 0.09921875
0 0.24765625 0.45625 0.0828125 0.10703125
0 0.2328125 0.7265625 0.1125 0.1203125
0 0.14921875 0.82265625 0.10390625 0.090625
0 0.2453125 0.82734375 0.0875 0.090625
0 0.7109375 0.834375 0.0859375 0.10390625
0 0.95078125 0.96171875 0.0984375 0.0734375
0 0.37890625 0.65859375 0.10703125 0.11875
0 0.36484375 0.7703125 0.10234375 0.10234375
0 0.0671875 0.56328125 0.09765625 0.10078125
0 0.07734375 0.66953125 0.09921875 0.10390625
0 0.0109375 0.52109375 0.02109375 0.115625