0 0.80859375 0.0234375 0.053125 0.04609375
0 0.66484375 0.13984375 0.08515625 0.10625
0 0.83125 0.21640625 0.08828125 0.08515625
0 0.70625 0.28203125 0.09765625 0.10625
0 0.27421875 0.05 0.09375 0.09921875
0 0.8671875 0.3828125 0.08828125 0.08828125
0 0.60546875 0.36953125 0.06171875 0.09765625
0 0.71640625 0.42578125 0.08828125 0.103125
0 0.7515625 0.56953125 0.10625 0.10625
0 0.04453125 0.4203125 0.05 0.08515625
0 0.35078125 0.4359375 0.103125 0.10625
0 0.14375 0.559375 0.1421875 0.146875
0 0.37734375 0.59140625 0.08515625 0.115625
0 0.96171875 0.9484375 0.0765625 0.103125
0 0.784375 0.8046875 0.05859375 0.07109375
0 0.821875 0.92890625 0.04453125 0.053125
0 0.53671875 0.975 0.0765625 0.05
0 0.18828125 0.72265625 0.10625 0.1296875
0 0.41875 0.7734375 0.08828125 0.10625
0 0.22578125 0.87109375 0.09375 0.115625
0 0.02109375 0.8421875 0.0421875 0.13828125
0 0.26171875 0.975 0.11171875 0.05
0 0.13125 0.384375 0.07109375 0.0671875
0 0.109375 0.12109375 0.09765625 0.115625
0 0.5421875 0.22421875 0.10625 0.115625
0 0.4546875 0.1640625 0.09765625 0.11171875
0 0.33046875 0.18203125 0.09765625 0.11171875
0 0.33046875 0.296875 0.0796875 0.0765625
0 0.89453125 0.653125 0.09375 0.115625
0 0.87421875 0.53359375 0.103125 0.10625
0 0.02890625 0.6046875 0.0578125 0.1125
0 0.46796875 0.4171875 0.10625 0.1296875
0 0.6640625 0.96640625 0.09375 0.0671875
0 0.46015625 0.90703125 0.0765625 0.06171875
0 0.5140625 0.71953125 0.0671875 0.07109375
0 0.6578125 0.70234375 0.053125 0.053125
0 0.6140625 0.50390625 0.04453125 0.03515625
0 0.63125 0.58984375 0.03515625 0.040625
0 0.590625 0.03046875 0.11015625 0.06015625
0 0.70859375 0.90859375 0.08671875 0.09375