0 0.51953125 0.0875 0.0859375 0.075
0 0.01796875 0.08203125 0.0359375 0.0703125
0 0.03515625 0.2671875 0.0703125 0.075
0 0.728125 0.46015625 0.10625 0.0984375
0 0.0625 0.4140625 0.078125 0.078125
0 0.19140625 0.64296875 0.0234375 0.0359375
0 0.67109375 0.84375 0.0703125 0.09375
0 0.5546875 0.8921875 0.09375 0.121875
0 0.21796875 0.76640625 0.1015625 0.1171875
0 0.38984375 0.8765625 0.1171875 0.153125
0 0.1578125 0.91640625 0.090625 0.0984375
0 0.02265625 0.8953125 0.0390625 0.046875
0 0.08671875 0.65234375 0.0828125 0.1015625
0 0.06875 0.546875 0.090625 0.09375
0 0.97265625 0.434375 0.0546875 0.078125
0 0.88046875 0.65859375 0.0984375 0.0828125
0 0.85 0.53984375 0.075 0.1015625
0 0.84375 0.3796875 0.078125 0.078125
0 0.6953125 0.328125 0.078125 0.09375
0 0.959375 0.75703125 0.08125 0.0859375
0 0.77890625 0.61171875 0.0671875 0.0828125
0 0.70390625 0.7109375 0.0671875 0.078125
0 0.53671875 0.478125 0.0671875 0.059375
0 0.3546875 0.7203125 0.078125 0.090625
0 0.23515625 0.46796875 0.0671875 0.0828125
0 0.2046875 0.278125 0.075 0.0625
0 0.421875 0.42578125 0.078125 0.0546875
0 0.946875 0.31328125 0.090625 0.1015625
0 0.8515625 0.209375 0.078125 0.090625
0 0.98046875 0.09765625 0.0390625 0.0859375
0 0.87421875 0.11171875 0.1484375 0.1453125
0 0.92890625 0.5984375 0.0703125 0.078125
0 0.9828125 0.64609375 0.034375 0.0734375
0 0.72265625 0.03515625 0.1328125 0.0703125
0 0.65703125 0.9625 0.0828125 0.075
0 0.68828125 0.17421875 0.0828125 0.0984375
0 0.33125 0.26015625 0.078125 0.0984375
0 0.30859375 0.97421875 0.0859375 0.0515625
0 0.5578125 0.65703125 0.046875 0.0859375
0 0.4984375 0.7625 0.059375 0.0625
0 0.22578125 0.90078125 0.0703125 0.0984375
0 0.60234375 0.58046875 0.0671875 0.0671875
0 0.43359375 0.59375 0.0703125 0.0625