0 0.45078125 0.02109375 0.090625 0.0421875
0 0.26640625 0.0421875 0.09609375 0.08359375
0 0.42265625 0.1171875 0.1 0.11484375
0 0.0390625 0.12578125 0.078125 0.1234375
0 0.21015625 0.15390625 0.11796875 0.11484375
0 0.41484375 0.27421875 0.090625 0.109375
0 0.25703125 0.3109375 0.11484375 0.12734375
0 0.0828125 0.28828125 0.1 0.11796875
0 0.81875 0.0328125 0.13671875 0.065625
0 0.7203125 0.134375 0.0875 0.10546875
0 0.6234375 0.25078125 0.090625 0.12734375
0 0.73671875 0.32578125 0.12734375 0.1234375
0 0.9203125 0.20546875 0.10546875 0.12734375
0 0.3953125 0.4109375 0.11796875 0.109375
0 0.159375 0.45234375 0.13671875 0.16015625
0 0.44453125 0.54765625 0.09609375 0.1453125
0 0.01328125 0.53671875 0.0265625 0.0828125
0 0.20078125 0.5984375 0.08203125 0.1234375
0 0.05234375 0.6890625 0.06875 0.10546875
0 0.35234375 0.6796875 0.1234375 0.10546875
0 0.10234375 0.80703125 0.1328125 0.10546875
0 0.55703125 0.43828125 0.11484375 0.12734375
0 0.709375 0.48671875 0.090625 0.11484375
0 0.6 0.61328125 0.12734375 0.1328125
0 0.58984375 0.76484375 0.11484375 0.11796875
0 0.95 0.44609375 0.1 0.11796875
0 0.13671875 0.95546875 0.109375 0.0890625
0 0.40703125 0.9640625 0.0953125 0.071875
0 0.02890625 0.97265625 0.0578125 0.0546875
0 0.8546875 0.8609375 0.12734375 0.1
0 0.61875 0.95078125 0.11796875 0.0984375
0 0.8234375 0.9796875 0.109375 0.03984375
0 0.98125 0.921875 0.0375 0.096875
0 0.61328125 0.04609375 0.1 0.08203125
0 0.98359375 0.72421875 0.0328125 0.11796875
0 0.7953125 0.64765625 0.1 0.109375
0 0.7625 0.74765625 0.09609375 0.109375
0 0.34609375 0.80390625 0.1 0.1234375