0 0.0234375 0.05390625 0.046875 0.0828125
0 0.0375 0.23828125 0.075 0.1015625
0 0.54921875 0.371875 0.1140625 0.09375
0 0.709375 0.1421875 0.075 0.075
0 0.64921875 0.49140625 0.1015625 0.0984375
0 0.5078125 0.5765625 0.09375 0.075
0 0.57109375 0.696875 0.1015625 0.153125
0 0.42578125 0.765625 0.0859375 0.078125
0 0.6390625 0.79765625 0.075 0.1015625
0 0.709375 0.58046875 0.075 0.0828125
0 0.14296875 0.9625 0.0828125 0.075
0 0.36640625 0.86015625 0.0671875 0.1015625
0 0.7171875 0.83984375 0.04375 0.0390625
0 0.68125 0.9359375 0.075 0.059375
0 0.17890625 0.1328125 0.0828125 0.109375
0 0.13984375 0.78515625 0.096875 0.1015625
0 0.22578125 0.73671875 0.0671875 0.0828125
0 0.28125 0.8265625 0.078125 0.090625
0 0.4828125 0.0390625 0.059375 0.078125
0 0.65546875 0.30390625 0.0828125 0.0828125
0 0.6640625 0.046875 0.078125 0.078125
0 0.53984375 0.1265625 0.0703125 0.059375
0 0.55546875 0.953125 0.0703125 0.09375
0 0.0453125 0.84296875 0.090625 0.0671875
0 0.42109375 0.0875 0.0671875 0.075
0 0.484375 0.265625 0.078125 0.078125
0 0.28359375 0.515625 0.0828125 0.09375
0 0.48671875 0.87578125 0.0671875 0.0859375
0 0.56484375 0.86328125 0.0828125 0.0703125
0 0.2625 0.9265625 0.09375 0.078125
0 0.35546875 0.0546875 0.0859375 0.084375
0 0.27734375 0.06953125 0.0859375 0.0921875
0 0.034375 0.3953125 0.06875 0.078125
0 0.721875 0.421875 0.059375 0.1