0 0.271875 0.0296875 0.059375 0.059375
0 0.48671875 0.1 0.1140625 0.2
0 0.87578125 0.02734375 0.0703125 0.0546875
0 0.65234375 0.01953125 0.0703125 0.0390625
0 0.7125 0.11171875 0.090625 0.0984375
0 0.58984375 0.11015625 0.0703125 0.0703125
0 0.21015625 0.125 0.0984375 0.09375
0 0.0453125 0.43046875 0.090625 0.0703125
0 0.36796875 0.303125 0.1015625 0.121875
0 0.5359375 0.30078125 0.078125 0.0859375
0 0.42265625 0.40703125 0.0703125 0.1015625
0 0.32421875 0.43046875 0.0859375 0.0703125
0 0.83515625 0.13671875 0.0828125 0.0859375
0 0.66484375 0.21484375 0.0703125 0.0703125
0 0.83984375 0.24375 0.0859375 0.10625
0 0.63359375 0.32421875 0.0859375 0.0859375
0 0.94765625 0.30546875 0.0828125 0.1015625
0 0.825 0.36171875 0.09375 0.0984375
0 0.90703125 0.44609375 0.0546875 0.0390625
0 0.67265625 0.4515625 0.0703125 0.028125
0 0.98046875 0.4 0.0390625 0.090625
0 0.390625 0.11328125 0.078125 0.1484375
0 0.0296875 0.13984375 0.059375 0.1296875
0 0.06328125 0.22578125 0.0859375 0.0828125