0 0.884375 0.01484375 0.08203125 0.02890625
0 0.390625 0.0078125 0.11875 0.015625
0 0.51015625 0.0734375 0.11484375 0.1328125
0 0.22265625 0.0625 0.1453125 0.125
0 0.93203125 0.12421875 0.09609375 0.1
0 0.9265625 0.24921875 0.1 0.1234375
0 0.80078125 0.32109375 0.09609375 0.11796875
0 0.94375 0.38671875 0.109375 0.11484375
0 0.8484375 0.484375 0.06328125 0.0453125
0 0.6828125 0.1109375 0.11484375 0.1453125
0 0.34453125 0.159375 0.11796875 0.1328125
0 0.47421875 0.2484375 0.10546875 0.13671875
0 0.5984375 0.34375 0.12734375 0.12734375
0 0.3796875 0.36171875 0.090625 0.109375
0 0.728125 0.43125 0.11484375 0.10546875
0 0.49921875 0.44921875 0.08203125 0.10546875
0 0.128125 0.184375 0.11484375 0.11796875
0 0.25625 0.26640625 0.10546875 0.08203125
0 0.1578125 0.38515625 0.090625 0.0875
0 0.25625 0.4546875 0.1234375 0.10546875
0 0.05 0.47578125 0.1 0.06328125
0 0.01328125 0.03515625 0.0265625 0.0703125
0 0.04453125 0.1 0.0890625 0.0875
0 0.10234375 0.01484375 0.08203125 0.02890625
0 0.03984375 0.27734375 0.0796875 0.09609375
0 0.55234375 0.19375 0.07265625 0.08203125
0 0.62578125 0.49375 0.090625 0.03828125