0 0.95390625 0.03203125 0.0921875 0.0640625
0 0.803125 0.05703125 0.09296875 0.11328125
0 0.940625 0.1453125 0.03359375 0.0375
0 0.834375 0.19140625 0.03359375 0.05546875
0 0.76875 0.253125 0.06171875 0.07421875
0 0.2296875 0.078125 0.1171875 0.1078125
0 0.69453125 0.13125 0.0796875 0.1390625
0 0.9796875 0.553125 0.0375 0.04296875
0 0.9 0.65 0.05234375 0.06171875
0 0.384375 0.3828125 0.11171875 0.1859375
0 0.2609375 0.4078125 0.1171875 0.17265625
0 0.4921875 0.6265625 0.1484375 0.1265625
0 0.21875 0.6765625 0.10234375 0.1265625
0 0.1921875 0.51171875 0.04296875 0.12109375
0 0.865625 0.83203125 0.0984375 0.0984375
0 0.87578125 0.96484375 0.1078125 0.0703125
0 0.35234375 0.79765625 0.12109375 0.1078125
0 0.2984375 0.9921875 0.0984375 0.01484375
0 0.18984375 0.86640625 0.0375 0.09296875
0 0.509375 0.834375 0.1078125 0.1265625
0 0.378125 0.921875 0.0796875 0.07421875
0 0.56953125 0.9484375 0.1078125 0.103125
0 0.73828125 0.51796875 0.07421875 0.08359375
0 0.8828125 0.54375 0.09296875 0.0984375
0 0.94296875 0.29296875 0.11328125 0.17265625
0 0.503125 0.26875 0.0796875 0.0984375
0 0.6765625 0.9421875 0.0890625 0.1078125
0 0.7125 0.990625 0.1171875 0.01875
0 0.621875 0.45625 0.1953125 0.1765625
0 0.49375 0.08203125 0.0984375 0.1265625
0 0.42578125 0.16328125 0.0890625 0.09296875
0 0.34375 0.103125 0.07421875 0.08359375
0 0.33359375 0.65234375 0.10234375 0.11171875
0 0.57421875 0.1828125 0.1078125 0.10234375
0 0.64296875 0.303125 0.0890625 0.11171875
0 0.6671875 0.63828125 0.0890625 0.08359375
0 0.77890625 0.76328125 0.040625 0.05234375
0 0.2859375 0.215625 0.10234375 0.15078125