0 0.12421875 0.05859375 0.0703125 0.06484375
0 0.01953125 0.00859375 0.0390625 0.01640625
0 0.39765625 0.09453125 0.05546875 0.05546875
0 0.34765625 0.18984375 0.0703125 0.0703125
0 0.29921875 0.43046875 0.13046875 0.12109375
0 0.49375 0.1234375 0.06171875 0.08359375
0 0.8625 0.121875 0.05546875 0.06171875
0 0.76640625 0.1765625 0.1171875 0.1453125
0 0.58046875 0.2015625 0.0984375 0.12109375
0 0.465625 0.215625 0.06171875 0.07421875
0 0.8828125 0.23046875 0.0890625 0.09296875
0 0.77421875 0.309375 0.10234375 0.10234375
0 0.60390625 0.334375 0.0890625 0.1078125
0 0.9515625 0.13359375 0.096875 0.1453125
0 0.971875 0.3 0.05546875 0.10625
0 0.884375 0.384375 0.09296875 0.0890625
0 0.18125 0.515625 0.06171875 0.06171875
0 0.05078125 0.54921875 0.0984375 0.0984375
0 0.43828125 0.5203125 0.11171875 0.0890625
0 0.23046875 0.6140625 0.07421875 0.0984375
0 0.109375 0.6171875 0.09296875 0.0890625
0 0.3265625 0.74375 0.0984375 0.1078125
0 0.17109375 0.753125 0.1265625 0.1078125
0 0.33515625 0.87578125 0.0796875 0.11171875
0 0.6078125 0.4765625 0.0890625 0.1390625
0 0.75 0.48125 0.06484375 0.07421875
0 0.84296875 0.58046875 0.10234375 0.1171875
0 0.5359375 0.6234375 0.08359375 0.0796875
0 0.68125 0.615625 0.06484375 0.07421875
0 0.62734375 0.746875 0.0796875 0.0890625
0 0.78515625 0.7484375 0.0796875 0.0796875
0 0.47578125 0.75390625 0.0375 0.04296875
0 0.65703125 0.89296875 0.08359375 0.1171875
0 0.94296875 0.47734375 0.0796875 0.0890625
0 0.93046875 0.77578125 0.0984375 0.0984375
0 0.98671875 0.87109375 0.02578125 0.06484375
0 0.2890625 0.9796875 0.1359375 0.040625
0 0.6703125 0.984375 0.0984375 0.03125
0 0.8875 0.9375 0.17265625 0.12421875
0 0.4703125 0.95859375 0.121875 0.0828125
0 0.57265625 0.03984375 0.13046875 0.0796875
0 0.04296875 0.7453125 0.08515625 0.13046875
0 0.04765625 0.8828125 0.09453125 0.1265625
0 0.1796875 0.90390625 0.10234375 0.10234375
0 0.03125 0.12109375 0.0625 0.0703125
0 0.309375 0.05703125 0.10234375 0.0984375
0 0.78046875 0.04765625 0.1078125 0.09453125
0 0.87734375 0.03359375 0.1078125 0.0671875
0 0.37890625 0.6515625 0.09296875 0.0796875
0 0.48984375 0.88671875 0.06484375 0.0703125
0 0.15546875 0.01484375 0.06484375 0.0296875
0 0.1 0.2640625 0.09296875 0.096875
0 0.20546875 0.20625 0.1171875 0.11875
0 0.1390625 0.134375 0.06328125 0.05
0 0.28046875 0.27890625 0.09296875 0.1078125
0 0.4640625 0.30546875 0.05 0.05
0 0.328125 0.58046875 0.0765625 0.08203125