0 0.3203125 0.0296875 0.11015625 0.059375
0 0.090625 0.028125 0.1234375 0.05546875
0 0.54296875 0.0109375 0.10625 0.021875
0 0.121875 0.16484375 0.1015625 0.1234375
0 0.37421875 0.16640625 0.08984375 0.09296875
0 0.025 0.19765625 0.05 0.1234375
0 0.42734375 0.34140625 0.13203125 0.13203125
0 0.7890625 0.05625 0.11796875 0.09296875
0 0.5703125 0.14921875 0.11015625 0.11015625
0 0.76015625 0.20625 0.1015625 0.11484375
0 0.69453125 0.3859375 0.09765625 0.14375
0 0.94375 0.1140625 0.10625 0.0875
0 0.9234375 0.3453125 0.07265625 0.08984375
0 0.271875 0.5796875 0.13203125 0.13515625
0 0.45859375 0.57109375 0.1234375 0.13515625
0 0.06328125 0.62890625 0.09296875 0.10625
0 0.16875 0.75078125 0.11796875 0.10625
0 0.38515625 0.82421875 0.11484375 0.11796875
0 0.66875 0.59453125 0.08125 0.09765625
0 0.8375 0.63671875 0.0640625 0.0640625
0 0.61015625 0.840625 0.09765625 0.1234375
0 0.79140625 0.8921875 0.08984375 0.1015625
0 0.97265625 0.48515625 0.05390625 0.09765625
0 0.90625 0.5953125 0.10625 0.13984375
0 0.9875 0.590625 0.025 0.05546875
0 0.98515625 0.67421875 0.0296875 0.0546875
0 0.94921875 0.8515625 0.1015625 0.1484375
0 0.225 0.93671875 0.09765625 0.08984375
0 0.11328125 0.94765625 0.11796875 0.1046875
0 0.0328125 0.98125 0.065625 0.0375
0 0.83984375 0.77890625 0.084375 0.11796875
0 0.190625 0.40390625 0.11484375 0.11484375