0 0.55234375 0.0328125 0.109375 0.065625
0 0.6203125 0.228125 0.0875 0.1
0 0.52578125 0.2953125 0.07265625 0.09609375
0 0.3046875 0.034375 0.078125 0.06875
0 0.178125 0.0984375 0.1234375 0.10546875
0 0.31875 0.1609375 0.078125 0.08203125
0 0.171875 0.26015625 0.1 0.109375
0 0.03125 0.0875 0.06171875 0.109375
0 0.47734375 0.63125 0.078125 0.10546875
0 0.21171875 0.3921875 0.17265625 0.11796875
0 0.38984375 0.58359375 0.08203125 0.109375
0 0.1765625 0.6078125 0.090625 0.11484375
0 0.3171875 0.68515625 0.08203125 0.10546875
0 0.15390625 0.72890625 0.11796875 0.12734375
0 0.49296875 0.76171875 0.0875 0.1234375
0 0.3328125 0.81640625 0.10546875 0.1421875
0 0.15234375 0.88671875 0.090625 0.09609375
0 0.121875 0.96796875 0.12734375 0.06328125
0 0.26171875 0.97265625 0.109375 0.0546875
0 0.0140625 0.80546875 0.028125 0.0953125
0 0.025 0.95625 0.05 0.084375
0 0.80703125 0.9859375 0.0671875 0.028125
0 0.79296875 0.8875 0.0875 0.090625
0 0.78515625 0.8046875 0.07265625 0.078125
0 0.49296875 0.9453125 0.10546875 0.109375
0 0.78515625 0.59609375 0.12734375 0.12734375
0 0.69609375 0.46796875 0.0875 0.078125
0 0.7828125 0.44296875 0.11484375 0.1546875
0 0.63203125 0.38515625 0.11484375 0.1421875
0 0.42109375 0.065625 0.1 0.12734375
0 0.5125 0.159375 0.109375 0.11484375
0 0.38359375 0.3046875 0.10546875 0.11484375
0 0.628125 0.934375 0.11484375 0.13125
0 0.0203125 0.46875 0.03984375 0.090625
0 0.0203125 0.27734375 0.03984375 0.09609375
0 0.7953125 0.11484375 0.078125 0.090625
0 0.80390625 0.26796875 0.109375 0.1328125
0 0.98359375 0.9390625 0.0328125 0.121875
0 0.91015625 0.95703125 0.09609375 0.08515625
0 0.41640625 0.86484375 0.07265625 0.08203125
0 0.65234375 0.55078125 0.07265625 0.090625
0 0.63828125 0.63984375 0.06875 0.06875
0 0.6265625 0.721875 0.08203125 0.0875
0 0.6328125 0.8234375 0.10546875 0.090625
0 0.69921875 0.75078125 0.06328125 0.109375
0 0.7984375 0.71328125 0.090625 0.09609375