0 0.06953125 0.0890625 0.084375 0.08828125
0 0.13203125 0.21015625 0.18671875 0.14921875
0 0.090625 0.39375 0.059375 0.07265625
0 0.23046875 0.03046875 0.084375 0.0609375
0 0.45625 0.04765625 0.115625 0.09453125
0 0.34921875 0.1421875 0.11875 0.0984375
0 0.2109375 0.16015625 0.08984375 0.08984375
0 0.109375 0.5359375 0.07265625 0.06796875
0 0.1109375 0.715625 0.09296875 0.0984375
0 0.35234375 0.571875 0.1015625 0.08984375
0 0.459375 0.5578125 0.1015625 0.08125
0 0.4703125 0.68203125 0.11015625 0.140625
0 0.2390625 0.7078125 0.084375 0.10703125
0 0.48671875 0.8109375 0.08125 0.09296875
0 0.35390625 0.82734375 0.0984375 0.1015625
0 0.65078125 0.42578125 0.08125 0.1015625
0 0.77734375 0.53984375 0.09296875 0.09296875
0 0.7609375 0.6703125 0.0984375 0.12734375
0 0.89375 0.659375 0.10703125 0.115625
0 0.753125 0.81796875 0.08984375 0.10703125
0 0.1515625 0.87109375 0.08984375 0.08125
0 0.07109375 0.9625 0.08125 0.07421875
0 0.153125 0.98671875 0.05 0.0265625
0 0.253125 0.8484375 0.07265625 0.09296875
0 0.55546875 0.93125 0.05625 0.08984375
0 0.40234375 0.94375 0.08984375 0.08125
0 0.2890625 0.953125 0.09296875 0.08984375
0 0.865625 0.8171875 0.0765625 0.115625
0 0.99375 0.82734375 0.01171875 0.05078125
0 0.91015625 0.9140625 0.0984375 0.10703125
0 0.6421875 0.8375 0.0640625 0.08125
0 0.65 0.9203125 0.11015625 0.11875
0 0.79296875 0.9390625 0.15234375 0.115625
0 0.74375 0.3203125 0.0984375 0.115625
0 0.834375 0.1234375 0.10703125 0.1359375
0 0.9765625 0.1046875 0.046875 0.115625
0 0.859375 0.33125 0.0984375 0.11015625
0 0.9109375 0.540625 0.07265625 0.0984375
0 0.90859375 0.42890625 0.1015625 0.11875
0 0.63203125 0.684375 0.1015625 0.0984375
0 0.64453125 0.55625 0.09296875 0.11875
0 0.67265625 0.1390625 0.16640625 0.14921875
0 0.21796875 0.48359375 0.12734375 0.11015625
0 0.20234375 0.359375 0.10703125 0.0984375
0 0.4765625 0.453125 0.11875 0.1234375
0 0.48984375 0.3421875 0.115625 0.13203125
0 0.45625 0.1796875 0.08125 0.1015625
0 0.5234375 0.25 0.0984375 0.10703125
0 0.34453125 0.46640625 0.09453125 0.09140625
0 0.3671875 0.69453125 0.0796875 0.10859375