0 0.54375 0.05078125 0.07734375 0.08828125
0 0.66875 0.065625 0.09296875 0.09609375
0 0.28984375 0.05703125 0.08515625 0.1015625
0 0.8609375 0.1078125 0.08515625 0.07734375
0 0.9375 0.1953125 0.07734375 0.07265625
0 0.85859375 0.23515625 0.0484375 0.05625
0 0.946875 0.2953125 0.08046875 0.07265625
0 0.92109375 0.396875 0.07734375 0.09296875
0 0.76484375 0.0859375 0.06875 0.08828125
0 0.478125 0.16484375 0.053125 0.08515625
0 0.62265625 0.1765625 0.08515625 0.07734375
0 0.73046875 0.1859375 0.08828125 0.08515625
0 0.540625 0.27890625 0.08828125 0.08828125
0 0.734375 0.33515625 0.0484375 0.05625
0 0.81875 0.34609375 0.07265625 0.08515625
0 0.6265625 0.34921875 0.08828125 0.09296875
0 0.5125 0.36953125 0.03203125 0.0453125
0 0.184375 0.05625 0.07265625 0.109375
0 0.3890625 0.28125 0.0640625 0.09296875
0 0.0671875 0.29375 0.0640625 0.06875
0 0.2234375 0.3453125 0.0640625 0.07734375
0 0.0734375 0.4234375 0.08515625 0.08828125
0 0.0390625 0.065625 0.05625 0.0484375
0 0.91796875 0.52578125 0.07734375 0.09296875
0 0.91796875 0.68515625 0.09296875 0.1125
0 0.915625 0.853125 0.08828125 0.1015625
0 0.8046875 0.4765625 0.06875 0.08828125
0 0.79765625 0.5953125 0.07734375 0.08515625
0 0.6984375 0.63671875 0.05625 0.08046875
0 0.58125 0.63671875 0.05625 0.0640625
0 0.5375 0.73359375 0.08828125 0.1046875
0 0.09453125 0.52890625 0.08046875 0.09609375
0 0.2078125 0.57890625 0.07265625 0.109375
0 0.3890625 0.6390625 0.0640625 0.08515625
0 0.05703125 0.64140625 0.08515625 0.08046875
0 0.16015625 0.6859375 0.03984375 0.03984375
0 0.2265625 0.73515625 0.07734375 0.08515625
0 0.396875 0.8484375 0.09609375 0.1015625
0 0.9171875 0.9828125 0.053125 0.03359375
0 0.5453125 0.92734375 0.09609375 0.09296875
0 0.796875 0.93125 0.08515625 0.09609375
0 0.70390625 0.98046875 0.07734375 0.03828125
0 0.040625 0.89296875 0.08125 0.0953125
0 0.3390625 0.9671875 0.09296875 0.065625
0 0.72421875 0.42890625 0.08515625 0.09296875
0 0.69765625 0.53984375 0.08046875 0.08046875
0 0.37421875 0.43515625 0.109375 0.1015625
0 0.534375 0.51484375 0.08515625 0.09296875
0 0.50078125 0.44375 0.05625 0.0640625
0 0.14140625 0.1484375 0.09296875 0.1015625
0 0.3953125 0.07578125 0.0609375 0.07734375
0 0.38828125 0.1546875 0.1046875 0.1125
0 0.21953125 0.18515625 0.07265625 0.07734375
0 0.23828125 0.909375 0.109375 0.13359375
0 0.18125 0.9765625 0.08828125 0.046875
0 0.80546875 0.74140625 0.0609375 0.0640625
0 0.69765625 0.82578125 0.09609375 0.1046875
0 0.671875 0.27578125 0.0453125 0.05625
0 0.2875 0.1546875 0.0640625 0.08046875