0 0.0921875 0.05859375 0.184375 0.1171875
0 0.2671875 0.14765625 0.090625 0.096875
0 0.1421875 0.18203125 0.075 0.0671875
0 0.278125 0.240625 0.078125 0.075
0 0.0640625 0.31484375 0.059375 0.0671875
0 0.19921875 0.37890625 0.0703125 0.0859375
0 0.3890625 0.2203125 0.090625 0.1375
0 0.4921875 0.2953125 0.09375 0.10625
0 0.59375 0.32890625 0.078125 0.0703125
0 0.4078125 0.375 0.075 0.0625
0 0.31484375 0.35390625 0.0671875 0.0828125
0 0.6921875 0.17265625 0.109375 0.0859375
0 0.73125 0.39765625 0.03125 0.1140625
0 0.090625 0.40859375 0.0625 0.0828125
0 0.02734375 0.45390625 0.0546875 0.0546875
0 0.24375 0.5953125 0.075 0.090625
0 0.0953125 0.65546875 0.10625 0.0984375
0 0.26484375 0.7125 0.0828125 0.10625
0 0.51640625 0.4109375 0.0859375 0.09375
0 0.4046875 0.49453125 0.090625 0.0828125
0 0.6796875 0.4578125 0.109375 0.125
0 0.375 0.61953125 0.0625 0.0671875
0 0.0234375 0.80390625 0.046875 0.0828125
0 0.0375 0.96875 0.075 0.0625
0 0.709375 0.8921875 0.075 0.075
0 0.17890625 0.8828125 0.0828125 0.109375
0 0.50859375 0.0171875 0.0515625 0.034375
0 0.578125 0.07421875 0.0625 0.0546875
0 0.11875 0.53046875 0.075 0.0984375
0 0.20390625 0.496875 0.0546875 0.078125
0 0.30546875 0.4890625 0.0703125 0.0625
0 0.6171875 0.5546875 0.078125 0.09375
0 0.53515625 0.50390625 0.0703125 0.0703125
0 0.48828125 0.5765625 0.0859375 0.090625
0 0.4078125 0.7171875 0.075 0.075
0 0.4828125 0.7890625 0.059375 0.078125
0 0.6640625 0.796875 0.078125 0.078125
0 0.53984375 0.8765625 0.0703125 0.059375
0 0.33984375 0.8046875 0.0546875 0.078125
0 0.41875 0.8359375 0.0625 0.078125
0 0.625 0.66328125 0.09375 0.0828125
0 0.54296875 0.73671875 0.1171875 0.1140625
0 0.67265625 0.06328125 0.0703125 0.0859375
0 0.26796875 0.8203125 0.0828125 0.09375
0 0.16484375 0.259375 0.0703125 0.075