0 0.459375 0.05546875 0.075 0.0859375
0 0.3375 0.0703125 0.090625 0.09375
0 0.70546875 0.06171875 0.0828125 0.0984375
0 0.15078125 0.1109375 0.0828125 0.075
0 0.0765625 0.19609375 0.075 0.0703125
0 0.153125 0.23515625 0.046875 0.0546875
0 0.0671875 0.29296875 0.078125 0.0703125
0 0.0921875 0.3921875 0.075 0.090625
0 0.24453125 0.08984375 0.0671875 0.0859375
0 0.52265625 0.16640625 0.0515625 0.0828125
0 0.38203125 0.178125 0.0828125 0.075
0 0.27734375 0.18671875 0.0859375 0.0828125
0 0.46171875 0.27734375 0.0859375 0.0859375
0 0.2734375 0.33203125 0.046875 0.0546875
0 0.19140625 0.34296875 0.0703125 0.0828125
0 0.37890625 0.3453125 0.0859375 0.090625
0 0.4890625 0.365625 0.03125 0.04375
0 0.80859375 0.0609375 0.0703125 0.10625
0 0.609375 0.2796875 0.0625 0.090625
0 0.921875 0.29140625 0.0625 0.0671875
0 0.7703125 0.3421875 0.0625 0.075
0 0.91640625 0.41796875 0.0828125 0.0859375
0 0.94921875 0.0703125 0.0546875 0.046875
0 0.0953125 0.5171875 0.075 0.090625
0 0.0953125 0.671875 0.090625 0.109375
0 0.09765625 0.83515625 0.0859375 0.0984375
0 0.20546875 0.46953125 0.0671875 0.0859375
0 0.2125 0.58515625 0.075 0.0828125
0 0.30859375 0.625 0.0546875 0.078125
0 0.42265625 0.625 0.0546875 0.0625
0 0.46484375 0.71953125 0.0859375 0.1015625
0 0.8953125 0.5203125 0.078125 0.09375
0 0.78515625 0.56875 0.0703125 0.10625
0 0.609375 0.62734375 0.0625 0.0828125
0 0.93203125 0.6296875 0.0828125 0.078125
0 0.83203125 0.67265625 0.0390625 0.0390625
0 0.7671875 0.72109375 0.075 0.0828125
0 0.6015625 0.83046875 0.09375 0.0984375
0 0.09609375 0.97265625 0.0515625 0.0546875
0 0.4578125 0.9078125 0.09375 0.090625
0 0.21328125 0.9109375 0.0828125 0.09375
0 0.303125 0.9703125 0.075 0.059375
0 0.9546875 0.875 0.090625 0.09375
0 0.6578125 0.95703125 0.090625 0.0859375
0 0.28359375 0.4234375 0.0828125 0.090625
0 0.309375 0.53125 0.078125 0.078125
0 0.6234375 0.42890625 0.10625 0.0984375
0 0.46796875 0.50625 0.0828125 0.090625
0 0.50078125 0.4375 0.0546875 0.0625
0 0.85 0.15078125 0.090625 0.0984375
0 0.603125 0.0796875 0.059375 0.075
0 0.61015625 0.15625 0.1015625 0.109375
0 0.77421875 0.1859375 0.0703125 0.075
0 0.75625 0.88984375 0.10625 0.1296875
0 0.81171875 0.96640625 0.0859375 0.0671875
0 0.2046875 0.7265625 0.059375 0.0625
0 0.309375 0.80859375 0.09375 0.1015625
0 0.334375 0.27421875 0.04375 0.0546875
0 0.7078125 0.15625 0.0625 0.078125