0 0.1765625 0.12578125 0.071875 0.07578125
0 0.44140625 0.0484375 0.1140625 0.096875
0 0.465625 0.18125 0.07578125 0.10078125
0 0.971875 0.0421875 0.05625 0.0625
0 0.740625 0.19375 0.0859375 0.11015625
0 0.01796875 0.31640625 0.0359375 0.10078125
0 0.1359375 0.3390625 0.08203125 0.0859375
0 0.01640625 0.47734375 0.03203125 0.0953125
0 0.12578125 0.50390625 0.11015625 0.11015625
0 0.04453125 0.5734375 0.08203125 0.1046875
0 0.1796875 0.70078125 0.0859375 0.1046875
0 0.26796875 0.3234375 0.053125 0.053125
0 0.2515625 0.45078125 0.06640625 0.11015625
0 0.33203125 0.51171875 0.06640625 0.1328125
0 0.6578125 0.51640625 0.12890625 0.1234375
0 0.70703125 0.59296875 0.03828125 0.034375
0 0.534375 0.62421875 0.11015625 0.1046875
0 0.3140625 0.65078125 0.07578125 0.08203125
0 0.928125 0.32734375 0.09140625 0.09140625
0 0.790625 0.39375 0.09140625 0.09140625
0 0.76640625 0.58203125 0.034375 0.03828125
0 0.76484375 0.64609375 0.02890625 0.034375
0 0.05859375 0.85078125 0.1171875 0.1390625
0 0.03515625 0.97109375 0.0703125 0.05703125
0 0.4421875 0.7140625 0.06640625 0.08203125
0 0.678125 0.7359375 0.04375 0.053125
0 0.26484375 0.7984375 0.0859375 0.1484375
0 0.3671875 0.96640625 0.071875 0.06640625
0 0.634375 0.978125 0.11953125 0.04375
0 0.87734375 0.715625 0.1390625 0.16171875
0 0.753125 0.73203125 0.053125 0.053125
0 0.7953125 0.921875 0.11953125 0.12890625
0 0.91953125 0.96640625 0.10078125 0.06640625
0 0.0140625 0.11328125 0.028125 0.0921875
0 0.1765625 0.0203125 0.053125 0.03984375
0 0.83203125 0.58203125 0.02890625 0.03828125
0 0.5 0.25859375 0.09140625 0.1140625
0 0.46953125 0.359375 0.05703125 0.07578125
0 0.3453125 0.2703125 0.08203125 0.11015625
0 0.36328125 0.37421875 0.071875 0.071875
0 0.290625 0.14375 0.071875 0.08203125
0 0.09765625 0.684375 0.08203125 0.11015625