0 0.0609375 0.021875 0.10625 0.04375
0 0.26328125 0.0328125 0.0828125 0.065625
0 0.15625 0.06171875 0.09375 0.1140625
0 0.51484375 0.0390625 0.0984375 0.078125
0 0.7484375 0.0375 0.090625 0.075
0 0.63359375 0.071875 0.0859375 0.10625
0 0.040625 0.11484375 0.08125 0.0734375
0 0.34375 0.2 0.109375 0.109375
0 0.475 0.27421875 0.090625 0.1015625
0 0.31875 0.3203125 0.090625 0.109375
0 0.1375 0.32265625 0.09375 0.1140625
0 0.746875 0.14453125 0.109375 0.1015625
0 0.63203125 0.28203125 0.0921875 0.1015625
0 0.571875 0.4265625 0.10625 0.109375
0 0.93359375 0.06875 0.1015625 0.090625
0 0.90625 0.19921875 0.09375 0.1171875
0 0.04296875 0.58515625 0.0859375 0.1140625
0 0.31328125 0.609375 0.0390625 0.046875
0 0.25078125 0.7265625 0.0859375 0.09375
0 0.37578125 0.8171875 0.0859375 0.09375
0 0.68671875 0.4515625 0.0828125 0.121875
0 0.57421875 0.559375 0.1015625 0.109375
0 0.684375 0.57265625 0.09375 0.0828125
0 0.81484375 0.7125 0.0984375 0.121875
0 0.67421875 0.73046875 0.1140625 0.1171875
0 0.54609375 0.71875 0.0984375 0.109375
0 0.78203125 0.8359375 0.0859375 0.09375
0 0.9859375 0.7390625 0.028125 0.078125
0 0.97265625 0.8609375 0.0546875 0.090625
0 0.06484375 0.98828125 0.0828125 0.0234375
0 0.2546875 0.87109375 0.109375 0.1015625
0 0.1609375 0.94375 0.078125 0.10625
0 0.3359375 0.94609375 0.078125 0.0859375
0 0.51640625 0.871875 0.1015625 0.109375
0 0.66328125 0.87890625 0.0984375 0.1015625
0 0.73359375 0.96484375 0.0984375 0.0703125
0 0.4921875 0.96875 0.09375 0.0625
0 0.6328125 0.9859375 0.078125 0.028125
0 0.8734375 0.88671875 0.059375 0.0703125
0 0.96875 0.965625 0.0625 0.0625
0 0.9046875 0.38671875 0.090625 0.1328125
0 0.978125 0.31953125 0.04375 0.0515625
0 0.96484375 0.43671875 0.0546875 0.0828125
0 0.23515625 0.25234375 0.0859375 0.1140625
0 0.25234375 0.13203125 0.0828125 0.096875
0 0.1453125 0.2078125 0.078125 0.09375
0 0.04296875 0.23828125 0.0859375 0.1015625
0 0.03125 0.3515625 0.0625 0.109375
0 0.36796875 0.0640625 0.1015625 0.10625
0 0.453125 0.14296875 0.09375 0.1140625
0 0.5546875 0.1484375 0.09375 0.109375
0 0.23046875 0.384375 0.1015625 0.121875
0 0.1265625 0.465625 0.10625 0.09375
0 0.021875 0.72578125 0.04375 0.1140625
0 0.06953125 0.81640625 0.0984375 0.0859375
0 0.140625 0.56796875 0.1 0.0890625
0 0.13359375 0.66171875 0.0890625 0.0953125
0 0.23515625 0.525 0.0890625 0.103125
0 0.3203125 0.4609375 0.09375 0.109375
0 0.459375 0.5734375 0.096875 0.1
0 0.41015625 0.6546875 0.1015625 0.10625
0 0.71171875 0.290625 0.0796875 0.096875
0 0.8046875 0.3046875 0.09375 0.09375
0 0.81015625 0.44453125 0.0890625 0.1078125
0 0.82421875 0.55234375 0.0921875 0.0890625
0 0.91796875 0.66015625 0.0609375 0.0703125
0 0.90625 0.78671875 0.0625 0.0796875