0 0.0515625 0.0953125 0.09375 0.10625
0 0.46953125 0.20390625 0.0859375 0.0859375
0 0.33203125 0.2640625 0.0859375 0.10625
0 0.1703125 0.2828125 0.10625 0.121875
0 0.6265625 0.046875 0.075 0.09375
0 0.60859375 0.1734375 0.0984375 0.121875
0 0.56640625 0.30859375 0.1015625 0.1015625
0 0.05859375 0.4 0.1015625 0.10625
0 0.04765625 0.53203125 0.0859375 0.1015625
0 0.44609375 0.340625 0.0859375 0.09375
0 0.32890625 0.3921875 0.0859375 0.090625
0 0.21484375 0.421875 0.1015625 0.09375
0 0.48359375 0.578125 0.0828125 0.09375
0 0.39765625 0.6375 0.0828125 0.09375
0 0.29296875 0.6484375 0.0703125 0.078125
0 0.1953125 0.67578125 0.078125 0.0859375
0 0.60625 0.43046875 0.09375 0.1015625
0 0.984375 0.46015625 0.03125 0.0984375
0 0.390625 0.73359375 0.078125 0.0671875
0 0.26015625 0.90234375 0.0671875 0.0703125
0 0.15703125 0.9703125 0.0859375 0.059375
0 0.53203125 0.08203125 0.0859375 0.0859375
0 0.67421875 0.65859375 0.0671875 0.0828125
0 0.76953125 0.434375 0.0703125 0.078125
0 0.86953125 0.65859375 0.0984375 0.0828125
0 0.9 0.53984375 0.075 0.1015625
0 0.90625 0.3796875 0.078125 0.078125
0 0.7125 0.171875 0.059375 0.09375
0 0.79140625 0.75859375 0.0828125 0.0859375
0 0.96875 0.61171875 0.0625 0.0828125
0 0.803125 0.31328125 0.090625 0.1015625
0 0.8984375 0.209375 0.078125 0.090625
0 0.3796875 0.82890625 0.109375 0.1015625
0 0.2625 0.77421875 0.125 0.1328125
0 0.08984375 0.7578125 0.1171875 0.15625
0 0.0296875 0.9265625 0.059375 0.09375
0 0.2953125 0.515625 0.075 0.09375
0 0.21015625 0.559375 0.0984375 0.109375
0 0.26484375 0.14453125 0.0828125 0.1015625
0 0.04140625 0.2625 0.0671875 0.0625
0 0.37578125 0.11953125 0.0703125 0.0828125
0 0.3703125 0.0171875 0.078125 0.034375
0 0.26796875 0.02734375 0.0984375 0.0546875
0 0.73828125 0.08984375 0.0859375 0.1015625
0 0.87578125 0.11171875 0.1484375 0.1453125
0 0.82109375 0.5984375 0.0703125 0.078125
0 0.75078125 0.646875 0.0703125 0.075
0 0.98046875 0.03515625 0.0390625 0.0703125
0 0.67890625 0.809375 0.0828125 0.078125
0 0.53984375 0.66484375 0.0859375 0.1015625
0 0.765625 0.5125 0.09375 0.109375
0 0.1484375 0.08671875 0.109375 0.1171875
0 0.76640625 0.97109375 0.1015625 0.0515625
0 0.4703125 0.76171875 0.075 0.0859375
0 0.41328125 0.96875 0.0828125 0.0625
0 0.52578125 0.45703125 0.0828125 0.1078125
0 0.4578125 0.47578125 0.071875 0.0921875