0 0.10546875 0.2078125 0.090625 0.09453125
0 0.2953125 0.0328125 0.09375 0.065625
0 0.48671875 0.0546875 0.090625 0.109375
0 0.2015625 0.12734375 0.09453125 0.10390625
0 0.390625 0.159375 0.09453125 0.08125
0 0.60390625 0.21796875 0.09453125 0.10390625
0 0.31640625 0.26875 0.028125 0.028125
0 0.6640625 0.0453125 0.09453125 0.090625
0 0.8234375 0.06875 0.08125 0.1
0 0.9640625 0.15546875 0.071875 0.10390625
0 0.86328125 0.20078125 0.06640625 0.08125
0 0.740625 0.23515625 0.06640625 0.0625
0 0.965625 0.29921875 0.06875 0.1078125
0 0.090625 0.0421875 0.090625 0.084375
0 0.03046875 0.14140625 0.06015625 0.15078125
0 0.496875 0.27421875 0.08125 0.10390625
0 0.41796875 0.3609375 0.1 0.08125
0 0.15078125 0.38046875 0.07578125 0.0625
0 0.21875 0.31015625 0.090625 0.1
0 0.03984375 0.2921875 0.07890625 0.09453125
0 0.5984375 0.3765625 0.08125 0.0734375