0 0.05625 0.02265625 0.09375 0.0453125
0 0.371875 0.04609375 0.08203125 0.0921875
0 0.20546875 0.078125 0.08671875 0.103125
0 0.346875 0.16015625 0.08984375 0.103125
0 0.01796875 0.1671875 0.0359375 0.11171875
0 0.1546875 0.19296875 0.10625 0.103125
0 0.3390625 0.3015625 0.08203125 0.0984375
0 0.19765625 0.334375 0.103125 0.11484375
0 0.04296875 0.3140625 0.08515625 0.10625
0 0.53515625 0.01328125 0.05703125 0.0265625
0 0.79765625 0.03203125 0.0734375 0.0640625
0 0.70390625 0.071875 0.12265625 0.08203125
0 0.61484375 0.17578125 0.07890625 0.0953125
0 0.528125 0.28046875 0.08203125 0.11484375
0 0.6296875 0.34765625 0.11484375 0.11171875
0 0.978125 0.19296875 0.04375 0.1359375
0 0.7953125 0.2390625 0.0953125 0.11484375
0 0.9515625 0.2984375 0.0703125 0.0625
0 0.98671875 0.41875 0.0265625 0.103125
0 0.321875 0.42421875 0.10625 0.0984375
0 0.109375 0.4625 0.12265625 0.14453125
0 0.36640625 0.54765625 0.08671875 0.13125
0 0.146875 0.59375 0.0734375 0.11171875
0 0.021875 0.67578125 0.04375 0.0953125
0 0.28359375 0.6671875 0.11171875 0.0953125
0 0.059375 0.78203125 0.11796875 0.0953125
0 0.46796875 0.44921875 0.103125 0.11484375
0 0.6046875 0.49296875 0.08203125 0.103125
0 0.50625 0.60703125 0.11484375 0.11953125
0 0.49765625 0.74375 0.103125 0.10625
0 0.83046875 0.45625 0.10625 0.10625
0 0.98828125 0.53359375 0.02265625 0.11953125
0 0.94609375 0.615625 0.0328125 0.0375
0 0.08828125 0.93515625 0.0984375 0.11953125
0 0.33359375 0.93671875 0.08671875 0.08984375
0 0.009375 0.953125 0.01796875 0.09375
0 0.7359375 0.83046875 0.11484375 0.08984375
0 0.5234375 0.9203125 0.10625 0.10625
0 0.70703125 0.959375 0.0984375 0.08125
0 0.8859375 0.8859375 0.103125 0.08671875
0 0.89921875 0.084375 0.08671875 0.0734375
0 0.9109375 0.0171875 0.08671875 0.034375
0 0.51875 0.09609375 0.08984375 0.0734375
0 0.88515625 0.70703125 0.0953125 0.10625
0 0.6828125 0.6375 0.08984375 0.0984375
0 0.653125 0.728125 0.08671875 0.0984375
0 0.6609375 0.01328125 0.0625 0.0265625
0 0.278125 0.77890625 0.08984375 0.11171875