0 0.0828125 0.13203125 0.046875 0.0515625
0 0.025 0.17734375 0.05 0.1203125
0 0.1 0.2234375 0.075 0.078125
0 0.025 0.28828125 0.05 0.0859375
0 0.3265625 0.046875 0.075 0.09375
0 0.2171875 0.0375 0.075 0.075
0 0.16640625 0.1421875 0.0984375 0.121875
0 0.3265625 0.14765625 0.075 0.0828125
0 0.2484375 0.14765625 0.04375 0.0671875
0 0.32109375 0.26484375 0.1015625 0.0984375
0 0.2078125 0.2828125 0.109375 0.090625
0 0.1015625 0.353125 0.078125 0.075
0 0.33515625 0.36328125 0.0359375 0.0390625
0 0.06640625 0.51796875 0.0859375 0.0984375
0 0.025 0.65703125 0.05 0.0671875
0 0.24140625 0.384375 0.0828125 0.090625
0 0.15078125 0.43125 0.0671875 0.075
0 0.23828125 0.49140625 0.1015625 0.0984375
0 0.23671875 0.6015625 0.0515625 0.0625
0 0.13984375 0.68203125 0.08125 0.0828125
0 0.45390625 0.73359375 0.0859375 0.0828125
0 0.21015625 0.76171875 0.0671875 0.0546875
0 0.30859375 0.81640625 0.1328125 0.1328125
0 0.0140625 0.98046875 0.028125 0.0390625
0 0.46875 0.8375 0.09375 0.090625
0 0.2953125 0.946875 0.090625 0.10625
0 0.15 0.9703125 0.090625 0.059375
0 0.42265625 0.02734375 0.0703125 0.0546875
0 0.10390625 0.83984375 0.1453125 0.1484375
0 0.415625 0.434375 0.075 0.109375
0 0.45703125 0.9578125 0.0859375 0.078125
0 0.0296875 0.0546875 0.059375 0.109375
0 0.0953125 0.04296875 0.090625 0.0859375
0 0.63515625 0.80859375 0.0828125 0.0859375
0 0.65078125 0.9390625 0.0984375 0.090625
0 0.8203125 0.9375 0.09375 0.09375
0 0.81171875 0.3125 0.1140625 0.109375
0 0.8015625 0.44609375 0.09375 0.0859375
0 0.66484375 0.6484375 0.0859375 0.09375
0 0.56953125 0.27265625 0.0515625 0.0671875
0 0.45703125 0.15703125 0.0546875 0.0703125
0 0.459375 0.06875 0.075 0.075
0 0.67265625 0.36015625 0.0390625 0.0390625
0 0.77890625 0.64453125 0.1046875 0.121875
0 0.46796875 0.33203125 0.1140625 0.1328125
0 0.44140625 0.56953125 0.1390625 0.1609375