0 0.5265625 0.021875 0.1125 0.04375
0 0.24453125 0.01484375 0.1421875 0.0296875
0 0.93671875 0.0390625 0.09375 0.078125
0 0.93203125 0.15078125 0.09765625 0.1203125
0 0.809375 0.22109375 0.09375 0.115625
0 0.94765625 0.284375 0.1046875 0.11171875
0 0.85546875 0.38046875 0.06171875 0.04453125
0 0.69453125 0.04375 0.11171875 0.08671875
0 0.3640625 0.0640625 0.115625 0.12734375
0 0.49140625 0.15 0.103125 0.1328125
0 0.61171875 0.24296875 0.12421875 0.12421875
0 0.39921875 0.2609375 0.08828125 0.10625
0 0.73828125 0.328125 0.11171875 0.103125
0 0.51484375 0.34609375 0.0796875 0.103125
0 0.153125 0.0875 0.11171875 0.115625
0 0.278125 0.1671875 0.103125 0.0796875
0 0.1828125 0.28359375 0.08828125 0.08515625
0 0.278125 0.35078125 0.1203125 0.103125
0 0.07421875 0.37109375 0.103125 0.06171875
0 0.07109375 0.02421875 0.08828125 0.04765625
0 0.059375 0.178125 0.09375 0.09375
0 0.01796875 0.12109375 0.03515625 0.09375
0 0.5671875 0.096875 0.07109375 0.0796875
0 0.63828125 0.3890625 0.08828125 0.0375