0 0.17265625 0.265625 0.06328125 0.06640625
0 0.42578125 0.02265625 0.1546875 0.04453125
0 0.40390625 0.1578125 0.1 0.16640625
0 0.425 0.31484375 0.06640625 0.08828125
0 0.73203125 0.0640625 0.12421875 0.128125
0 0.97421875 0.046875 0.0515625 0.0828125
0 0.86640625 0.05859375 0.0953125 0.1171875
0 0.87109375 0.19375 0.0546875 0.0546875
0 0.665625 0.32578125 0.075 0.09609375
0 0.025 0.4328125 0.05 0.08828125
0 0.13671875 0.45234375 0.07109375 0.075
0 0.0234375 0.5734375 0.046875 0.0828125
0 0.128125 0.59609375 0.09609375 0.09609375
0 0.05703125 0.65703125 0.07109375 0.09140625
0 0.175 0.76796875 0.075 0.09140625
0 0.25234375 0.43828125 0.046875 0.046875
0 0.23828125 0.55 0.0578125 0.09609375
0 0.3078125 0.603125 0.0578125 0.11640625
0 0.59296875 0.60703125 0.11328125 0.1078125
0 0.6359375 0.67421875 0.03359375 0.0296875
0 0.48515625 0.7015625 0.09609375 0.09140625
0 0.2921875 0.725 0.06640625 0.07109375
0 0.82890625 0.4421875 0.0796875 0.0796875
0 0.96328125 0.4921875 0.0734375 0.08828125
0 0.709375 0.5 0.0796875 0.0796875
0 0.6875 0.6640625 0.0296875 0.03359375
0 0.68671875 0.72109375 0.025 0.0296875
0 0.0046875 0.76796875 0.009375 0.0828125
0 0.06484375 0.89921875 0.11328125 0.12109375
0 0.03984375 0.98984375 0.0796875 0.0203125
0 0.4046875 0.7796875 0.0578125 0.07109375
0 0.61015625 0.79921875 0.03828125 0.046875
0 0.25 0.85390625 0.075 0.1296875
0 0.3390625 0.9859375 0.06328125 0.028125
0 0.78515625 0.78125 0.12109375 0.14140625
0 0.99375 0.76640625 0.0125 0.0828125
0 0.67578125 0.7953125 0.046875 0.046875
0 0.71328125 0.95234375 0.1046875 0.09453125
0 0.82109375 0.9859375 0.08828125 0.028125
0 0.953125 0.9859375 0.09296875 0.028125
0 0.021875 0.25546875 0.04296875 0.0796875
0 0.17265625 0.16640625 0.046875 0.05
0 0.2484375 0.09765625 0.07109375 0.06328125
0 0.7453125 0.6640625 0.025 0.03359375
0 0.45546875 0.38203125 0.0796875 0.1
0 0.42890625 0.4703125 0.05 0.06640625
0 0.31953125 0.3921875 0.07109375 0.09609375
0 0.3359375 0.48359375 0.06328125 0.06328125
0 0.27265625 0.28125 0.06328125 0.07109375
0 0.10390625 0.75390625 0.07109375 0.09609375
0 0.96953125 0.11796875 0.0609375 0.0703125