0 0.0796875 0.10390625 0.10625 0.1140625
0 0.0484375 0.2328125 0.090625 0.10625
0 0.1296875 0.34765625 0.09375 0.0859375
0 0.02734375 0.32734375 0.0546875 0.0828125
0 0.59296875 0.015625 0.0359375 0.03125
0 0.25390625 0.0609375 0.0703125 0.121875
0 0.3375 0.20546875 0.059375 0.0671875
0 0.55703125 0.2515625 0.0984375 0.121875
0 0.24296875 0.2875 0.0390625 0.059375
0 0.75703125 0.0296875 0.1140625 0.059375
0 0.6546875 0.0140625 0.04375 0.028125
0 0.68984375 0.1625 0.0984375 0.10625
0 0.79140625 0.21484375 0.0828125 0.0859375
0 0.92265625 0.2265625 0.1015625 0.109375
0 0.01953125 0.428125 0.0390625 0.090625
0 0.125 0.4421875 0.046875 0.046875
0 0.209375 0.44921875 0.059375 0.0859375
0 0.1546875 0.540625 0.04375 0.059375
0 0.071875 0.59453125 0.075 0.0703125
0 0.15234375 0.6140625 0.0546875 0.0625
0 0.23359375 0.590625 0.0828125 0.140625
0 0.059375 0.6875 0.0625 0.0625
0 0.5546875 0.42421875 0.125 0.1609375
0 0.453125 0.46015625 0.078125 0.0984375
0 0.48515625 0.62890625 0.0859375 0.0859375
0 0.928125 0.35390625 0.121875 0.1296875
0 0.66484375 0.41015625 0.0546875 0.0546875
0 0.98046875 0.45234375 0.0390625 0.0828125
0 0.83046875 0.5515625 0.0671875 0.078125
0 0.67578125 0.65859375 0.1796875 0.1296875
0 0.86171875 0.71171875 0.0984375 0.1328125
0 0.03125 0.759375 0.046875 0.059375
0 0.13359375 0.93125 0.1015625 0.10625
0 0.36953125 0.7734375 0.0984375 0.109375
0 0.61328125 0.80859375 0.0859375 0.1171875
0 0.43203125 0.87578125 0.0359375 0.0390625
0 0.53828125 0.93671875 0.0515625 0.0359375
0 0.246875 0.98046875 0.0625 0.0390625
0 0.37890625 0.98046875 0.0390625 0.0390625
0 0.80546875 0.8328125 0.0859375 0.078125
0 0.91015625 0.93828125 0.0703125 0.0859375
0 0.67578125 0.9390625 0.0859375 0.090625
0 0.765625 0.98046875 0.0625 0.0390625
0 0.984375 0.72734375 0.03125 0.1171875
0 0.321875 0.3046875 0.04375 0.09375
0 0.22109375 0.83515625 0.0671875 0.0984375
0 0.140625 0.81640625 0.078125 0.1015625
0 0.1265625 0.715625 0.059375 0.09375