0 0.975 0.3 0.05 0.065625
0 0.41484375 0.2640625 0.06171875 0.05625
0 0.515625 0.325 0.103125 0.084375
0 0.0453125 0.3578125 0.08984375 0.1125
0 0.946875 0.3953125 0.103125 0.1125
0 0.78359375 0.478125 0.09921875 0.084375
0 0.91484375 0.5390625 0.08046875 0.09375
0 0.7890625 0.59453125 0.09921875 0.09921875
0 0.08828125 0.84921875 0.05234375 0.046875
0 0.925 0.709375 0.12734375 0.10859375
0 0.9 0.97265625 0.103125 0.0546875
0 0.41328125 0.82109375 0.046875 0.046875
0 0.29765625 0.93203125 0.05234375 0.06171875
0 0.5203125 0.571875 0.09375 0.103125
0 0.90390625 0.01015625 0.084375 0.0203125
0 0.60703125 0.021875 0.10859375 0.04296875
0 0.24140625 0.06171875 0.07109375 0.075
0 0.36953125 0.04765625 0.121875 0.0953125
0 0.61171875 0.40703125 0.06171875 0.06171875
0 0.63203125 0.23203125 0.084375 0.12734375
0 0.51328125 0.16484375 0.07109375 0.09375
0 0.73671875 0.31015625 0.09921875 0.121875
0 0.18515625 0.36640625 0.12734375 0.121875
0 0.13515625 0.70703125 0.12734375 0.11796875
0 0.10078125 0.575 0.10859375 0.12734375
0 0.2109375 0.5390625 0.103125 0.1125
0 0.2875 0.45390625 0.09921875 0.09921875
0 0.0421875 0.2125 0.084375 0.103125
0 0.18828125 0.959375 0.084375 0.08046875
0 0.0703125 0.97109375 0.065625 0.0578125
0 0.26015625 0.765625 0.12734375 0.10859375
0 0.34921875 0.54375 0.06171875 0.065625
0 0.40234375 0.4328125 0.05625 0.05625
0 0.428125 0.925 0.06171875 0.05234375
0 0.321875 0.33359375 0.06015625 0.05625
0 0.63984375 0.68203125 0.04296875 0.0484375
0 0.81953125 0.18828125 0.0859375 0.09140625
0 0.8390625 0.29765625 0.0859375 0.07890625