0 0.0953125 0.0375 0.0953125 0.07421875
0 0.06328125 0.103125 0.03203125 0.04765625
0 0.13671875 0.171875 0.0765625 0.1
0 0.03203125 0.33828125 0.04765625 0.06015625
0 0.2109375 0.209375 0.04453125 0.06328125
0 0.29375 0.3015625 0.0953125 0.0953125
0 0.87890625 0.009375 0.03671875 0.01875
0 0.86171875 0.046875 0.02890625 0.0234375
0 0.91484375 0.1703125 0.03671875 0.03984375
0 0.97734375 0.22578125 0.0453125 0.1515625
0 0.98125 0.3453125 0.0375 0.0875
0 0.15625 0.36953125 0.1 0.1078125
0 0.0609375 0.44921875 0.084375 0.1078125
0 0.0453125 0.55234375 0.03671875 0.04453125
0 0.08203125 0.6609375 0.06796875 0.06796875
0 0.0171875 0.665625 0.034375 0.046875
0 0.28046875 0.39296875 0.03671875 0.03984375
0 0.259375 0.496875 0.1 0.1234375
0 0.39921875 0.60078125 0.1 0.115625
0 0.50546875 0.5984375 0.03671875 0.04765625
0 0.21171875 0.63671875 0.1 0.13984375
0 0.36796875 0.71015625 0.1109375 0.11875
0 0.51484375 0.69296875 0.07109375 0.084375
0 0.2 0.753125 0.04453125 0.05546875
0 0.8296875 0.49765625 0.11875 0.1796875
0 0.7296875 0.4953125 0.07109375 0.1109375
0 0.61796875 0.58359375 0.103125 0.13515625
0 0.74765625 0.60703125 0.06015625 0.0875
0 0.81484375 0.64453125 0.084375 0.0921875
0 0.62265625 0.72578125 0.11875 0.0953125
0 0.85078125 0.73515625 0.06015625 0.0765625
0 0.715625 0.75703125 0.04453125 0.0796875
0 0.99375 0.58359375 0.0125 0.15078125
0 0.18515625 0.859375 0.084375 0.115625
0 0.290625 0.8140625 0.04453125 0.04453125
0 0.4890625 0.83515625 0.02890625 0.02890625
0 0.43671875 0.99375 0.03203125 0.0125
0 0.78046875 0.76328125 0.05234375 0.0765625
0 0.77578125 0.8765625 0.1796875 0.15859375
0 0.94765625 0.8265625 0.1046875 0.16328125
0 0.97734375 0.98515625 0.0453125 0.0296875
0 0.54765625 0.94609375 0.1109375 0.1078125
0 0.61484375 0.85234375 0.07109375 0.0796875
0 0.3859375 0.88359375 0.1078125 0.14765625
0 0.42265625 0.22734375 0.084375 0.0921875
0 0.75 0.11484375 0.0875 0.103125
0 0.2140625 0.9578125 0.1109375 0.084375
0 0.02109375 0.78671875 0.0421875 0.1234375
0 0.69296875 0.98671875 0.1265625 0.0265625
0 0.0546875 0.8890625 0.103125 0.1109375
0 0.0421875 0.98125 0.084375 0.0375
0 0.6 0.1609375 0.0875 0.078125
0 0.62109375 0.44609375 0.084375 0.0828125
0 0.21953125 0.06875 0.084375 0.07421875
0 0.8671875 0.2609375 0.084375 0.078125
0 0.33046875 0.15625 0.0921875 0.09375
0 0.48515625 0.11875 0.08125 0.0953125
0 0.696875 0.37109375 0.084375 0.1015625
0 0.278125 0.03515625 0.0796875 0.06953125
0 0.39296875 0.40078125 0.103125 0.103125
0 0.484375 0.47890625 0.0890625 0.1
0 0.546875 0.396875 0.109375 0.12734375
0 0.50390625 0.19375 0.05546875 0.07265625