0 0.41875 0.02734375 0.046875 0.0546875
0 0.25 0.053125 0.09375 0.10625
0 0.1 0.0796875 0.090625 0.10625
0 0.778125 0.0296875 0.109375 0.059375
0 0.23125 0.328125 0.078125 0.09375
0 0.6 0.0921875 0.028125 0.028125
0 0.75703125 0.12421875 0.0359375 0.0515625
0 0.7578125 0.44375 0.046875 0.04375
0 0.8953125 0.45390625 0.046875 0.0234375
0 0.9734375 0.3125 0.046875 0.0625
0 0.946875 0.0984375 0.096875 0.1125
0 0.88671875 0.1640625 0.1234375 0.115625
0 0.91875 0.25546875 0.05625 0.0734375
0 0.765625 0.34765625 0.115625 0.1234375