0 0.93828125 0.16484375 0.12265625 0.128125
0 0.696875 0.01328125 0.08125 0.0265625
0 0.58203125 0.10859375 0.06484375 0.0765625
0 0.803125 0.128125 0.1078125 0.1328125
0 0.728125 0.27578125 0.1109375 0.128125
0 0.140625 0.028125 0.1109375 0.05625
0 0.359375 0.05234375 0.1078125 0.10390625
0 0.2140625 0.1765625 0.090625 0.1109375
0 0.43203125 0.2515625 0.06484375 0.0734375
0 0.28828125 0.38671875 0.08515625 0.09375
0 0.053125 0.1984375 0.10546875 0.1453125
0 0.0546875 0.36484375 0.10234375 0.11953125
0 0.73828125 0.4546875 0.090625 0.09375
0 0.5765625 0.4890625 0.09921875 0.1109375
0 0.89921875 0.56640625 0.11953125 0.11640625
0 0.71015625 0.6796875 0.1328125 0.1453125
0 0.834375 0.69140625 0.034375 0.04765625
0 0.49140625 0.7296875 0.11640625 0.12421875
0 0.075 0.4796875 0.034375 0.034375
0 0.01875 0.5359375 0.0375 0.13671875
0 0.01484375 0.7234375 0.02890625 0.15390625
0 0.75 0.8171875 0.04296875 0.0515625
0 0.63828125 0.88984375 0.11953125 0.128125
0 0.95546875 0.95 0.0890625 0.09375
0 0.746875 0.9484375 0.0390625 0.0515625
0 0.28828125 0.81640625 0.13671875 0.1109375
0 0.43828125 0.95703125 0.10234375 0.08515625
0 0.225 0.98671875 0.09375 0.0265625
0 0.06171875 0.90234375 0.12265625 0.13671875
0 0.95 0.75703125 0.09375 0.09375
0 0.97890625 0.41015625 0.0421875 0.1015625
0 0.4390625 0.6 0.090625 0.1109375
0 0.39765625 0.4703125 0.08203125 0.1078125
0 0.48515625 0.5078125 0.0765625 0.090625
0 0.3296875 0.6125 0.08203125 0.11953125
0 0.14921875 0.57421875 0.1078125 0.09375
0 0.24140625 0.5125 0.0765625 0.090625
0 0.578125 0.3625 0.10234375 0.12421875
0 0.06171875 0.7109375 0.06484375 0.0765625
0 0.09453125 0.759375 0.0734375 0.08203125