0 0.34375 0.084375 0.109375 0.15078125
0 0.2015625 0.1421875 0.109375 0.0875
0 0.36796875 0.27421875 0.09609375 0.10546875
0 0.11171875 0.3484375 0.08203125 0.11484375
0 0.23828125 0.38515625 0.12734375 0.1453125
0 0.3890625 0.45 0.109375 0.11796875
0 0.72578125 0.04296875 0.1453125 0.08515625
0 0.56171875 0.08125 0.090625 0.11796875
0 0.6578125 0.1546875 0.10546875 0.12734375
0 0.5015625 0.22109375 0.03671875 0.06015625
0 0.54375 0.3203125 0.07265625 0.0875
0 0.83125 0.3703125 0.0328125 0.0421875
0 0.95234375 0.38125 0.09453125 0.11796875
0 0.953125 0.140625 0.09375 0.1
0 0.1 0.51328125 0.1234375 0.13671875
0 0.25234375 0.56640625 0.109375 0.11484375
0 0.41171875 0.63671875 0.08203125 0.109375
0 0.13125 0.66328125 0.10546875 0.1453125
0 0.4765625 0.8015625 0.1234375 0.1234375
0 0.2765625 0.821875 0.0875 0.090625
0 0.059375 0.84921875 0.078125 0.07265625
0 0.72578125 0.46640625 0.12734375 0.1328125
0 0.565625 0.56875 0.090625 0.10546875
0 0.7890625 0.6171875 0.090625 0.11796875
0 0.65625 0.7046875 0.03671875 0.0453125
0 0.88515625 0.74765625 0.10546875 0.1234375
0 0.6375 0.8546875 0.0421875 0.0546875
0 0.740625 0.871875 0.0421875 0.0453125
0 0.95078125 0.6125 0.0984375 0.109375
0 0.0171875 0.9390625 0.034375 0.078125
0 0.5109375 0.97421875 0.12734375 0.05078125
0 0.26484375 0.98828125 0.1328125 0.0234375
0 0.88515625 0.93359375 0.1234375 0.11484375
0 0.66796875 0.9953125 0.0421875 0.009375
0 0.9734375 0.96796875 0.05234375 0.06328125
0 0.1453125 0.8453125 0.05078125 0.07265625
0 0.0546875 0.09609375 0.06875 0.06875