0 0.47890625 0.0453125 0.1140625 0.090625
0 0.79296875 0.0234375 0.1171875 0.046875
0 0.95703125 0.0171875 0.0859375 0.034375
0 0.053125 0.1171875 0.10625 0.15625
0 0.16875 0.34375 0.078125 0.078125
0 0.2 0.07421875 0.125 0.1484375
0 0.53203125 0.10234375 0.0859375 0.1328125
0 0.371875 0.178125 0.09375 0.10625
0 0.23828125 0.26015625 0.0859375 0.0984375
0 0.34375 0.35625 0.09375 0.09375
0 0.9109375 0.11328125 0.109375 0.1171875
0 0.76484375 0.1171875 0.0984375 0.125
0 0.871875 0.24296875 0.109375 0.1171875
0 0.77421875 0.28828125 0.0234375 0.0359375
0 0.7359375 0.40546875 0.10625 0.1140625
0 0.86640625 0.40859375 0.1140625 0.1453125
0 0.98203125 0.34375 0.0359375 0.125
0 0.16875 0.56171875 0.09375 0.0984375
0 0.23125 0.4296875 0.078125 0.09375
0 0.37890625 0.47890625 0.0703125 0.0984375
0 0.265625 0.525 0.09375 0.090625
0 0.46015625 0.57734375 0.0828125 0.0984375
0 0.34609375 0.63203125 0.0828125 0.0984375
0 0.2390625 0.68046875 0.09375 0.0859375
0 0.95859375 0.49921875 0.0828125 0.1171875
0 0.76171875 0.53046875 0.0390625 0.0359375
0 0.87578125 0.546875 0.0390625 0.03125
0 0.8421875 0.65859375 0.090625 0.0984375
0 0.76640625 0.7640625 0.1171875 0.121875
0 0.9609375 0.63125 0.078125 0.121875
0 0.0375 0.85546875 0.075 0.1484375
0 0.2 0.93828125 0.078125 0.0859375
0 0.09296875 0.95859375 0.0703125 0.0828125
0 0.2015625 0.828125 0.075 0.078125
0 0.49453125 0.84296875 0.0671875 0.0984375
0 0.58984375 0.903125 0.1328125 0.140625
0 0.30390625 0.88984375 0.0828125 0.0828125
0 0.4296875 0.92421875 0.046875 0.0515625
0 0.3765625 0.9859375 0.10625 0.028125
0 0.50703125 0.98125 0.0984375 0.03125
0 0.646875 0.78203125 0.028125 0.0390625
0 0.97265625 0.84453125 0.0234375 0.0390625
0 0.915625 0.90234375 0.121875 0.1015625
0 0.728125 0.896875 0.028125 0.028125
0 0.64921875 0.2953125 0.0859375 0.10625
0 0.0453125 0.36796875 0.090625 0.1015625
0 0.6078125 0.5921875 0.090625 0.121875
0 0.5296875 0.63671875 0.075 0.1015625
0 0.4609375 0.7015625 0.078125 0.075
0 0.38125 0.7328125 0.075 0.075
0 0.040625 0.58671875 0.08125 0.0890625
0 0.328125 0.79921875 0.0625 0.0671875
0 0.0984375 0.740625 0.09375 0.090625
0 0.47578125 0.303125 0.0984375 0.10625
0 0.459375 0.46171875 0.075 0.0859375
0 0.71796875 0.65859375 0.0984375 0.0828125
0 0.65703125 0.50234375 0.0328125 0.0359375
0 0.878125 0.8 0.0375 0.04375
0 0.97265625 0.75703125 0.0328125 0.0359375
0 0.34375 0.05859375 0.13125 0.1171875
0 0.1328125 0.46953125 0.0625 0.0734375
0 0.53515625 0.39921875 0.1171875 0.1328125