0 0.896875 0.06484375 0.121875 0.1296875
0 0.9390625 0.209375 0.121875 0.13046875
0 0.940625 0.39296875 0.11796875 0.16171875
0 0.7265625 0.040625 0.1265625 0.08125
0 0.57109375 0.0171875 0.06953125 0.034375
0 0.48515625 0.0625 0.03984375 0.0484375
0 0.35859375 0.0984375 0.18203125 0.14375
0 0.5234375 0.21796875 0.1125 0.14765625
0 0.63828125 0.2125 0.03984375 0.04375
0 0.76875 0.32109375 0.13515625 0.1390625
0 0.6234375 0.3265625 0.034375 0.034375
0 0.18671875 0.0171875 0.109375 0.034375
0 0.025 0.08671875 0.05 0.10390625
0 0.0484375 0.20859375 0.096875 0.121875
0 0.17890625 0.29765625 0.11796875 0.1265625
0 0.0453125 0.35 0.05234375 0.05703125
0 0.8328125 0.4953125 0.109375 0.13046875
0 0.93515625 0.546875 0.04375 0.034375
0 0.9609375 0.67109375 0.078125 0.109375
0 0.575 0.425 0.08671875 0.10390625
0 0.7 0.43203125 0.03125 0.03125
0 0.50234375 0.590625 0.109375 0.1390625
0 0.5921875 0.5578125 0.034375 0.05703125
0 0.415625 0.5625 0.03984375 0.0484375
0 0.7078125 0.56875 0.1265625 0.14765625
0 0.82265625 0.640625 0.121875 0.13515625
0 0.61875 0.68515625 0.04375 0.05703125
0 0.43125 0.38203125 0.0953125 0.1390625
0 0.0328125 0.4390625 0.034375 0.034375
0 0.06796875 0.5109375 0.034375 0.03984375
0 0.1359375 0.5859375 0.1125 0.13046875
0 0.02109375 0.79140625 0.04140625 0.13515625
0 0.259375 0.7859375 0.109375 0.1125
0 0.82734375 0.87734375 0.02578125 0.04375
0 0.890625 0.9421875 0.13515625 0.1125
0 0.7078125 0.80546875 0.109375 0.153125
0 0.6046875 0.83359375 0.04375 0.034375
0 0.45 0.90390625 0.10390625 0.1125
0 0.6265625 0.94453125 0.10390625 0.1109375
0 0.7453125 0.97265625 0.109375 0.0546875
0 0.14140625 0.86171875 0.04375 0.05703125
0 0.23671875 0.9375 0.0953125 0.121875
0 0.35625 0.64765625 0.10078125 0.10390625
0 0.24296875 0.66640625 0.08359375 0.10078125
0 0.378125 0.771875 0.08359375 0.075
0 0.765625 0.15 0.10390625 0.109375
0 0.01953125 0.6828125 0.0390625 0.075
0 0.290625 0.2765625 0.0921875 0.0921875
0 0.196875 0.421875 0.0953125 0.08671875
0 0.31953125 0.43203125 0.10390625 0.11796875
0 0.2140625 0.11796875 0.0953125 0.10390625
0 0.4890625 0.80390625 0.0953125 0.08671875
0 0.5515625 0.87578125 0.03984375 0.05703125
0 0.33671875 0.9453125 0.10390625 0.109375