0 0.3203125 0.015625 0.09375 0.03125
0 0.04296875 0.090625 0.0859375 0.109375
0 0.2703125 0.1 0.046875 0.04375
0 0.11953125 0.1953125 0.0515625 0.046875
0 0.37421875 0.32734375 0.0671875 0.0828125
0 0.55859375 0.0390625 0.1015625 0.078125
0 0.6859375 0.084375 0.153125 0.1375
0 0.69375 0.184375 0.04375 0.046875
0 0.671875 0.265625 0.0625 0.078125
0 0.7265625 0.3796875 0.0625 0.078125
0 0.96015625 0.0453125 0.0515625 0.04375
0 0.8796875 0.04609375 0.046875 0.0515625
0 0.87890625 0.1328125 0.1015625 0.109375
0 0.9703125 0.1171875 0.04375 0.046875
0 0.9125 0.22109375 0.075 0.0828125
0 0.88515625 0.340625 0.0671875 0.078125
0 0.978125 0.3328125 0.04375 0.09375
0 0.0328125 0.50546875 0.065625 0.0984375
0 0.0296875 0.7890625 0.059375 0.078125
0 0.20390625 0.509375 0.0859375 0.090625
0 0.31328125 0.6125 0.0859375 0.0984375
0 0.421875 0.61640625 0.109375 0.1140625
0 0.140625 0.6546875 0.071875 0.096875
0 0.153125 0.75625 0.078125 0.090625
0 0.446875 0.4078125 0.075 0.090625
0 0.634375 0.4921875 0.090625 0.078125
0 0.51796875 0.5171875 0.0828125 0.075
0 0.53359375 0.62421875 0.0828125 0.1140625
0 0.6484375 0.63203125 0.09375 0.1140625
0 0.5546875 0.76484375 0.09375 0.1296875
0 0.66328125 0.7671875 0.0984375 0.090625
0 0.90859375 0.45 0.0984375 0.125
0 0.9359375 0.60625 0.075 0.09375
0 0.946875 0.728125 0.059375 0.090625
0 0.8203125 0.7484375 0.078125 0.059375
0 0.2625 0.7828125 0.078125 0.10625
0 0.26640625 0.89921875 0.1015625 0.1171875
0 0.559375 0.8984375 0.078125 0.09375
0 0.6703125 0.94140625 0.090625 0.0859375
0 0.46015625 0.98828125 0.0828125 0.0234375
0 0.95703125 0.915625 0.0859375 0.075
0 0.11796875 0.50859375 0.0390625 0.0390625
0 0.09765625 0.96484375 0.0703125 0.0703125
0 0.45234375 0.90078125 0.0671875 0.0828125
0 0.79375 0.60859375 0.078125 0.0828125
0 0.02734375 0.26640625 0.0546875 0.0703125
0 0.11875 0.2640625 0.059375 0.04375
0 0.321875 0.23515625 0.090625 0.1171875
0 0.4359375 0.21484375 0.090625 0.1015625
0 0.55859375 0.17578125 0.1015625 0.1328125
0 0.496875 0.2984375 0.0625 0.075
0 0.56953125 0.40703125 0.0828125 0.0703125
0 0.42890625 0.021875 0.0828125 0.04375
0 0.13125 0.40234375 0.059375 0.0703125
0 0.76640625 0.51015625 0.1015625 0.1140625
0 0.203125 0.37421875 0.078125 0.0984375
0 0.209375 0.17421875 0.075 0.0828125
0 0.17890625 0.26171875 0.0359375 0.0390625
0 0.19140625 0.04296875 0.0859375 0.0859375
0 0.43203125 0.10546875 0.0984375 0.0859375
0 0.453125 0.7875 0.078125 0.090625
0 0.37421875 0.86015625 0.0671875 0.0734375
0 0.359375 0.94453125 0.06875 0.0609375
0 0.221875 0.6421875 0.084375 0.1125
0 0.36015625 0.70859375 0.0953125 0.0890625
0 0.121875 0.12890625 0.0453125 0.0453125
0 0.11796875 0.0484375 0.0390625 0.05
0 0.30546875 0.49609375 0.0859375 0.0859375
0 0.41328125 0.5015625 0.0828125 0.08125
0 0.359375 0.41953125 0.078125 0.0734375
0 0.27109375 0.415625 0.1046875 0.103125
0 0.83203125 0.87734375 0.0609375 0.0671875
0 0.33125 0.0828125 0.053125 0.05625
0 0.02734375 0.884375 0.0546875 0.096875
0 0.09921875 0.89453125 0.0890625 0.0921875