0 0.334375 0.015625 0.10625 0.03125
0 0.196875 0.01171875 0.059375 0.0234375
0 0.0703125 0.0140625 0.078125 0.028125
0 0.3328125 0.11640625 0.09375 0.1296875
0 0.2109375 0.165625 0.09375 0.075
0 0.35390625 0.2796875 0.0828125 0.090625
0 0.13359375 0.34296875 0.0703125 0.0984375
0 0.2421875 0.375 0.109375 0.125
0 0.371875 0.43046875 0.09375 0.1015625
0 0.6609375 0.0625 0.125 0.109375
0 0.5203125 0.11328125 0.078125 0.1015625
0 0.603125 0.1765625 0.090625 0.109375
0 0.46875 0.23359375 0.03125 0.0515625
0 0.5046875 0.31875 0.0625 0.075
0 0.7515625 0.36171875 0.028125 0.0359375
0 0.8609375 0.37109375 0.090625 0.1015625
0 0.86015625 0.16484375 0.0859375 0.0859375
0 0.1234375 0.48515625 0.10625 0.1171875
0 0.2546875 0.53046875 0.09375 0.0984375
0 0.39140625 0.590625 0.0703125 0.09375
0 0.15 0.6140625 0.090625 0.125
0 0.446875 0.7328125 0.10625 0.10625
0 0.275 0.75 0.075 0.078125
0 0.08828125 0.7734375 0.0671875 0.0625
0 0.6609375 0.44453125 0.109375 0.1140625
0 0.5234375 0.5328125 0.078125 0.090625
0 0.715625 0.57421875 0.078125 0.1015625
0 0.6015625 0.64921875 0.03125 0.0390625
0 0.7984375 0.6859375 0.090625 0.10625
0 0.58515625 0.778125 0.0359375 0.046875
0 0.67421875 0.79296875 0.0359375 0.0390625
0 0.85546875 0.5703125 0.0859375 0.09375
0 0.95859375 0.66953125 0.0828125 0.0890625
0 0.98046875 0.78984375 0.0390625 0.1171875
0 0.04140625 0.85078125 0.0515625 0.0671875
0 0.0703125 0.984375 0.03125 0.03125
0 0.4765625 0.921875 0.109375 0.125
0 0.090625 0.91875 0.03125 0.046875
0 0.26484375 0.928125 0.1140625 0.090625
0 0.1203125 0.97421875 0.046875 0.0515625
0 0.7984375 0.84609375 0.10625 0.0984375
0 0.61171875 0.91484375 0.0359375 0.0390625
0 0.74453125 0.9625 0.0984375 0.075
0 0.9046875 0.90546875 0.10625 0.1140625
0 0.953125 0.9859375 0.09375 0.028125
0 0.1625 0.7703125 0.04375 0.0625
0 0.86796875 0.015625 0.0859375 0.03125
0 0.084375 0.1265625 0.059375 0.059375