0 0.22578125 0.0859375 0.10546875 0.10078125
0 0.0296875 0.12109375 0.05859375 0.13125
0 0.1703125 0.27890625 0.0890625 0.08359375
0 0.29453125 0.2734375 0.12578125 0.10078125
0 0.6625 0.0734375 0.109375 0.146875
0 0.41953125 0.0828125 0.08359375 0.10546875
0 0.56171875 0.1671875 0.10078125 0.10546875
0 0.465625 0.21875 0.07578125 0.0921875
0 0.5859375 0.30703125 0.14765625 0.1171875
0 0.8078125 0.3 0.05546875 0.0640625
0 0.71953125 0.31796875 0.0640625 0.071875
0 0.5921875 0.42109375 0.05 0.0671875
0 0.8203125 0.03046875 0.08046875 0.06015625
0 0.925 0.20703125 0.0890625 0.109375
0 0.9484375 0.36171875 0.05859375 0.05859375
0 0.234375 0.465625 0.071875 0.071875
0 0.31875 0.45703125 0.0671875 0.071875
0 0.13671875 0.4765625 0.05546875 0.0640625
0 0.275 0.5265625 0.0640625 0.0640625
0 0.3703125 0.51796875 0.05859375 0.05859375
0 0.1890625 0.546875 0.0421875 0.05
0 0.1 0.5484375 0.05546875 0.046875
0 0.32890625 0.60078125 0.046875 0.0671875
0 0.35078125 0.76015625 0.046875 0.05
0 0.171875 0.7796875 0.0421875 0.05546875
0 0.31484375 0.84375 0.0421875 0.05
0 0.73515625 0.475 0.05 0.0671875
0 0.78828125 0.54921875 0.0671875 0.071875
0 0.4296875 0.590625 0.046875 0.0640625
0 0.76015625 0.63515625 0.0671875 0.07578125
0 0.5375 0.73984375 0.0421875 0.0671875
0 0.62734375 0.7203125 0.046875 0.05546875
0 0.44296875 0.75234375 0.046875 0.05859375
0 0.6890625 0.79609375 0.0921875 0.10546875
0 0.990625 0.43671875 0.01875 0.05859375
0 0.91953125 0.45234375 0.05 0.05546875
0 0.82265625 0.4671875 0.05859375 0.05859375
0 0.9671875 0.5234375 0.05546875 0.0640625
0 0.88515625 0.53828125 0.0421875 0.0671875
0 0.84296875 0.621875 0.0421875 0.05859375
0 0.9328125 0.61796875 0.0640625 0.07578125
0 0.815625 0.696875 0.046875 0.05859375
0 0.225 0.85078125 0.046875 0.046875
0 0.5671875 0.65625 0.05 0.0671875
0 0.6640625 0.64375 0.046875 0.05859375
0 0.48515625 0.66171875 0.0640625 0.05546875
0 0.38828125 0.675 0.05546875 0.05546875
0 0.303125 0.696875 0.0421875 0.05859375
0 0.6953125 0.5609375 0.05546875 0.071875
0 0.60859375 0.56953125 0.05859375 0.071875
0 0.5 0.82109375 0.05 0.05546875
0 0.59375 0.81171875 0.046875 0.046875
0 0.26171875 0.77578125 0.046875 0.05546875
0 0.2140625 0.69375 0.05859375 0.05859375
0 0.409375 0.83359375 0.046875 0.0640625
0 0.52265625 0.584375 0.05546875 0.05859375
0 0.07734375 0.4 0.0640625 0.05859375
0 0.175 0.38984375 0.05546875 0.05546875
0 0.25625 0.38203125 0.05859375 0.05546875
0 0.359375 0.3671875 0.0640625 0.08046875
0 0.9015625 0.69140625 0.05859375 0.0640625
0 0.88125 0.77109375 0.10078125 0.10546875
0 0.76484375 0.39765625 0.046875 0.0640625
0 0.8546875 0.378125 0.05546875 0.05859375
0 0.4453125 0.34921875 0.05859375 0.05
0 0.40703125 0.43125 0.0421875 0.046875
0 0.49375 0.4515625 0.17265625 0.14765625
0 0.7203125 0.70390625 0.05546875 0.05546875
0 0.0515625 0.4875 0.0421875 0.0421875
0 0.0640625 0.27421875 0.12734375 0.12578125
0 0.8890625 0.3015625 0.05 0.05546875
0 0.98046875 0.284375 0.03828125 0.05546875
0 0.99453125 0.60234375 0.0109375 0.1140625