0 0.4171875 0.02265625 0.05 0.0453125
0 0.2421875 0.05 0.09765625 0.1
0 0.08515625 0.071875 0.09453125 0.1109375
0 0.79296875 0.025 0.1140625 0.05
0 0.221875 0.33203125 0.08203125 0.09765625
0 0.6078125 0.08515625 0.0296875 0.0296875
0 0.771875 0.11875 0.0375 0.05390625
0 0.77265625 0.45234375 0.04921875 0.04609375
0 0.91640625 0.46328125 0.04921875 0.02421875
0 0.98671875 0.315625 0.02578125 0.065625
0 0.96015625 0.09140625 0.0796875 0.11796875
0 0.9078125 0.16015625 0.12890625 0.12109375
0 0.94140625 0.25546875 0.05859375 0.0765625
0 0.78125 0.35234375 0.12109375 0.12890625