0 0.9828125 0.04765625 0.034375 0.0890625
0 0.665625 0.01171875 0.090625 0.0234375
0 0.61484375 0.0828125 0.0828125 0.109375
0 0.93046875 0.1796875 0.0984375 0.140625
0 0.6046875 0.18359375 0.09375 0.0859375
0 0.9328125 0.32265625 0.09375 0.0984375
0 0.6859375 0.3171875 0.075 0.078125
0 0.6015625 0.32265625 0.03125 0.0359375
0 0.178125 0.10625 0.075 0.109375
0 0.4671875 0.11328125 0.090625 0.0859375
0 0.3203125 0.1125 0.0828125 0.084375
0 0.45859375 0.228125 0.0671875 0.090625
0 0.20234375 0.2671875 0.0859375 0.090625
0 0.021875 0.02734375 0.04375 0.0546875
0 0.9703125 0.47578125 0.059375 0.1609375
0 0.9515625 0.56171875 0.096875 0.1171875
0 0.946875 0.7015625 0.10625 0.1375
0 0.78515625 0.3890625 0.0390625 0.04375
0 0.6796875 0.42421875 0.109375 0.1140625
0 0.8203125 0.4828125 0.140625 0.153125
0 0.68125 0.56875 0.121875 0.1375
0 0.8234375 0.628125 0.134375 0.146875
0 0.6796875 0.71484375 0.09375 0.1328125
0 0.21875 0.390625 0.09375 0.109375
0 0.32578125 0.4859375 0.0984375 0.121875
0 0.2265625 0.6296875 0.046875 0.046875
0 0.14921875 0.50234375 0.0984375 0.1609375
0 0.1359375 0.63515625 0.046875 0.0515625
0 0.03984375 0.71015625 0.0515625 0.0984375
0 0.95703125 0.840625 0.0859375 0.109375
0 0.7296875 0.85 0.046875 0.04375
0 0.88046875 0.9453125 0.0515625 0.046875
0 0.44140625 0.76484375 0.1015625 0.1296875
0 0.3140625 0.834375 0.153125 0.1375
0 0.30625 0.934375 0.04375 0.046875
0 0.328125 0.98828125 0.0625 0.0234375
0 0.03984375 0.7953125 0.0515625 0.04375
0 0.1203125 0.79609375 0.046875 0.0515625
0 0.12109375 0.8828125 0.1015625 0.109375
0 0.0296875 0.8671875 0.04375 0.046875
0 0.0875 0.96484375 0.075 0.0703125
0 0.0640625 0.3609375 0.090625 0.090625
0 0.03515625 0.13671875 0.0703125 0.1015625
0 0.678125 0.9625 0.090625 0.075
0 0.5640625 0.95703125 0.090625 0.0859375
0 0.44140625 0.92578125 0.1015625 0.1328125
0 0.57109375 0.7390625 0.0828125 0.109375
0 0.21484375 0.74375 0.0390625 0.04375
0 0.015625 0.5984375 0.03125 0.078125
0 0.06328125 0.62421875 0.0359375 0.0359375
0 0.0609375 0.56953125 0.04375 0.0359375
0 0.3125 0.56953125 0.03125 0.0359375
0 0.44609375 0.58046875 0.1140625 0.1296875
0 0.3140625 0.6546875 0.10625 0.121875
0 0.39140625 0.66875 0.0359375 0.046875
0 0.14453125 0.021875 0.0859375 0.04375
0 0.01796875 0.46796875 0.0359375 0.1015625
0 0.04765625 0.28359375 0.0671875 0.0671875
0 0.3359375 0.3484375 0.109375 0.140625
0 0.41328125 0.45234375 0.0390625 0.0359375
0 0.40625 0.50625 0.03125 0.04375
0 0.86015625 0.0453125 0.096875 0.090625
0 0.74765625 0.0640625 0.1453125 0.121875
0 0.7640625 0.20390625 0.090625 0.1015625
0 0.7953125 0.2859375 0.090625 0.09375
0 0.790625 0.92421875 0.075 0.0828125
0 0.80859375 0.78515625 0.0859375 0.1015625
0 0.56796875 0.85546875 0.0984375 0.0859375
0 0.57421875 0.62265625 0.0859375 0.0890625
0 0.55390625 0.5046875 0.1109375 0.125
0 0.5578125 0.3203125 0.05625 0.0375
0 0.5125 0.38671875 0.109375 0.1015625
0 0.35078125 0.221875 0.0796875 0.084375