0 0.75078125 0.08359375 0.13125 0.12578125
0 0.5640625 0.0109375 0.115625 0.02109375
0 0.39609375 0.03984375 0.0578125 0.0640625
0 0.21171875 0.05625 0.0484375 0.0578125
0 0.3203125 0.1484375 0.09296875 0.0734375
0 0.2296875 0.26796875 0.034375 0.03828125
0 0.0203125 0.0296875 0.0375 0.059375
0 0.1140625 0.15546875 0.11171875 0.121875
0 0.70390625 0.39375 0.10625 0.13515625
0 0.7578125 0.521875 0.12578125 0.140625
0 0.71875 0.68046875 0.0484375 0.0640625
0 0.825 0.7609375 0.14453125 0.1546875
0 0.95859375 0.7921875 0.06015625 0.0640625
0 0.36484375 0.41484375 0.09296875 0.11171875
0 0.13984375 0.3578125 0.12578125 0.140625
0 0.61640625 0.5359375 0.10625 0.121875
0 0.36171875 0.6734375 0.12578125 0.13515625
0 0.6078125 0.728125 0.13515625 0.15078125
0 0.115625 0.5453125 0.1546875 0.140625
0 0.01484375 0.59375 0.02890625 0.16015625
0 0.12578125 0.74140625 0.115625 0.1546875
0 0.95625 0.86875 0.0640625 0.05390625
0 0.65625 0.90234375 0.13515625 0.16015625
0 0.94375 0.9578125 0.05390625 0.0578125
0 0.38828125 0.83359375 0.05390625 0.05390625
0 0.49921875 0.8703125 0.0640625 0.096875
0 0.39765625 0.9546875 0.13125 0.090625
0 0.01953125 0.96875 0.03828125 0.06171875
0 0.965625 0.33125 0.06875 0.1125
0 0.771875 0.2625 0.115625 0.13515625
0 0.58359375 0.103125 0.0484375 0.0484375
0 0.94375 0.05859375 0.103125 0.1171875
0 0.84453125 0.9390625 0.0671875 0.10625
0 0.9 0.62578125 0.09296875 0.096875
0 0.98203125 0.65625 0.0359375 0.04375
0 0.978125 0.5890625 0.04375 0.04375
0 0.4515625 0.5359375 0.05390625 0.04453125
0 0.5671875 0.3765625 0.11171875 0.13125
0 0.628125 0.2734375 0.0828125 0.0671875
0 0.9109375 0.46640625 0.07734375 0.12578125
0 0.9625 0.23671875 0.075 0.0828125
0 0.56015625 0.97890625 0.10390625 0.0421875
0 0.44296875 0.25 0.11015625 0.11796875
0 0.98515625 0.43046875 0.02890625 0.05390625
0 0.9828125 0.48671875 0.034375 0.0421875
0 0.978125 0.540625 0.04375 0.04375
0 0.95859375 0.72578125 0.05234375 0.04609375
0 0.5015625 0.5875 0.04609375 0.05234375
0 0.50390625 0.640625 0.0421875 0.0421875
0 0.709375 0.6234375 0.03828125 0.04609375
0 0.80390625 0.621875 0.0578125 0.06171875