0 0.0171875 0.04765625 0.034375 0.0890625
0 0.334375 0.01171875 0.090625 0.0234375
0 0.38515625 0.0828125 0.0828125 0.109375
0 0.06953125 0.1796875 0.0984375 0.140625
0 0.3953125 0.18359375 0.09375 0.0859375
0 0.0671875 0.32265625 0.09375 0.0984375
0 0.3140625 0.3171875 0.075 0.078125
0 0.3984375 0.32265625 0.03125 0.0359375
0 0.821875 0.10625 0.075 0.109375
0 0.5328125 0.11328125 0.090625 0.0859375
0 0.6796875 0.1125 0.0828125 0.084375
0 0.54140625 0.228125 0.0671875 0.090625
0 0.79765625 0.2671875 0.0859375 0.090625
0 0.978125 0.02734375 0.04375 0.0546875
0 0.0296875 0.47578125 0.059375 0.1609375
0 0.0484375 0.56171875 0.096875 0.1171875
0 0.053125 0.7015625 0.10625 0.1375
0 0.21484375 0.3890625 0.0390625 0.04375
0 0.3203125 0.42421875 0.109375 0.1140625
0 0.1796875 0.4828125 0.140625 0.153125
0 0.31875 0.56875 0.121875 0.1375
0 0.1765625 0.628125 0.134375 0.146875
0 0.3203125 0.71484375 0.09375 0.1328125
0 0.78125 0.390625 0.09375 0.109375
0 0.67421875 0.4859375 0.0984375 0.121875
0 0.7734375 0.6296875 0.046875 0.046875
0 0.85078125 0.50234375 0.0984375 0.1609375
0 0.8640625 0.63515625 0.046875 0.0515625
0 0.96015625 0.71015625 0.0515625 0.0984375
0 0.04296875 0.840625 0.0859375 0.109375
0 0.2703125 0.85 0.046875 0.04375
0 0.11953125 0.9453125 0.0515625 0.046875
0 0.55859375 0.76484375 0.1015625 0.1296875
0 0.6859375 0.834375 0.153125 0.1375
0 0.69375 0.934375 0.04375 0.046875
0 0.671875 0.98828125 0.0625 0.0234375
0 0.96015625 0.7953125 0.0515625 0.04375
0 0.8796875 0.79609375 0.046875 0.0515625
0 0.87890625 0.8828125 0.1015625 0.109375
0 0.9703125 0.8671875 0.04375 0.046875
0 0.9125 0.96484375 0.075 0.0703125
0 0.9359375 0.3609375 0.090625 0.090625
0 0.96484375 0.13671875 0.0703125 0.1015625
0 0.321875 0.9625 0.090625 0.075
0 0.4359375 0.95703125 0.090625 0.0859375
0 0.55859375 0.92578125 0.1015625 0.1328125
0 0.42890625 0.7390625 0.0828125 0.109375
0 0.78515625 0.74375 0.0390625 0.04375
0 0.984375 0.5984375 0.03125 0.078125
0 0.93671875 0.62421875 0.0359375 0.0359375
0 0.9390625 0.56953125 0.04375 0.0359375
0 0.6875 0.56953125 0.03125 0.0359375
0 0.55390625 0.58046875 0.1140625 0.1296875
0 0.6859375 0.6546875 0.10625 0.121875
0 0.60859375 0.66875 0.0359375 0.046875
0 0.85546875 0.021875 0.0859375 0.04375
0 0.98203125 0.46796875 0.0359375 0.1015625
0 0.95234375 0.28359375 0.0671875 0.0671875
0 0.6640625 0.3484375 0.109375 0.140625
0 0.58671875 0.45234375 0.0390625 0.0359375
0 0.59375 0.50625 0.03125 0.04375
0 0.13984375 0.0453125 0.096875 0.090625
0 0.25234375 0.0640625 0.1453125 0.121875
0 0.2359375 0.20390625 0.090625 0.1015625
0 0.2046875 0.2859375 0.090625 0.09375
0 0.209375 0.92421875 0.075 0.0828125
0 0.19140625 0.78515625 0.0859375 0.1015625
0 0.43203125 0.85546875 0.0984375 0.0859375
0 0.42578125 0.62265625 0.0859375 0.0890625
0 0.44609375 0.5046875 0.1109375 0.125
0 0.4421875 0.3203125 0.05625 0.0375
0 0.4875 0.38671875 0.109375 0.1015625
0 0.64921875 0.221875 0.0796875 0.084375