0 0.76796875 0.03984375 0.0828125 0.0796875
0 0.9015625 0.025 0.078125 0.05
0 0.38984375 0.0375 0.0828125 0.075
0 0.27421875 0.05859375 0.0859375 0.0859375
0 0.07890625 0.20234375 0.0859375 0.1140625
0 0.07109375 0.34609375 0.1015625 0.1140625
0 0.6359375 0.040625 0.0625 0.08125
0 0.5234375 0.053125 0.078125 0.10625
0 0.67421875 0.15 0.0828125 0.10625
0 0.48515625 0.165625 0.0703125 0.090625
0 0.5828125 0.2359375 0.09375 0.10625
0 0.53984375 0.33515625 0.0703125 0.0828125
0 0.76640625 0.33984375 0.1015625 0.1015625
0 0.9859375 0.04296875 0.028125 0.0859375
0 0.98203125 0.14765625 0.0359375 0.1171875
0 0.9859375 0.33203125 0.028125 0.1015625
0 0.225 0.4703125 0.121875 0.121875
0 0.0609375 0.54765625 0.121875 0.1484375
0 0.36875 0.5828125 0.10625 0.109375
0 0.2 0.73046875 0.09375 0.1171875
0 0.4421875 0.42109375 0.125 0.1453125
0 0.590625 0.5828125 0.0625 0.09375
0 0.74296875 0.6875 0.0546875 0.078125
0 0.85546875 0.4296875 0.0546875 0.078125
0 0.9765625 0.434375 0.046875 0.0625
0 0.90078125 0.571875 0.0828125 0.090625
0 0.25703125 0.8796875 0.0984375 0.09375
0 0.05078125 0.9125 0.1015625 0.121875
0 0.66484375 0.86328125 0.1015625 0.1484375
0 0.4375 0.87734375 0.078125 0.0984375
0 0.5703125 0.953125 0.09375 0.09375
0 0.48046875 0.98046875 0.0703125 0.0390625
0 0.8109375 0.8265625 0.075 0.059375
0 0.90859375 0.9703125 0.0828125 0.059375
0 0.84765625 0.225 0.0703125 0.090625
0 0.4546875 0.71953125 0.10625 0.1171875
0 0.3375 0.7203125 0.090625 0.121875
0 0.40546875 0.115625 0.0515625 0.04375
0 0.6296875 0.4234375 0.125 0.1375
0 0.7390625 0.53203125 0.09375 0.1015625
0 0.08046875 0.0640625 0.0828125 0.10625
0 0.184375 0.0625 0.09375 0.09375
0 0.21171875 0.16640625 0.1328125 0.0984375
0 0.28984375 0.2515625 0.0859375 0.090625
0 0.8140625 0.134375 0.1375 0.090625