0 0.69609375 0.00859375 0.10078125 0.01640625
0 0.97421875 0.08046875 0.0515625 0.1171875
0 0.75 0.090625 0.05 0.046875
0 0.91171875 0.19296875 0.05546875 0.05
0 0.63828125 0.334375 0.071875 0.0890625
0 0.440625 0.03359375 0.109375 0.0671875
0 0.30390625 0.0734375 0.1640625 0.146875
0 0.2953125 0.18125 0.046875 0.05
0 0.31875 0.26875 0.0671875 0.08359375
0 0.26015625 0.390625 0.0671875 0.08359375
0 0.01875 0.03203125 0.03671875 0.046875
0 0.0953125 0.0328125 0.05 0.05546875
0 0.09609375 0.12578125 0.109375 0.1171875
0 0.0109375 0.109375 0.021875 0.05
0 0.06015625 0.2203125 0.08046875 0.0890625
0 0.08984375 0.34921875 0.071875 0.08359375
0 0.00703125 0.340625 0.01328125 0.10078125
0 0.98515625 0.525 0.0296875 0.10625
0 0.98828125 0.83046875 0.0234375 0.08359375
0 0.82109375 0.53046875 0.0921875 0.09765625
0 0.70390625 0.640625 0.0921875 0.10546875
0 0.5875 0.6453125 0.1171875 0.12265625
0 0.8890625 0.6859375 0.07734375 0.10390625
0 0.87578125 0.7953125 0.08359375 0.09765625
0 0.56015625 0.42109375 0.08046875 0.09765625
0 0.359375 0.51171875 0.09765625 0.08359375
0 0.484375 0.53828125 0.0890625 0.08046875
0 0.4671875 0.65390625 0.0890625 0.12265625
0 0.34375 0.66171875 0.10078125 0.12265625
0 0.44453125 0.8046875 0.10078125 0.1390625
0 0.328125 0.80703125 0.10546875 0.09765625
0 0.06484375 0.46640625 0.10546875 0.134375
0 0.03828125 0.63359375 0.0765625 0.1015625
0 0.028125 0.7640625 0.05625 0.096875
0 0.159375 0.78671875 0.08359375 0.0640625
0 0.75859375 0.8234375 0.08359375 0.1140625
0 0.75390625 0.94296875 0.109375 0.1140625
0 0.43984375 0.94765625 0.08359375 0.10078125
0 0.32109375 0.9734375 0.0984375 0.053125
0 0.0296875 0.96328125 0.05859375 0.0734375
0 0.91328125 0.5296875 0.0421875 0.0421875
0 0.93515625 0.990625 0.07578125 0.01875
0 0.5546875 0.95078125 0.071875 0.0890625
0 0.18828125 0.63671875 0.08359375 0.0890625
0 0.990625 0.26953125 0.01875 0.07578125
0 0.9125 0.26640625 0.0640625 0.046875
0 0.69453125 0.2359375 0.09765625 0.12578125
0 0.571875 0.2140625 0.09765625 0.109375
0 0.440625 0.171875 0.109375 0.14296875
0 0.50703125 0.30390625 0.0671875 0.08046875
0 0.42890625 0.4203125 0.0890625 0.07578125
0 0.58046875 0.01484375 0.0890625 0.0296875
0 0.89921875 0.415625 0.0640625 0.07578125
0 0.2171875 0.53125 0.109375 0.12265625
0 0.821875 0.38515625 0.08359375 0.10546875
0 0.815625 0.1703125 0.08046875 0.0890625
0 0.8484375 0.2640625 0.03828125 0.0421875
0 0.83515625 0.0375 0.0921875 0.075
0 0.5765625 0.09609375 0.10546875 0.0921875
0 0.55390625 0.82890625 0.08359375 0.09765625
0 0.63828125 0.90703125 0.071875 0.07890625
0 0.6546875 0.98203125 0.0734375 0.03515625
0 0.80234375 0.67265625 0.090625 0.12109375
0 0.65390625 0.74375 0.10234375 0.0953125
0 0.909375 0.121875 0.0484375 0.0484375
0 0.91328125 0.03515625 0.0421875 0.05390625
0 0.7125 0.515625 0.0921875 0.0921875
0 0.59609375 0.521875 0.0890625 0.0875
0 0.6546875 0.43359375 0.08359375 0.07890625
0 0.74921875 0.4296875 0.1125 0.1109375
0 0.146875 0.925 0.065625 0.071875
0 0.684375 0.071875 0.05703125 0.06015625
0 0.990625 0.9328125 0.01875 0.10390625
0 0.93359375 0.94375 0.0953125 0.09921875