0 0.90078125 0.52890625 0.08671875 0.08984375
0 0.96484375 0.6328125 0.0703125 0.08671875
0 0.78125 0.29140625 0.09921875 0.08671875
0 0.8984375 0.28359375 0.09921875 0.0953125
0 0.8515625 0.09609375 0.0953125 0.09921875
0 0.79921875 0.49296875 0.09921875 0.1078125
0 0.7953125 0.734375 0.08984375 0.1171875
0 0.690625 0.94453125 0.08671875 0.1046875
0 0.25 0.0484375 0.1046875 0.096875
0 0.38671875 0.0734375 0.08984375 0.08984375
0 0.5796875 0.696875 0.09921875 0.0953125
0 0.33203125 0.59765625 0.08125 0.0953125
0 0.43828125 0.49765625 0.11328125 0.1171875
0 0.4171875 0.33359375 0.071875 0.07734375
0 0.5078125 0.25546875 0.08125 0.08671875
0 0.61796875 0.28046875 0.07734375 0.08984375
0 0.403125 0.94140625 0.08671875 0.09921875
0 0.91015625 0.78984375 0.1046875 0.08984375
0 0.95625 0.0484375 0.0875 0.096875
0 0.3015625 0.31484375 0.08125 0.08671875
0 0.28984375 0.415625 0.06796875 0.08984375
0 0.546875 0.3953125 0.06796875 0.08671875
0 0.6671875 0.44296875 0.06796875 0.06328125
0 0.615625 0.54296875 0.06328125 0.06796875
0 0.40078125 0.0078125 0.0640625 0.015625
0 0.571875 0.04375 0.08125 0.0875
0 0.5125 0.11796875 0.08984375 0.0953125
0 0.925 0.91875 0.06328125 0.05390625
0 0.85 0.87890625 0.06328125 0.06328125
0 0.759375 0.8671875 0.071875 0.06796875
0 0.82265625 0.96953125 0.06328125 0.05390625
0 0.49296875 0.76796875 0.1046875 0.1046875
0 0.3234375 0.7359375 0.08984375 0.08984375
0 0.68046875 0.7578125 0.0953125 0.09921875
0 0.71953125 0.17265625 0.12578125 0.1078125
0 0.26953125 0.90234375 0.08984375 0.08125
0 0.25625 0.1921875 0.08125 0.08671875
0 0.38125 0.2078125 0.1078125 0.0953125
0 0.62109375 0.9890625 0.0953125 0.021875
0 0.61328125 0.83984375 0.06796875 0.06796875
0 0.9890625 0.265625 0.021875 0.0953125
0 0.19609375 0.3734375 0.046875 0.10625
0 0.1921875 0.64140625 0.046875 0.09140625
0 0.21328125 0.75078125 0.059375 0.06640625
0 0.953125 0.41015625 0.0609375 0.0609375
0 0.7390625 0.40078125 0.0609375 0.0609375