0 0.984375 0.04453125 0.03125 0.0890625
0 0.66640625 0.01015625 0.09140625 0.0203125
0 0.615625 0.08046875 0.08359375 0.11015625
0 0.9328125 0.17734375 0.09921875 0.14140625
0 0.60546875 0.18125 0.09453125 0.08671875
0 0.93515625 0.321875 0.09453125 0.09921875
0 0.68671875 0.31640625 0.07578125 0.07890625
0 0.60234375 0.321875 0.03125 0.0359375
0 0.17578125 0.10390625 0.07578125 0.11015625
0 0.4671875 0.1109375 0.09140625 0.08671875
0 0.31953125 0.11015625 0.08359375 0.08515625
0 0.45859375 0.2265625 0.06796875 0.09140625
0 0.20078125 0.265625 0.08671875 0.09140625
0 0.0203125 0.02578125 0.040625 0.0515625
0 0.971875 0.47578125 0.05625 0.16171875
0 0.953125 0.5609375 0.09375 0.11875
0 0.9484375 0.70234375 0.103125 0.1390625
0 0.78671875 0.38828125 0.0390625 0.04375
0 0.68046875 0.4234375 0.11015625 0.11484375
0 0.82265625 0.4828125 0.14140625 0.15390625
0 0.68203125 0.56953125 0.12265625 0.13828125
0 0.82578125 0.62890625 0.13515625 0.14765625
0 0.68046875 0.71640625 0.09453125 0.13359375
0 0.2171875 0.38984375 0.09453125 0.11015625
0 0.325 0.4859375 0.09921875 0.12265625
0 0.225 0.63046875 0.046875 0.046875
0 0.146875 0.50234375 0.09921875 0.16171875
0 0.13359375 0.6359375 0.046875 0.0515625
0 0.03671875 0.71171875 0.0515625 0.09921875
0 0.95859375 0.8421875 0.0828125 0.109375
0 0.73125 0.85234375 0.046875 0.04375
0 0.8828125 0.9484375 0.0515625 0.046875
0 0.44140625 0.76640625 0.10234375 0.13046875
0 0.31328125 0.83671875 0.15390625 0.13828125
0 0.3046875 0.93671875 0.04375 0.046875
0 0.32734375 0.98984375 0.06328125 0.0203125
0 0.03671875 0.796875 0.0515625 0.04375
0 0.11796875 0.79765625 0.046875 0.0515625
0 0.11875 0.88515625 0.10234375 0.11015625
0 0.0265625 0.86953125 0.04375 0.046875
0 0.0859375 0.965625 0.075 0.06875
0 0.0609375 0.36015625 0.09140625 0.09140625
0 0.034375 0.13359375 0.06875 0.1015625
0 0.6796875 0.96328125 0.090625 0.0734375
0 0.565625 0.9578125 0.090625 0.084375
0 0.44140625 0.928125 0.10234375 0.13359375
0 0.571875 0.740625 0.08359375 0.11015625
0 0.21328125 0.7453125 0.0390625 0.04375
0 0.0140625 0.59921875 0.028125 0.07890625
0 0.06015625 0.625 0.0359375 0.0359375
0 0.0578125 0.5703125 0.04375 0.0359375
0 0.3109375 0.5703125 0.03125 0.0359375
0 0.44609375 0.58125 0.11484375 0.13046875
0 0.31328125 0.65546875 0.10703125 0.12265625
0 0.390625 0.66953125 0.0359375 0.046875
0 0.1421875 0.0203125 0.08671875 0.040625
0 0.01640625 0.46796875 0.0328125 0.10234375
0 0.04453125 0.28203125 0.06796875 0.06796875
0 0.33515625 0.34765625 0.11015625 0.14140625
0 0.4125 0.45234375 0.0390625 0.0359375
0 0.40546875 0.50625 0.03125 0.04375
0 0.8640625 0.04375 0.096875 0.0875
0 0.75 0.0609375 0.146875 0.121875
0 0.765625 0.20234375 0.09140625 0.10234375
0 0.796875 0.284375 0.09140625 0.09453125
0 0.7921875 0.9265625 0.07578125 0.08359375
0 0.81015625 0.78671875 0.08671875 0.10234375
0 0.56875 0.8578125 0.09921875 0.08671875
0 0.575 0.6234375 0.08671875 0.08984375
0 0.55390625 0.5046875 0.11171875 0.12578125
0 0.5578125 0.31953125 0.05625 0.0375
0 0.5125 0.3859375 0.11015625 0.10234375
0 0.35 0.2203125 0.08046875 0.08515625