0 0.03515625 0.053125 0.0703125 0.090625
0 0.0546875 0.30390625 0.09375 0.1140625
0 0.37578125 0.0140625 0.0390625 0.028125
0 0.4609375 0.1171875 0.09375 0.09375
0 0.2109375 0.1484375 0.09375 0.078125
0 0.35 0.134375 0.075 0.075
0 0.35234375 0.26796875 0.1015625 0.1296875
0 0.18203125 0.28125 0.0828125 0.09375
0 0.65625 0.01171875 0.03125 0.0234375
0 0.73671875 0.04921875 0.0671875 0.0671875
0 0.59296875 0.090625 0.0828125 0.078125
0 0.87890625 0.10625 0.0859375 0.078125
0 0.68203125 0.14140625 0.0671875 0.0859375
0 0.75859375 0.20390625 0.1015625 0.0859375
0 0.5953125 0.20703125 0.059375 0.0859375
0 0.4703125 0.2265625 0.090625 0.078125
0 0.490625 0.3140625 0.059375 0.075
0 0.69921875 0.40703125 0.0859375 0.0859375
0 0.97265625 0.22109375 0.0546875 0.0828125
0 0.865625 0.22578125 0.090625 0.0984375
0 0.97734375 0.45546875 0.0390625 0.1140625
0 0.05703125 0.46875 0.0671875 0.078125
0 0.01171875 0.5234375 0.0234375 0.09375
0 0.31640625 0.46328125 0.1484375 0.1140625
0 0.25 0.609375 0.078125 0.078125
0 0.82734375 0.3796875 0.0671875 0.09375
0 0.82265625 0.4828125 0.0671875 0.059375
0 0.671875 0.5296875 0.09375 0.090625
0 0.83203125 0.60625 0.0859375 0.09375
0 0.590625 0.61171875 0.09375 0.1140625
0 0.9625 0.60625 0.075 0.09375
0 0.071875 0.85 0.075 0.121875
0 0.04765625 0.9859375 0.0859375 0.028125
0 0.40703125 0.759375 0.0859375 0.10625
0 0.2390625 0.77265625 0.0625 0.0671875
0 0.3765625 0.91015625 0.10625 0.1015625
0 0.74140625 0.77734375 0.0828125 0.0859375
0 0.528125 0.81640625 0.09375 0.0859375
0 0.6640625 0.87421875 0.046875 0.0515625
0 0.81328125 0.8875 0.0390625 0.046875
0 0.725 0.9625 0.075 0.059375
0 0.8890625 0.7640625 0.075 0.090625
0 0.9765625 0.8359375 0.046875 0.109375
0 0.89140625 0.95859375 0.0890625 0.0828125
0 0.47265625 0.53203125 0.0859375 0.0703125
0 0.47265625 0.646875 0.0703125 0.075
0 0.51171875 0.92578125 0.0390625 0.0390625
0 0.22109375 0.88671875 0.0828125 0.1015625
0 0.10546875 0.74453125 0.0859375 0.0984375
0 0.10078125 0.6265625 0.0828125 0.075
0 0.58203125 0.75625 0.0546875 0.075
0 0.69765625 0.68359375 0.0828125 0.0703125
0 0.91640625 0.40625 0.0671875 0.109375
0 0.95234375 0.3109375 0.0671875 0.075
0 0.70234375 0.31484375 0.0828125 0.0828125
0 0.2078125 0.05625 0.078125 0.075
0 0.13203125 0.43671875 0.08125 0.0828125
0 0.59609375 0.490625 0.0671875 0.075
0 0.959375 0.06171875 0.075 0.0828125
0 0.59140625 0.95859375 0.0828125 0.0828125
0 0.63828125 0.72578125 0.0734375 0.0921875