0 0.06171875 0.07421875 0.0828125 0.1046875
0 0.0546875 0.2484375 0.06328125 0.07109375
0 0.34296875 0.1296875 0.075 0.0828125
0 0.29296875 0.21015625 0.075 0.07109375
0 0.2125 0.29140625 0.0796875 0.075
0 0.98515625 0.1453125 0.0296875 0.1078125
0 0.46484375 0.3203125 0.0796875 0.1
0 0.2 0.40390625 0.1046875 0.1
0 0.4734375 0.4859375 0.06328125 0.075
0 0.56796875 0.51875 0.0828125 0.09140625
0 0.734375 0.52578125 0.0828125 0.10625
0 0.1109375 0.77265625 0.0765625 0.10625
0 0.06171875 0.85234375 0.03359375 0.05
0 0.1375 0.92421875 0.0796875 0.1046875
0 0.215625 0.96328125 0.046875 0.06640625
0 0.9140625 0.74921875 0.03828125 0.0296875
0 0.896875 0.79296875 0.0296875 0.025
0 0.95234375 0.92265625 0.03828125 0.04140625
0 0.71953125 0.67109375 0.09609375 0.09609375
0 0.8296875 0.66640625 0.075 0.0796875
0 0.91015625 0.66015625 0.09609375 0.1078125
0 0.4359375 0.96640625 0.08828125 0.06640625
0 0.7796875 0.86484375 0.09140625 0.1078125
0 0.27265625 0.69453125 0.0828125 0.1
0 0.06875 0.5640625 0.09140625 0.08828125
0 0.4765625 0.115625 0.1 0.1046875
0 0.44296875 0.2140625 0.0578125 0.06328125
0 0.1484375 0.01484375 0.09140625 0.0296875
0 0.58359375 0.18359375 0.0578125 0.075
0 0.3015625 0.428125 0.09140625 0.09140625
0 0.34921875 0.51875 0.0796875 0.075
0 0.93359375 0.3953125 0.0828125 0.0828125
0 0.9890625 0.3640625 0.021875 0.0796875
0 0.8375 0.3734375 0.06640625 0.0828125
0 0.96328125 0.459375 0.06328125 0.07109375
0 0.89765625 0.1453125 0.0546875 0.0578125
0 0.91875 0.07734375 0.06328125 0.07109375
0 0.64453125 0.19140625 0.046875 0.05
0 0.540625 0.38671875 0.07109375 0.0828125
0 0.621875 0.35078125 0.075 0.11328125
0 0.38515625 0.01328125 0.0828125 0.0265625
0 0.9390625 0.021875 0.1046875 0.04296875
0 0.6203125 0.91171875 0.08828125 0.0796875
0 0.7484375 0.9734375 0.1046875 0.053125
0 0.34140625 0.90625 0.08828125 0.084375
0 0.50234375 0.8703125 0.084375 0.08671875
0 0.53125 0.95234375 0.06015625 0.06171875
0 0.225 0.821875 0.07109375 0.07109375
0 0.7625 0.44375 0.1 0.08984375
0 0.68125 0.12265625 0.09140625 0.0796875
0 0.71328125 0.03125 0.0859375 0.0625
0 0.08359375 0.68359375 0.078125 0.1109375
0 0.64609375 0.6703125 0.05625 0.06796875
0 0.97265625 0.58671875 0.0546875 0.05
0 0.99140625 0.50703125 0.01640625 0.05
0 0.8609375 0.19296875 0.0484375 0.053125