0 0.040625 0.03125 0.08125 0.0625
0 0.65703125 0.01171875 0.0703125 0.0234375
0 0.14765625 0.05078125 0.0828125 0.1015625
0 0.29296875 0.12109375 0.0859375 0.1015625
0 0.04296875 0.16015625 0.0859375 0.0859375
0 0.1484375 0.22734375 0.078125 0.1015625
0 0.2828125 0.29765625 0.090625 0.1015625
0 0.040625 0.30546875 0.08125 0.0890625
0 0.43359375 0.07421875 0.1015625 0.1015625
0 0.7828125 0.090625 0.10625 0.109375
0 0.44609375 0.24609375 0.0859375 0.1171875
0 0.63203125 0.3984375 0.10625 0.1
0 0.86953125 0.1953125 0.0515625 0.046875
0 0.01796875 0.55234375 0.0359375 0.1140625
0 0.11171875 0.43125 0.0671875 0.059375
0 0.19140625 0.53984375 0.0703125 0.1015625
0 0.090625 0.6703125 0.0875 0.128125
0 0.3890625 0.67421875 0.10625 0.1296875
0 0.22734375 0.68359375 0.1640625 0.1171875
0 0.0140625 0.68125 0.028125 0.121875
0 0.5203125 0.40625 0.09375 0.09375
0 0.77421875 0.50703125 0.0859375 0.0984375
0 0.49375 0.5375 0.10625 0.1375
0 0.68046875 0.60078125 0.1015625 0.0984375
0 0.54609375 0.665625 0.0828125 0.10625
0 0.75625 0.7890625 0.10625 0.078125
0 0.95390625 0.509375 0.0859375 0.090625
0 0.96484375 0.634375 0.0703125 0.10625
0 0.903125 0.75625 0.078125 0.090625
0 0.38984375 0.7859375 0.0828125 0.078125
0 0.27421875 0.80859375 0.0859375 0.0859375
0 0.28828125 0.975 0.0765625 0.05
0 0.07890625 0.946875 0.0859375 0.10625
0 0.6375 0.78203125 0.0625 0.1015625
0 0.5234375 0.8015625 0.078125 0.109375
0 0.67421875 0.9 0.0828125 0.10625
0 0.48515625 0.915625 0.0703125 0.090625
0 0.58125 0.96640625 0.09375 0.0671875
0 0.9859375 0.7828125 0.028125 0.10625
0 0.98203125 0.89765625 0.0359375 0.1171875
0 0.5625 0.021875 0.0625 0.04375
0 0.86796875 0.50859375 0.0390625 0.0390625
0 0.84765625 0.96484375 0.0703125 0.0703125
0 0.759375 0.26640625 0.090625 0.0703125
0 0.86875 0.2640625 0.059375 0.04375
0 0.88125 0.40234375 0.059375 0.0703125
0 0.953125 0.37421875 0.078125 0.0984375
0 0.959375 0.17421875 0.075 0.0828125
0 0.92890625 0.26171875 0.0359375 0.0390625
0 0.94140625 0.04296875 0.0859375 0.0859375
0 0.56875 0.1546875 0.075 0.08125
0 0.6484375 0.14453125 0.078125 0.0765625
0 0.57890625 0.07265625 0.0484375 0.0578125
0 0.865625 0.12734375 0.053125 0.0578125
0 0.86484375 0.0453125 0.0484375 0.059375
0 0.225 0.42109375 0.090625 0.0921875
0 0.31953125 0.4140625 0.0984375 0.13125
0 0.61640625 0.27578125 0.1140625 0.1296875
0 0.77890625 0.88203125 0.0734375 0.1078125
0 0.84921875 0.89453125 0.0890625 0.0859375
0 0.884375 0.64921875 0.08125 0.0890625
0 0.1765625 0.8125 0.0875 0.078125
0 0.07890625 0.8140625 0.0859375 0.1125
0 0.20703125 0.915625 0.1328125 0.103125
0 0.09296875 0.5421875 0.0921875 0.121875
0 0.02578125 0.43359375 0.0515625 0.0890625
0 0.9765625 0.25859375 0.046875 0.0546875