0 0.42890625 0.015625 0.0484375 0.03125
0 0.65703125 0.0375 0.0609375 0.075
0 0.553125 0.04453125 0.1125 0.08828125
0 0.0625 0.45234375 0.05234375 0.02578125
0 0.38359375 0.1125 0.121875 0.15625
0 0.24140625 0.08671875 0.03125 0.034375
0 0.14921875 0.2953125 0.05234375 0.06953125
0 0.328125 0.265625 0.13515625 0.10390625
0 0.48984375 0.378125 0.08359375 0.10390625
0 0.240625 0.43046875 0.078125 0.06953125
0 0.409375 0.4390625 0.121875 0.05234375
0 0.7265625 0.07890625 0.02578125 0.04375
0 0.8640625 0.096875 0.1265625 0.13515625
0 0.64375 0.11953125 0.05234375 0.0484375
0 0.53984375 0.175 0.10390625 0.11796875
0 0.71328125 0.18515625 0.08671875 0.109375
0 0.81328125 0.24375 0.1125 0.0953125
0 0.77578125 0.35703125 0.153125 0.13046875
0 0.5953125 0.334375 0.06953125 0.078125
0 0.6328125 0.43671875 0.05703125 0.05703125
0 0.9796875 0.059375 0.03984375 0.0484375
0 0.95390625 0.2359375 0.0921875 0.13515625
0 0.9296875 0.36171875 0.06796875 0.08125