0 0.459375 0.0078125 0.203125 0.015625
0 0.11484375 0.02421875 0.1078125 0.0484375
0 0.9453125 0.04375 0.10625 0.0875
0 0.878125 0.18359375 0.08125 0.07265625
0 0.85234375 0.32265625 0.0640625 0.08984375
0 0.95390625 0.42734375 0.0640625 0.06796875
0 0.84296875 0.44140625 0.05625 0.0390625
0 0.78671875 0.05546875 0.1359375 0.11015625
0 0.56953125 0.090625 0.084375 0.08984375
0 0.28671875 0.1609375 0.11875 0.115625
0 0.5875 0.26328125 0.0765625 0.1234375
0 0.76953125 0.278125 0.03359375 0.05078125
0 0.7515625 0.36796875 0.0421875 0.06796875
0 0.52421875 0.4234375 0.05625 0.0640625
0 0.47421875 0.4484375 0.0640625 0.02578125
0 0.1234375 0.17734375 0.04765625 0.0421875
0 0.02421875 0.17734375 0.0390625 0.0421875
0 0.2484375 0.2828125 0.02578125 0.03359375
0 0.13359375 0.29765625 0.03359375 0.0390625
0 0.0359375 0.303125 0.03359375 0.03359375
0 0.37890625 0.41875 0.0421875 0.05078125
0 0.15078125 0.4359375 0.03359375 0.03359375
0 0.98359375 0.33984375 0.03203125 0.1234375
0 0.98828125 0.09296875 0.0234375 0.13203125
0 0.93125 0.3015625 0.08828125 0.13203125
0 0.396875 0.14140625 0.084375 0.08984375
0 0.45546875 0.19140625 0.0421875 0.04765625
0 0.3796875 0.2828125 0.05078125 0.05078125
0 0.6328125 0.39375 0.05234375 0.04609375
0 0.26796875 0.0515625 0.0609375 0.05625