0 0.06953125 0.06953125 0.0953125 0.1390625
0 0.9703125 0.0234375 0.05625 0.046875
0 0.71953125 0.04375 0.16328125 0.0875
0 0.896875 0.03671875 0.0765625 0.06328125
0 0.25390625 0.19921875 0.0921875 0.11875
0 0.13359375 0.26015625 0.0859375 0.0828125
0 0.54296875 0.13125 0.06328125 0.0875
0 0.43125 0.15234375 0.103125 0.1078125
0 0.66640625 0.19296875 0.0765625 0.084375
0 0.25703125 0.39609375 0.0796875 0.084375
0 0.51015625 0.45390625 0.103125 0.0921875
0 0.840625 0.209375 0.0875 0.0921875
0 0.975 0.175 0.05 0.0875
0 0.94921875 0.23515625 0.0765625 0.06328125
0 0.8203125 0.309375 0.0953125 0.0953125
0 0.67265625 0.36953125 0.14296875 0.12734375
0 0.9140625 0.41171875 0.17109375 0.13203125
0 0.23671875 0.5078125 0.12734375 0.13671875
0 0.25078125 0.64765625 0.1078125 0.1109375
0 0.13359375 0.64921875 0.1109375 0.0921875
0 0.2703125 0.7703125 0.1 0.103125
0 0.1359375 0.7796875 0.1 0.13984375
0 0.37109375 0.48359375 0.1109375 0.084375
0 0.50546875 0.55625 0.1 0.103125
0 0.65 0.5578125 0.07109375 0.084375
0 0.38046875 0.59375 0.0875 0.0921875
0 0.534375 0.71015625 0.11875 0.11875
0 0.41953125 0.75078125 0.103125 0.1109375
0 0.6578125 0.69140625 0.0875 0.103125
0 0.94765625 0.53984375 0.0796875 0.0953125
0 0.7625 0.51953125 0.13203125 0.13515625
0 0.88359375 0.74296875 0.09375 0.1046875
0 0.97109375 0.8515625 0.05703125 0.1796875
0 0.01640625 0.9484375 0.0328125 0.103125
0 0.12734375 0.96875 0.04453125 0.03984375
0 0.21953125 0.96875 0.03671875 0.03984375
0 0.315625 0.94296875 0.1015625 0.1140625
0 0.8859375 0.93359375 0.0765625 0.0796875
0 0.47421875 0.29765625 0.0796875 0.11875
0 0.48046875 0.04140625 0.16953125 0.0828125
0 0.33125 0.0703125 0.115625 0.115625
0 0.0328125 0.2359375 0.06484375 0.10625
0 0.11796875 0.36015625 0.08125 0.1171875
0 0.02890625 0.37421875 0.05703125 0.0890625
0 0.784375 0.109375 0.0796875 0.0828125
0 0.12265625 0.51953125 0.08125 0.078125
0 0.80078125 0.6859375 0.103125 0.1234375
0 0.35625 0.8390625 0.1125 0.08125
0 0.72109375 0.9578125 0.10625 0.084375
0 0.29921875 0.328125 0.078125 0.084375