0 0.25703125 0.1296875 0.0984375 0.09375
0 0.05078125 0.1625 0.1015625 0.121875
0 0.20546875 0.309375 0.0828125 0.078125
0 0.32109375 0.3046875 0.1171875 0.09375
0 0.66484375 0.11328125 0.1015625 0.1484375
0 0.4375 0.12734375 0.078125 0.0984375
0 0.5703125 0.20546875 0.09375 0.0984375
0 0.48046875 0.25390625 0.0703125 0.0859375
0 0.5921875 0.3359375 0.1375 0.109375
0 0.79921875 0.3296875 0.0515625 0.059375
0 0.7171875 0.34609375 0.059375 0.0671875
0 0.5984375 0.4421875 0.046875 0.0625
0 0.8109375 0.0765625 0.075 0.059375
0 0.90859375 0.24296875 0.0828125 0.1015625
0 0.93046875 0.38671875 0.0546875 0.0546875
0 0.0171875 0.440625 0.034375 0.03125
0 0.26484375 0.48359375 0.0671875 0.0671875
0 0.34375 0.47578125 0.0625 0.0671875
0 0.17421875 0.49375 0.0515625 0.059375
0 0.303125 0.540625 0.059375 0.059375
0 0.39140625 0.53203125 0.0546875 0.0546875
0 0.22265625 0.559375 0.0390625 0.046875
0 0.13984375 0.5609375 0.0515625 0.04375
0 0.353125 0.609375 0.04375 0.0625
0 0.3734375 0.7578125 0.04375 0.046875
0 0.20703125 0.77578125 0.0390625 0.0515625
0 0.33984375 0.8359375 0.0390625 0.046875
0 0.73125 0.4921875 0.046875 0.0625
0 0.78125 0.56171875 0.0625 0.0671875
0 0.446875 0.6 0.04375 0.059375
0 0.7546875 0.64140625 0.0625 0.0703125
0 0.54765625 0.7390625 0.0390625 0.0625
0 0.63125 0.72109375 0.04375 0.0515625
0 0.459375 0.75078125 0.04375 0.0546875
0 0.68828125 0.79140625 0.0859375 0.0984375
0 0.98046875 0.45703125 0.0390625 0.0546875
0 0.903125 0.47109375 0.046875 0.0515625
0 0.81328125 0.48515625 0.0546875 0.0546875
0 0.94765625 0.5375 0.0515625 0.059375
0 0.87109375 0.5515625 0.0390625 0.0625
0 0.83203125 0.62890625 0.0390625 0.0546875
0 0.915625 0.62578125 0.059375 0.0703125
0 0.80625 0.69921875 0.04375 0.0546875
0 0.25625 0.8421875 0.04375 0.04375
0 0.575 0.6609375 0.046875 0.0625
0 0.665625 0.64921875 0.04375 0.0546875
0 0.4984375 0.66640625 0.059375 0.0515625
0 0.40859375 0.67890625 0.0515625 0.0515625
0 0.32890625 0.69921875 0.0390625 0.0546875
0 0.69453125 0.57265625 0.0515625 0.0671875
0 0.61328125 0.58046875 0.0546875 0.0671875
0 0.5125 0.81484375 0.046875 0.0515625
0 0.6 0.80625 0.04375 0.04375
0 0.290625 0.77265625 0.04375 0.0515625
0 0.24609375 0.69609375 0.0546875 0.0546875
0 0.428125 0.8265625 0.04375 0.059375
0 0.53359375 0.59453125 0.0515625 0.0546875
0 0.11875 0.42265625 0.059375 0.0546875
0 0.21015625 0.41328125 0.0515625 0.0515625
0 0.28515625 0.40546875 0.0546875 0.0515625
0 0.38125 0.3921875 0.059375 0.075
0 0.88671875 0.69375 0.0546875 0.059375
0 0.8671875 0.76796875 0.09375 0.0984375
0 0.759375 0.4203125 0.04375 0.059375
0 0.84296875 0.40234375 0.0515625 0.0546875
0 0.46171875 0.375 0.0546875 0.046875
0 0.42578125 0.4515625 0.0390625 0.04375
0 0.50703125 0.4703125 0.1609375 0.1375
0 0.71796875 0.70546875 0.0515625 0.0515625
0 0.1921875 0.0234375 0.09375 0.046875
0 0.09453125 0.50390625 0.0390625 0.0390625
0 0.09296875 0.30546875 0.1453125 0.1171875
0 0.875 0.33046875 0.046875 0.0515625
0 0.96796875 0.31484375 0.0515625 0.0515625
0 0.984375 0.6109375 0.03125 0.10625