0 0.70390625 0.01796875 0.0953125 0.0359375
0 0.5546875 0.0453125 0.084375 0.090625
0 0.9765625 0.05 0.046875 0.1
0 0.84921875 0.07265625 0.0921875 0.1078125
0 0.03671875 0.21015625 0.07265625 0.11875
0 0.01484375 0.42890625 0.0296875 0.0703125
0 0.1109375 0.2796875 0.0921875 0.1078125
0 0.42109375 0.3578125 0.1 0.07109375
0 0.12890625 0.41484375 0.1109375 0.1
0 0.56875 0.33984375 0.07109375 0.1078125
0 0.9703125 0.32578125 0.05859375 0.0953125
0 0.3 0.0265625 0.04765625 0.05234375
0 0.346875 0.2234375 0.07109375 0.0765625
0 0.64453125 0.21484375 0.0953125 0.0875
0 0.25234375 0.390625 0.1109375 0.06015625
0 0.19296875 0.22265625 0.07109375 0.07109375
0 0.65078125 0.440625 0.1234375 0.05546875
0 0.4921875 0.21796875 0.0921875 0.11875