0 0.9703125 0.02734375 0.059375 0.05390625
0 0.22890625 0.0203125 0.10625 0.040625
0 0.78125 0.075 0.025 0.0421875
0 0.84296875 0.1375 0.13203125 0.11015625
0 0.96875 0.31015625 0.0625 0.13984375
0 0.76640625 0.3578125 0.08984375 0.1015625
0 0.66640625 0.0390625 0.10625 0.07734375
0 0.56484375 0.03203125 0.0421875 0.03359375
0 0.4546875 0.0203125 0.09765625 0.040625
0 0.5859375 0.15234375 0.1015625 0.13203125
0 0.7015625 0.1921875 0.10625 0.1015625
0 0.4796875 0.2421875 0.08125 0.08984375
0 0.6546875 0.31484375 0.09296875 0.1265625
0 0.4375 0.3359375 0.03046875 0.05078125
0 0.53125 0.4046875 0.14375 0.14375
0 0.1140625 0.06015625 0.0421875 0.05546875
0 0.20859375 0.1359375 0.08984375 0.1234375
0 0.10703125 0.21796875 0.0390625 0.05078125
0 0.27734375 0.2640625 0.09765625 0.11015625
0 0.0984375 0.3640625 0.1234375 0.190625
0 0.1875 0.3921875 0.09765625 0.11796875
0 0.3328125 0.35234375 0.084375 0.10625
0 0.98359375 0.4546875 0.025 0.05078125
0 0.8109375 0.50078125 0.11796875 0.1265625
0 0.98125 0.62265625 0.03046875 0.05546875
0 0.8546875 0.70625 0.13203125 0.13203125
0 0.975 0.73203125 0.03359375 0.0390625
0 0.80078125 0.82265625 0.03046875 0.03359375
0 0.6671875 0.51796875 0.11796875 0.16015625
0 0.45625 0.54140625 0.11796875 0.1234375
0 0.69921875 0.70078125 0.03046875 0.03046875
0 0.56640625 0.75 0.1234375 0.15234375
0 0.7046875 0.81953125 0.1015625 0.09765625
0 0.29453125 0.5296875 0.14375 0.17421875
0 0.13359375 0.51328125 0.08125 0.1015625
0 0.01953125 0.56640625 0.0390625 0.05546875
0 0.0890625 0.64296875 0.09296875 0.10625
0 0.24921875 0.66796875 0.11015625 0.1234375
0 0.13671875 0.7578125 0.09765625 0.1234375
0 0.8609375 0.91484375 0.059375 0.0421875
0 0.5828125 0.89609375 0.05078125 0.0390625
0 0.3734375 0.92578125 0.09765625 0.09765625
0 0.7078125 0.959375 0.09765625 0.08125
0 0.93046875 0.95234375 0.08125 0.09453125
0 0.80625 0.94609375 0.025 0.03046875
0 0.4921875 0.97421875 0.08125 0.0515625
0 0.309375 0.990625 0.084375 0.01875
0 0.19140625 0.9890625 0.10625 0.021875
0 0.3390625 0.771875 0.10625 0.1015625
0 0.3453125 0.003125 0.08125 0.00625
0 0.2125 0.91484375 0.09765625 0.11015625
0 0.11796875 0.8734375 0.084375 0.1015625
0 0.03203125 0.1171875 0.0640625 0.09296875
0 0.02734375 0.275 0.05390625 0.11484375
0 0.3078125 0.1421875 0.1015625 0.11796875
0 0.42265625 0.10390625 0.1015625 0.11015625
0 0.91796875 0.5390625 0.07265625 0.1015625