0 0.26328125 0.025 0.1046875 0.05
0 0.76953125 0.0203125 0.0390625 0.03125
0 0.0171875 0.046875 0.034375 0.09375
0 0.0375 0.2328125 0.075 0.090625
0 0.15703125 0.30703125 0.1171875 0.1140625
0 0.4078125 0.0546875 0.10625 0.109375
0 0.49453125 0.0390625 0.0359375 0.03125
0 0.18203125 0.121875 0.1140625 0.125
0 0.37890625 0.13203125 0.0390625 0.0359375
0 0.46328125 0.203125 0.0359375 0.03125
0 0.184375 0.2234375 0.03125 0.03125
0 0.3359375 0.24140625 0.125 0.1296875
0 0.2671875 0.32890625 0.04375 0.0546875
0 0.3640625 0.38359375 0.125 0.1171875
0 0.66328125 0.03828125 0.0359375 0.0515625
0 0.56171875 0.115625 0.1140625 0.121875
0 0.7421875 0.1140625 0.109375 0.109375
0 0.9125 0.18125 0.04375 0.04375
0 0.82265625 0.20390625 0.0359375 0.0390625
0 0.665625 0.2265625 0.10625 0.09375
0 0.7421875 0.259375 0.046875 0.04375
0 0.9 0.2890625 0.121875 0.125
0 0.5328125 0.30703125 0.090625 0.1140625
0 0.63203125 0.3265625 0.0359375 0.04375
0 0.71953125 0.375 0.0703125 0.09375
0 0.91328125 0.0609375 0.0984375 0.121875
0 0.14453125 0.4828125 0.1015625 0.121875
0 0.046875 0.57734375 0.046875 0.0515625
0 0.12890625 0.665625 0.1171875 0.1375
0 0.259375 0.44921875 0.04375 0.0546875
0 0.33671875 0.47734375 0.0390625 0.0390625
0 0.428125 0.5203125 0.028125 0.03125
0 0.52265625 0.5484375 0.0359375 0.04375
0 0.33671875 0.578125 0.0390625 0.0625
0 0.490625 0.63359375 0.121875 0.1171875
0 0.2421875 0.6484375 0.03125 0.03125
0 0.4140625 0.68828125 0.03125 0.0390625
0 0.490625 0.73515625 0.04375 0.0390625
0 0.32109375 0.75390625 0.1015625 0.1015625
0 0.40703125 0.7859375 0.0390625 0.046875
0 0.625 0.4296875 0.046875 0.046875
0 0.86875 0.46015625 0.10625 0.1296875
0 0.53515625 0.45234375 0.0703125 0.0984375
0 0.71796875 0.46015625 0.0359375 0.0359375
0 0.703125 0.5390625 0.09375 0.125
0 0.78828125 0.49609375 0.0359375 0.0546875
0 0.60234375 0.6234375 0.0390625 0.04375
0 0.696875 0.65859375 0.028125 0.0359375
0 0.77265625 0.70703125 0.0359375 0.0390625
0 0.68984375 0.7515625 0.1140625 0.121875
0 0.84453125 0.7484375 0.0390625 0.04375
0 0.984375 0.60234375 0.03125 0.0390625
0 0.921875 0.7671875 0.078125 0.090625
0 0.12421875 0.85078125 0.0828125 0.0984375
0 0.11328125 0.95390625 0.0390625 0.0390625
0 0.028125 0.95390625 0.03125 0.0390625
0 0.490625 0.84296875 0.090625 0.1140625
0 0.29609375 0.9375 0.0984375 0.109375
0 0.484375 0.95234375 0.03125 0.0359375
0 0.4046875 0.9625 0.04375 0.04375
0 0.57890625 0.86875 0.0390625 0.04375
0 0.67890625 0.8734375 0.0359375 0.04375
0 0.64921875 0.94921875 0.1171875 0.1015625
0 0.825 0.984375 0.03125 0.03125
0 0.740625 0.984375 0.04375 0.03125
0 0.9671875 0.87109375 0.04375 0.0546875
0 0.94921875 0.98828125 0.0390625 0.0234375
0 0.85625 0.62734375 0.109375 0.1140625
0 0.8453125 0.865625 0.090625 0.10625
0 0.0390625 0.75859375 0.03125 0.0390625
0 0.16796875 0.3953125 0.0546875 0.046875
0 0.21484375 0.9375 0.0390625 0.046875