0 0.09296875 0.040625 0.0859375 0.08125
0 0.0140625 0.04296875 0.028125 0.0859375
0 0.44609375 0.040625 0.0828125 0.08125
0 0.9546875 0.0359375 0.028125 0.03125
0 0.07265625 0.13671875 0.0671875 0.0703125
0 0.0828125 0.34296875 0.0875 0.0921875
0 0.103125 0.4453125 0.1375 0.125
0 0.23125 0.10078125 0.09375 0.0984375
0 0.59375 0.0953125 0.109375 0.0875
0 0.42578125 0.15546875 0.0703125 0.0984375
0 0.31640625 0.1625 0.0703125 0.090625
0 0.7359375 0.07734375 0.090625 0.1140625
0 0.89921875 0.12109375 0.0546875 0.0390625
0 0.96640625 0.26953125 0.0671875 0.0859375
0 0.67109375 0.453125 0.0828125 0.109375
0 0.01953125 0.49375 0.0390625 0.121875
0 0.09765625 0.634375 0.0859375 0.10625
0 0.20390625 0.79140625 0.0859375 0.0984375
0 0.53828125 0.48515625 0.0671875 0.1015625
0 0.25234375 0.515625 0.0828125 0.078125
0 0.39296875 0.54921875 0.0828125 0.1140625
0 0.54609375 0.61796875 0.0984375 0.0859375
0 0.371875 0.6546875 0.078125 0.090625
0 0.26796875 0.68046875 0.1296875 0.1640625
0 0.375 0.80078125 0.109375 0.1328125
0 0.91640625 0.46796875 0.1140625 0.0984375
0 0.7796875 0.51640625 0.059375 0.0546875
0 0.65625 0.71953125 0.084375 0.0859375
0 0.93984375 0.6890625 0.0828125 0.090625
0 0.615625 0.84296875 0.075 0.0671875
0 0.465625 0.72734375 0.103125 0.1046875
0 0.32421875 0.92109375 0.1078125 0.1140625
0 0.51328125 0.97421875 0.0578125 0.0515625
0 0.78125 0.88046875 0.109375 0.1265625
0 0.93125 0.96015625 0.075 0.0671875
0 0.62890625 0.96640625 0.0859375 0.0671875
0 0.9765625 0.82734375 0.046875 0.1296875
0 0.834375 0.1578125 0.075 0.090625
0 0.94921875 0.15 0.0234375 0.028125
0 0.328125 0.06484375 0.09375 0.0984375
0 0.51015625 0.1078125 0.0359375 0.04375
0 0.4 0.275 0.075 0.075
0 0.84609375 0.2578125 0.0671875 0.0625
0 0.54375 0.36015625 0.0625 0.0703125
0 0.07265625 0.98046875 0.0828125 0.0390625
0 0.01171875 0.62734375 0.0234375 0.0984375
0 0.56953125 0.29375 0.0828125 0.078125
0 0.87109375 0.821875 0.1015625 0.1125
0 0.89921875 0.5875 0.0796875 0.090625
0 0.7953125 0.6 0.08125 0.065625
0 0.84765625 0.66953125 0.0703125 0.0796875
0 0.73828125 0.66796875 0.0921875 0.10625
0 0.66484375 0.5828125 0.0890625 0.103125
0 0.4203125 0.93671875 0.053125 0.0671875
0 0.2140625 0.92265625 0.1 0.1015625
0 0.0828125 0.83359375 0.0625 0.0578125
0 0.52890625 0.8875 0.1046875 0.1125
0 0.5296875 0.7875 0.096875 0.090625
0 0.30859375 0.4234375 0.0921875 0.090625
0 0.71640625 0.2796875 0.0734375 0.1125
0 0.81171875 0.33359375 0.1078125 0.1296875
0 0.059375 0.25703125 0.09375 0.0984375
0 0.2296875 0.290625 0.209375 0.103125
0 0.4171875 0.3703125 0.146875 0.13125