0 0.86875 0.009375 0.040625 0.01875
0 0.69765625 0.0296875 0.0890625 0.059375
0 0.33046875 0.0359375 0.11875 0.07109375
0 0.03046875 0.0296875 0.0609375 0.059375
0 0.8859375 0.10546875 0.11875 0.1265625
0 0.9328125 0.24296875 0.10546875 0.0890625
0 0.9484375 0.3484375 0.103125 0.121875
0 0.609375 0.0640625 0.0859375 0.0890625
0 0.7765625 0.06953125 0.0375 0.0453125
0 0.45625 0.14296875 0.06171875 0.06171875
0 0.70234375 0.1359375 0.0890625 0.11875
0 0.7953125 0.23515625 0.09765625 0.1265625
0 0.396875 0.26796875 0.10546875 0.11015625
0 0.315625 0.15390625 0.10546875 0.11015625
0 0.25859375 0.31171875 0.10546875 0.1296875
0 0.17109375 0.38671875 0.1671875 0.1265625
0 0.0421875 0.3890625 0.084375 0.121875
0 0.02734375 0.1453125 0.0546875 0.11875
0 0.54296875 0.259375 0.0734375 0.09453125
0 0.5171875 0.3703125 0.0859375 0.09453125
0 0.1515625 0.23359375 0.0859375 0.09765625
0 0.0921875 0.278125 0.0484375 0.05703125
0 0.0109375 0.28203125 0.02109375 0.05703125
0 0.4625 0.04609375 0.1296875 0.0921875
0 0.82890625 0.35625 0.06953125 0.0734375
0 0.14765625 0.04296875 0.06171875 0.05703125
0 0.6453125 0.22265625 0.0734375 0.06484375
0 0.575 0.1390625 0.078125 0.06953125