0 0.9515625 0.0125 0.09296875 0.025
0 0.5703125 0.0125 0.08984375 0.025
0 0.96875 0.08515625 0.0625 0.07578125
0 0.9578125 0.30859375 0.084375 0.1
0 0.93359375 0.41796875 0.1328125 0.1359375
0 0.80234375 0.05 0.1015625 0.1
0 0.41015625 0.04375 0.11796875 0.0875
0 0.5921875 0.10546875 0.07578125 0.10625
0 0.71015625 0.11328125 0.07578125 0.09765625
0 0.25703125 0.04140625 0.09765625 0.0828125
0 0.08046875 0.06875 0.059375 0.0421875
0 0.021875 0.22890625 0.04375 0.09296875
0 0.3265625 0.42734375 0.08984375 0.11796875
0 0.946875 0.6234375 0.09296875 0.11484375
0 0.83203125 0.79296875 0.09296875 0.10625
0 0.4703125 0.46171875 0.07265625 0.11015625
0 0.7796875 0.4953125 0.08984375 0.084375
0 0.62734375 0.53125 0.08984375 0.1234375
0 0.46171875 0.60546875 0.10625 0.09296875
0 0.65 0.6453125 0.084375 0.09765625
0 0.7625 0.6734375 0.13984375 0.17734375
0 0.646875 0.803125 0.11796875 0.14375
0 0.06171875 0.44375 0.1234375 0.10625
0 0.209375 0.49609375 0.0640625 0.059375
0 0.34296875 0.715625 0.09140625 0.09296875
0 0.040625 0.6828125 0.08125 0.09765625
0 0.38671875 0.8484375 0.08125 0.07265625
0 0.54921875 0.7234375 0.11171875 0.11328125
0 0.7015625 0.93359375 0.11640625 0.1234375
0 0.49765625 0.98125 0.0625 0.0375
0 0.2078125 0.8890625 0.11796875 0.13671875
0 0.0453125 0.96953125 0.08125 0.0609375
0 0.37265625 0.97265625 0.09296875 0.05390625
0 0.0109375 0.83203125 0.021875 0.13984375
0 0.15 0.1078125 0.08125 0.09765625
0 0.0265625 0.1 0.025 0.03046875
0 0.69765625 0.03046875 0.1015625 0.0609375
0 0.50078125 0.05390625 0.0390625 0.04765625
0 0.6203125 0.23515625 0.08125 0.08125
0 0.1375 0.21640625 0.07265625 0.0671875
0 0.46484375 0.3265625 0.0671875 0.07578125
0 0.96484375 0.98828125 0.0703125 0.0234375
0 0.43671875 0.2546875 0.08984375 0.084375
0 0.1109375 0.82578125 0.11015625 0.121875
0 0.08046875 0.57265625 0.0859375 0.09765625
0 0.1921875 0.5859375 0.0875 0.07109375
0 0.1359375 0.6609375 0.07578125 0.0859375
0 0.25390625 0.659375 0.1 0.11484375
0 0.33359375 0.5671875 0.09609375 0.11171875
0 0.59765625 0.95 0.0578125 0.07265625
0 0.82109375 0.93515625 0.1078125 0.11015625
0 0.9625 0.8390625 0.0671875 0.0625
0 0.48046875 0.896875 0.11328125 0.121875
0 0.4796875 0.7890625 0.1046875 0.09765625
0 0.71875 0.3953125 0.1 0.09765625
0 0.278125 0.23984375 0.0796875 0.121875
0 0.175 0.2984375 0.11640625 0.13984375
0 0.96875 0.215625 0.0625 0.10625
0 0.80390625 0.2515625 0.2265625 0.11171875
0 0.6015625 0.3375 0.15859375 0.1421875