0 0.44609375 0.0171875 0.1046875 0.034375
0 0.275 0.01953125 0.075 0.0390625
0 0.08828125 0.02734375 0.0671875 0.0546875
0 0.58515625 0.028125 0.0359375 0.046875
0 0.67421875 0.04296875 0.0359375 0.0390625
0 0.98046875 0.0484375 0.0390625 0.096875
0 0.04140625 0.10078125 0.0515625 0.0671875
0 0.0703125 0.240625 0.03125 0.04375
0 0.0234375 0.3109375 0.046875 0.059375
0 0.06875 0.3796875 0.04375 0.0625
0 0.0140625 0.39140625 0.028125 0.0546875
0 0.04765625 0.45234375 0.0703125 0.0671875
0 0.4765625 0.171875 0.109375 0.125
0 0.090625 0.16875 0.03125 0.046875
0 0.26484375 0.178125 0.1140625 0.090625
0 0.121875 0.228125 0.046875 0.059375
0 0.4140625 0.365625 0.09375 0.10625
0 0.1171875 0.44375 0.0625 0.059375
0 0.7984375 0.09609375 0.10625 0.0984375
0 0.6078125 0.1765625 0.028125 0.0625
0 0.74453125 0.24140625 0.0984375 0.1296875
0 0.5671875 0.28984375 0.09375 0.0859375
0 0.8265625 0.3828125 0.090625 0.109375
0 0.9046875 0.15546875 0.10625 0.1140625
0 0.953125 0.2859375 0.09375 0.125
0 0.0171875 0.53671875 0.034375 0.0578125
0 0.02890625 0.69921875 0.0578125 0.1390625
0 0.08828125 0.52578125 0.0515625 0.0515625
0 0.3125 0.54296875 0.09375 0.1015625
0 0.21015625 0.615625 0.0984375 0.121875
0 0.4578125 0.665625 0.0625 0.10625
0 0.31484375 0.7015625 0.0359375 0.04375
0 0.7671875 0.5984375 0.090625 0.09375
0 0.609375 0.6328125 0.109375 0.125
0 0.7078125 0.7390625 0.09375 0.109375
0 0.56171875 0.79140625 0.0828125 0.1140625
0 0.89921875 0.53046875 0.0703125 0.0828125
0 0.9765625 0.803125 0.046875 0.10625
0 0.85 0.8296875 0.090625 0.10625
0 0.04296875 0.953125 0.0859375 0.09375
0 0.16171875 0.025 0.0421875 0.05
0 0.05625 0.59921875 0.05625 0.0578125
0 0.3109375 0.78984375 0.04375 0.0546875
0 0.6765625 0.4609375 0.05625 0.071875
0 0.35078125 0.9671875 0.0828125 0.065625
0 0.50078125 0.95859375 0.1140625 0.0828125
0 0.19765625 0.96796875 0.0828125 0.0609375