0 0.23828125 0.0203125 0.11015625 0.040625
0 0.4109375 0.0515625 0.096875 0.10234375
0 0.07109375 0.08203125 0.10625 0.12421875
0 0.98359375 0.240625 0.0328125 0.1375
0 0.9234375 0.3203125 0.10625 0.12421875
0 0.56484375 0.4109375 0.115625 0.08203125
0 0.903125 0.47734375 0.128125 0.115625
0 0.39453125 0.38984375 0.08203125 0.12421875
0 0.70546875 0.0296875 0.0546875 0.05859375
0 0.65078125 0.25625 0.08203125 0.08828125
0 0.3078125 0.24609375 0.11015625 0.10078125
0 0.76015625 0.4484375 0.128125 0.06953125
0 0.82890625 0.25546875 0.08203125 0.08203125
0 0.3 0.50625 0.14296875 0.0640625
0 0.48359375 0.25 0.10625 0.1375