0 0.98359375 0.0296875 0.0328125 0.059375
0 0.63359375 0.0234375 0.0921875 0.046875
0 0.75625 0.0109375 0.040625 0.02109375
0 0.52265625 0.053125 0.04921875 0.053125
0 0.20390625 0.01953125 0.10546875 0.0390625
0 0.0625 0.03046875 0.04375 0.04375
0 0.29140625 0.0765625 0.06171875 0.09296875
0 0.396875 0.08203125 0.1140625 0.1109375
0 0.89453125 0.50625 0.053125 0.0265625
0 0.56875 0.16171875 0.1234375 0.15859375
0 0.71328125 0.1359375 0.03203125 0.03515625
0 0.80625 0.346875 0.053125 0.0703125
0 0.625 0.3171875 0.1375 0.10546875
0 0.4609375 0.43125 0.084375 0.10546875
0 0.7140625 0.484375 0.07890625 0.0703125
0 0.5421875 0.49296875 0.1234375 0.053125
0 0.22109375 0.12734375 0.0265625 0.04375
0 0.08203125 0.14609375 0.12890625 0.1375
0 0.3046875 0.16875 0.053125 0.04921875
0 0.41015625 0.225 0.10546875 0.11953125
0 0.234375 0.23515625 0.08828125 0.1109375
0 0.1328125 0.29453125 0.1140625 0.096875
0 0.17109375 0.409375 0.1546875 0.13203125
0 0.35390625 0.38671875 0.0703125 0.07890625
0 0.31640625 0.490625 0.0578125 0.0578125
0 0.01875 0.28671875 0.03671875 0.1375
0 0.025 0.41484375 0.04921875 0.0828125