0 0.05078125 0.0234375 0.1015625 0.046875
0 0.21171875 0.0171875 0.0984375 0.034375
0 0.96875 0.02734375 0.0625 0.0546875
0 0.1609375 0.11328125 0.109375 0.1171875
0 0.03125 0.1171875 0.0625 0.125
0 0.121875 0.24296875 0.109375 0.1171875
0 0.02421875 0.28828125 0.0234375 0.0359375
0 0.01953125 0.40546875 0.0390625 0.1140625
0 0.11640625 0.40859375 0.1140625 0.1453125
0 0.31328125 0.0640625 0.1140625 0.128125
0 0.57421875 0.02265625 0.0234375 0.0359375
0 0.453125 0.05078125 0.0625 0.0703125
0 0.53046875 0.1109375 0.0359375 0.04375
0 0.64453125 0.14296875 0.1640625 0.1296875
0 0.49609375 0.25078125 0.1015625 0.1328125
0 0.39296875 0.24609375 0.0359375 0.0390625
0 0.275 0.34375 0.121875 0.125
0 0.40625 0.3484375 0.03125 0.03125
0 0.79921875 0.04296875 0.0984375 0.0859375
0 0.9609375 0.1328125 0.078125 0.09375
0 0.934375 0.2421875 0.109375 0.109375
0 0.80625 0.32265625 0.10625 0.1140625
0 0.9265625 0.36953125 0.046875 0.0515625
0 0.21796875 0.50078125 0.0984375 0.1171875
0 0.015625 0.53046875 0.03125 0.0359375
0 0.12578125 0.546875 0.0390625 0.03125
0 0.0921875 0.65859375 0.090625 0.0984375
0 0.03515625 0.7625 0.0703125 0.125
0 0.45 0.4375 0.078125 0.09375
0 0.3375 0.44375 0.028125 0.028125
0 0.51484375 0.5859375 0.0984375 0.125
0 0.434375 0.55703125 0.03125 0.0515625
0 0.59296875 0.5609375 0.0359375 0.04375
0 0.33046875 0.56640625 0.1140625 0.1328125
0 0.2265625 0.63125 0.109375 0.121875
0 0.41015625 0.67109375 0.0390625 0.0515625
0 0.57890625 0.3984375 0.0859375 0.125
0 0.9375 0.45 0.03125 0.03125
0 0.90625 0.51484375 0.03125 0.0359375
0 0.84453125 0.58203125 0.1015625 0.1171875
0 0.96484375 0.7671875 0.0703125 0.121875
0 0.73359375 0.76171875 0.0984375 0.1015625
0 0.22265625 0.84453125 0.0234375 0.0390625
0 0.165625 0.90234375 0.121875 0.1015625
0 0.33046875 0.7796875 0.0984375 0.1375
0 0.42265625 0.8046875 0.0390625 0.03125
0 0.5625 0.86796875 0.09375 0.1015625
0 0.403125 0.915625 0.09375 0.121875
0 0.29609375 0.953125 0.0984375 0.09375
0 0.5015625 0.978125 0.075 0.04375
0 0.83984375 0.83046875 0.0390625 0.0515625
0 0.75390625 0.8984375 0.0859375 0.109375
0 0.84609375 0.9765625 0.0359375 0.046875
0 0.646875 0.6375 0.090625 0.09375
0 0.7484375 0.6546875 0.075 0.090625
0 0.6265625 0.74921875 0.075 0.0671875
0 0.278125 0.18984375 0.09375 0.0984375
0 0.96640625 0.66953125 0.0671875 0.0671875
0 0.70546875 0.30390625 0.0828125 0.0828125
0 0.78984375 0.434375 0.0859375 0.078125
0 0.6796875 0.44375 0.09375 0.10625
0 0.77421875 0.1609375 0.0859375 0.09375
0 0.52734375 0.778125 0.0859375 0.078125
0 0.47109375 0.84296875 0.0359375 0.0515625
0 0.6640625 0.90546875 0.09375 0.0984375