0 0.97265625 0.021875 0.0390625 0.04375
0 0.36796875 0.0453125 0.1171875 0.090625
0 0.4125 0.140625 0.10625 0.09375
0 0.146875 0.32109375 0.075 0.0703125
0 0.30859375 0.38203125 0.1015625 0.1296875
0 0.5203125 0.0765625 0.078125 0.10625
0 0.734375 0.0453125 0.0625 0.090625
0 0.6078125 0.13359375 0.075 0.1015625
0 0.75703125 0.1796875 0.0984375 0.125
0 0.50625 0.228125 0.04375 0.059375
0 0.6453125 0.26015625 0.078125 0.0828125
0 0.56875 0.34296875 0.10625 0.1453125
0 0.7390625 0.3515625 0.0625 0.078125
0 0.88203125 0.25234375 0.0515625 0.0359375
0 0.95703125 0.325 0.0859375 0.125
0 0.8828125 0.38359375 0.0625 0.0859375
0 0.0296875 0.66796875 0.059375 0.1015625
0 0.4234375 0.4828125 0.04375 0.059375
0 0.3046875 0.52265625 0.078125 0.0984375
0 0.1625 0.56953125 0.090625 0.0984375
0 0.37421875 0.67421875 0.1140625 0.1140625
0 0.16328125 0.7109375 0.0984375 0.109375
0 0.4625 0.796875 0.10625 0.109375
0 0.6765625 0.446875 0.046875 0.059375
0 0.55703125 0.49609375 0.0984375 0.1171875
0 0.81171875 0.51953125 0.0828125 0.1171875
0 0.6578125 0.54921875 0.090625 0.1296875
0 0.51953125 0.6609375 0.1171875 0.140625
0 0.79609375 0.6546875 0.0828125 0.10625
0 0.62890625 0.6953125 0.0703125 0.109375
0 0.79375 0.76484375 0.078125 0.0984375
0 0.9515625 0.46953125 0.075 0.0859375
0 0.91015625 0.6078125 0.1015625 0.121875
0 0.95390625 0.76796875 0.0859375 0.0984375
0 0.60390625 0.84609375 0.0984375 0.0984375
0 0.3765625 0.8484375 0.10625 0.125
0 0.2625 0.671875 0.0625 0.09375
0 0.2875 0.7796875 0.090625 0.090625
0 0.3046875 0.9234375 0.09375 0.10625
0 0.16484375 0.87890625 0.0859375 0.1171875
0 0.45390625 0.92890625 0.0703125 0.0984375
0 0.090625 0.04296875 0.09375 0.0859375
0 0.2671875 0.075 0.075 0.078125
0 0.22421875 0.025 0.0984375 0.05
0 0.47890625 0.371875 0.0671875 0.078125
0 0.853125 0.12109375 0.090625 0.1328125
0 0.95078125 0.16484375 0.0984375 0.1046875
0 0.121875 0.19375 0.09375 0.090625
0 0.0375 0.8453125 0.059375 0.10625
0 0.10078125 0.82734375 0.0671875 0.0984375
0 0.04296875 0.49453125 0.0859375 0.1609375
0 0.0875 0.60390625 0.04375 0.0671875