0 0.075 0.01640625 0.12109375 0.03203125
0 0.23671875 0.06796875 0.1125 0.10703125
0 0.05859375 0.3109375 0.1171875 0.1125
0 0.38984375 0.11484375 0.11640625 0.13046875
0 0.6203125 0.1421875 0.04140625 0.04140625
0 0.5640625 0.24453125 0.0890625 0.12109375
0 0.6625 0.3640625 0.10703125 0.1390625
0 0.94921875 0.1734375 0.1015625 0.12109375
0 0.75703125 0.1984375 0.06796875 0.07109375
0 0.88203125 0.2953125 0.0859375 0.0984375
0 0.03359375 0.45078125 0.0671875 0.0890625
0 0.16484375 0.6296875 0.09453125 0.1125
0 0.33671875 0.48359375 0.0984375 0.10703125
0 0.69375 0.4625 0.0625 0.06796875
0 0.4390625 0.5546875 0.10703125 0.11640625
0 0.69765625 0.5578125 0.0984375 0.1125
0 0.5046875 0.67578125 0.09453125 0.13359375
0 0.6296875 0.64921875 0.05859375 0.0625
0 0.80703125 0.4 0.10390625 0.1390625
0 0.94921875 0.38828125 0.1015625 0.13046875
0 0.90703125 0.575 0.0890625 0.10390625
0 0.31875 0.94140625 0.103125 0.1171875
0 0.52265625 0.97265625 0.0890625 0.0546875
0 0.0265625 0.62265625 0.053125 0.1015625
0 0.00234375 0.71796875 0.0046875 0.0953125
0 0.12265625 0.7625 0.08046875 0.10390625
0 0.26328125 0.78046875 0.09453125 0.06796875
0 0.1421875 0.92109375 0.05859375 0.07109375
0 0.953125 0.04296875 0.09375 0.0859375
0 0.70703125 0.08671875 0.10703125 0.13359375
0 0.79140625 0.03359375 0.1171875 0.0671875
0 0.01640625 0.21015625 0.03203125 0.09453125
0 0.06640625 0.1390625 0.0859375 0.10703125
0 0.2015625 0.19765625 0.125 0.11640625
0 0.20625 0.32265625 0.11640625 0.11640625
0 0.39765625 0.27421875 0.09453125 0.13359375
0 0.46328125 0.36953125 0.1125 0.12109375
0 0.98203125 0.953125 0.0328125 0.09375
0 0.3921875 0.80546875 0.1125 0.10703125
0 0.53671875 0.8265625 0.0984375 0.0890625
0 0.67578125 0.74609375 0.08046875 0.0890625
0 0.70625 0.8625 0.08046875 0.07109375
0 0.85859375 0.77265625 0.0890625 0.09453125
0 0.23984375 0.5578125 0.0765625 0.09453125
0 0.31171875 0.67734375 0.09453125 0.1125
0 0.8671875 0.9125 0.1515625 0.14296875
0 0.54296875 0.04765625 0.10390625 0.09453125