0 0.6171875 0.04296875 0.05625 0.0609375
0 0.78828125 0.053125 0.0875 0.10390625
0 0.56875 0.1890625 0.11171875 0.11953125
0 0.709375 0.19765625 0.11171875 0.1359375
0 0.5125 0.3171875 0.03203125 0.071875
0 0.6015625 0.35859375 0.0875 0.10078125
0 0.94921875 0.0390625 0.04765625 0.078125
0 0.88125 0.1640625 0.0875 0.11640625
0 0.9890625 0.20234375 0.021875 0.1078125
0 0.04453125 0.71171875 0.0890625 0.1109375
0 0.1421875 0.7484375 0.09609375 0.10390625
0 0.57734375 0.6359375 0.0875 0.128125
0 0.671875 0.6796875 0.03671875 0.03984375
0 0.58359375 0.73984375 0.03671875 0.04765625
0 0.47265625 0.75234375 0.09609375 0.09609375
0 0.96015625 0.6796875 0.0796875 0.1359375
0 0.29375 0.853125 0.0796875 0.09296875
0 0.15 0.9328125 0.0796875 0.09296875
0 0.3515625 0.9484375 0.0609375 0.071875
0 0.6453125 0.79453125 0.03203125 0.03671875
0 0.58125 0.834375 0.03203125 0.05234375
0 0.634375 0.85859375 0.02890625 0.03671875
0 0.4671875 0.91953125 0.084375 0.071875
0 0.62421875 0.97734375 0.04765625 0.04453125
0 0.78359375 0.9546875 0.1109375 0.090625
0 0.9046875 0.84453125 0.071875 0.0875
0 0.8953125 0.98515625 0.046875 0.0296875
0 0.38515625 0.05859375 0.128125 0.11640625
0 0.36796875 0.1828125 0.10078125 0.11640625
0 0.3765625 0.29609375 0.084375 0.11953125
0 0.45625 0.38984375 0.084375 0.09296875
0 0.7765625 0.334375 0.09609375 0.10078125
0 0.13984375 0.55859375 0.06875 0.06875
0 0.17578125 0.47421875 0.09296875 0.09296875
0 0.2828125 0.4859375 0.0765625 0.09296875
0 0.47265625 0.490625 0.0640625 0.0765625
0 0.25390625 0.6453125 0.09609375 0.12421875
0 0.30546875 0.58359375 0.0640625 0.0875
0 0.3921875 0.66875 0.06875 0.05625
0 0.459375 0.6234375 0.10078125 0.0875
0 0.95625 0.309375 0.03984375 0.03984375
0 0.896875 0.54765625 0.05625 0.0640625
0 0.728125 0.85234375 0.0796875 0.0875
0 0.97734375 0.97109375 0.04453125 0.0578125
0 0.759375 0.4984375 0.06875 0.09296875
0 0.16953125 0.240625 0.0796875 0.0875
0 0.30703125 0.7515625 0.10859375 0.0875
0 0.17578125 0.10859375 0.0609375 0.04765625
0 0.2609375 0.20546875 0.03984375 0.05625
0 0.57734375 0.52265625 0.03984375 0.04453125
0 0.78359375 0.75625 0.1328125 0.11953125
0 0.03046875 0.309375 0.03203125 0.03984375
0 0.0796875 0.3171875 0.02890625 0.03984375
0 0.05859375 0.4421875 0.03984375 0.04453125
0 0.01015625 0.51015625 0.0203125 0.0484375
0 0.00234375 0.57109375 0.0046875 0.03984375
0 0.11171875 0.85390625 0.09921875 0.09140625