0 0.76171875 0.0421875 0.1 0.08359375
0 0.9109375 0.05546875 0.10625 0.1109375
0 0.3734375 0.096875 0.09140625 0.0953125
0 0.24609375 0.15703125 0.103125 0.09140625
0 0.3859375 0.24140625 0.1078125 0.115625
0 0.4421875 0.39921875 0.08359375 0.08359375
0 0.76796875 0.19375 0.08671875 0.115625
0 0.88828125 0.23359375 0.1 0.1
0 0.825 0.4109375 0.08359375 0.08359375
0 0.9640625 0.43046875 0.07109375 0.1078125
0 0.98828125 0.27578125 0.0234375 0.08359375
0 0.453125 0.5078125 0.08359375 0.1109375
0 0.54609375 0.51328125 0.06328125 0.06796875
0 0.659375 0.51328125 0.08359375 0.08359375
0 0.8546875 0.54140625 0.07890625 0.09140625
0 0.6109375 0.58984375 0.1390625 0.1109375
0 0.75234375 0.6296875 0.07109375 0.07890625
0 0.95390625 0.75859375 0.06328125 0.06796875
0 0.79375 0.790625 0.1 0.1
0 0.66171875 0.85390625 0.06328125 0.08359375
0 0.95703125 0.8609375 0.06328125 0.06015625
0 0.25859375 0.03203125 0.1 0.06328125
0 0.646875 0.021875 0.084375 0.04375
0 0.62109375 0.16953125 0.07109375 0.07578125
0 0.50625 0.2671875 0.06328125 0.09140625
0 0.56796875 0.33515625 0.09140625 0.1234375
0 0.06640625 0.015625 0.0703125 0.03125
0 0.53203125 0.146875 0.07578125 0.1109375
0 0.67890625 0.3921875 0.07578125 0.07890625
0 0.27265625 0.3578125 0.11875 0.0953125
0 0.18125 0.4265625 0.08359375 0.08359375
0 0.2609375 0.50390625 0.07890625 0.07109375
0 0.35703125 0.4875 0.08671875 0.07890625
0 0.86484375 0.66875 0.06796875 0.06796875
0 0.93515625 0.6140625 0.07578125 0.0953125
0 0.51875 0.6515625 0.0953125 0.08203125