0 0.35234375 0.11171875 0.08125 0.1015625
0 0.24453125 0.4015625 0.0765625 0.115625
0 0.35234375 0.4296875 0.0984375 0.11015625
0 0.46015625 0.49609375 0.10703125 0.10703125
0 0.78359375 0.6609375 0.09296875 0.0984375
0 0.81796875 0.34921875 0.09296875 0.084375
0 0.94921875 0.36796875 0.1015625 0.115625
0 0.94609375 0.534375 0.08125 0.1234375
0 0.934375 0.66171875 0.08984375 0.1234375
0 0.60625 0.83046875 0.059375 0.0640625
0 0.7875 0.84140625 0.09296875 0.11015625
0 0.55390625 0.96015625 0.11875 0.0796875
0 0.7015625 0.96015625 0.11875 0.0796875
0 0.9578125 0.82265625 0.05078125 0.08984375
0 0.8859375 0.9484375 0.09296875 0.103125
0 0.421875 0.015625 0.084375 0.03046875
0 0.40234375 0.24765625 0.11015625 0.11875
0 0.521875 0.08828125 0.115625 0.0984375
0 0.50625 0.2078125 0.08984375 0.10703125
0 0.58984375 0.01171875 0.08125 0.0234375
0 0.359375 0.83125 0.1359375 0.1578125
0 0.34140625 0.95859375 0.10703125 0.0828125
0 0.68984375 0.00703125 0.084375 0.01328125
0 0.20703125 0.05234375 0.06796875 0.084375
0 0.18828125 0.16171875 0.0984375 0.08984375
0 0.96328125 0.03828125 0.07265625 0.07265625
0 0.45703125 0.04296875 0.0421875 0.05625
0 0.7421875 0.1734375 0.0984375 0.07265625
0 0.309375 0.653125 0.059375 0.05625
0 0.58046875 0.65859375 0.09296875 0.12734375
0 0.1390625 0.3859375 0.06796875 0.08984375
0 0.3265625 0.57734375 0.0765625 0.08984375
0 0.87734375 0.1171875 0.12734375 0.1015625
0 0.678125 0.54375 0.15234375 0.15234375
0 0.82109375 0.52265625 0.09296875 0.0765625
0 0.8234375 0.01796875 0.115625 0.0359375
0 0.92109375 0.009375 0.07265625 0.01875
0 0.065625 0.97109375 0.05625 0.0578125
0 0.22578125 0.98828125 0.04765625 0.0234375
0 0.91171875 0.20546875 0.0984375 0.084375