0 0.153125 0.021875 0.09375 0.04375
0 0.303125 0.09375 0.090625 0.09375
0 0.1609375 0.1734375 0.078125 0.090625
0 0.3578125 0.18828125 0.059375 0.0703125
0 0.3140625 0.38515625 0.075 0.0828125
0 0.6453125 0.03828125 0.03125 0.0359375
0 0.5828125 0.07734375 0.03125 0.0515625
0 0.634375 0.10078125 0.028125 0.0359375
0 0.47109375 0.16015625 0.0828125 0.0703125
0 0.625 0.22265625 0.046875 0.0546875
0 0.78125 0.21953125 0.109375 0.1328125
0 0.89921875 0.08671875 0.0703125 0.0859375
0 0.890625 0.22890625 0.046875 0.0359375
0 0.11953125 0.4265625 0.0828125 0.078125
0 0.27734375 0.509375 0.1015625 0.090625
0 0.29765625 0.67265625 0.0703125 0.0859375
0 0.1890625 0.765625 0.090625 0.078125
0 0.75703125 0.47890625 0.1140625 0.1140625
0 0.903125 0.46875 0.0625 0.0625
0 0.8734375 0.67109375 0.090625 0.0984375
0 0.890625 0.80703125 0.0625 0.0828125
0 0.609375 0.3890625 0.109375 0.1375
0 0.83671875 0.39296875 0.0234375 0.0359375
0 0.4359375 0.37734375 0.090625 0.0828125
0 0.3984375 0.58203125 0.078125 0.0703125
0 0.4578125 0.69765625 0.09375 0.1140625
0 0.50859375 0.828125 0.0703125 0.078125
0 0.48125 0.93984375 0.0625 0.0671875
0 0.1703125 0.54765625 0.075 0.0859375
0 0.06484375 0.7671875 0.0828125 0.059375
0 0.2015625 0.959375 0.090625 0.075
0 0.2515625 0.85234375 0.059375 0.0546875
0 0.7265625 0.6609375 0.078125 0.09375
0 0.7265625 0.09453125 0.078125 0.0859375
0 0.48671875 0.60078125 0.0828125 0.0828125
0 0.59296875 0.55859375 0.0828125 0.0859375
0 0.46953125 0.49921875 0.0703125 0.0671875
0 0.60625 0.7171875 0.078125 0.090625
0 0.96640625 0.74296875 0.0671875 0.0734375
0 0.97421875 0.23515625 0.0515625 0.1046875
0 0.9140625 0.36875 0.03125 0.04375
0 0.73515625 0.359375 0.0390625 0.03125
0 0.465625 0.290625 0.09375 0.075
0 0.2046875 0.34609375 0.075 0.0828125
0 0.0515625 0.5375 0.078125 0.090625
0 0.071875 0.64765625 0.059375 0.0671875
0 0.65078125 0.89765625 0.0984375 0.0828125
0 0.05703125 0.93828125 0.0828125 0.0859375