0 0.93203125 0.2328125 0.13515625 0.1390625
0 0.64765625 0.10546875 0.096875 0.11875
0 0.4578125 0.15 0.12109375 0.1171875
0 0.17421875 0.19140625 0.29296875 0.28046875
0 0.02109375 0.2796875 0.0421875 0.04609375
0 0.6734375 0.3765625 0.11875 0.11875
0 0.7921875 0.50859375 0.0640625 0.08203125
0 0.6078125 0.63359375 0.08828125 0.10625
0 0.45 0.32578125 0.1375 0.146875
0 0.18671875 0.46953125 0.10625 0.096875
0 0.39765625 0.5546875 0.14296875 0.16484375
0 0.02578125 0.5484375 0.0515625 0.13359375
0 0.02109375 0.68203125 0.0421875 0.11875
0 0.8234375 0.9734375 0.115625 0.053125
0 0.21640625 0.94375 0.128125 0.11171875
0 0.0578125 0.9515625 0.115625 0.096875
0 0.325 0.0390625 0.10625 0.078125
0 0.0078125 0.071875 0.015625 0.059375
0 0.6984375 0.5234375 0.06015625 0.0515625
0 0.403125 0.7328125 0.2015625 0.146875
0 0.825 0.79453125 0.11875 0.14296875
0 0.79453125 0.65234375 0.14296875 0.14296875
0 0.9765625 0.12109375 0.046875 0.1078125
0 0.19375 0.0109375 0.0515625 0.021875
0 0.5640625 0.2125 0.1171875 0.13203125
0 0.37890625 0.9421875 0.11328125 0.115625
0 0.54140625 0.95546875 0.1203125 0.0890625
0 0.1703125 0.3125 0.07890625 0.10078125
0 0.58203125 0.825 0.0625 0.0640625
0 0.20234375 0.65859375 0.2 0.2546875