0 0.0921875 0.2859375 0.090625 0.09375
0 0.65859375 0.0453125 0.1296875 0.090625
0 0.68828125 0.1328125 0.0703125 0.078125
0 0.765625 0.1640625 0.078125 0.09375
0 0.72734375 0.25078125 0.0703125 0.0859375
0 0.609375 0.2703125 0.09375 0.109375
0 0.16015625 0.6453125 0.1015625 0.109375
0 0.48046875 0.39765625 0.0859375 0.1140625
0 0.60390625 0.39453125 0.0984375 0.1015625
0 0.50390625 0.51484375 0.0859375 0.0828125
0 0.603125 0.50078125 0.075 0.1015625
0 0.43046875 0.5828125 0.0390625 0.046875
0 0.496875 0.66015625 0.09375 0.1171875
0 0.38984375 0.66328125 0.0984375 0.1140625
0 0.7484375 0.5171875 0.121875 0.121875
0 0.6265625 0.68125 0.075 0.090625
0 0.2046875 0.9453125 0.090625 0.09375
0 0.5625 0.765625 0.03125 0.046875
0 0.4921875 0.78828125 0.078125 0.1140625
0 0.4859375 0.92421875 0.090625 0.0671875
0 0.6328125 0.9234375 0.109375 0.090625
0 0.84765625 0.6578125 0.0546875 0.059375
0 0.8109375 0.7484375 0.059375 0.059375
0 0.85546875 0.83203125 0.0390625 0.0546875
0 0.93046875 0.7234375 0.0390625 0.0625
0 0.9140625 0.6578125 0.046875 0.059375
0 0.97265625 0.66640625 0.0546875 0.1140625
0 0.7515625 0.921875 0.10625 0.09375
0 0.74921875 0.81875 0.0984375 0.090625
0 0.29375 0.91796875 0.078125 0.1015625
0 0.3828125 0.91328125 0.09375 0.0828125
0 0.85078125 0.928125 0.0359375 0.028125
0 0.6234375 0.75859375 0.028125 0.0234375
0 0.31875 0.5875 0.04375 0.04375
0 0.26640625 0.665625 0.0703125 0.090625
0 0.26796875 0.78359375 0.0828125 0.0984375
0 0.1875 0.7953125 0.078125 0.090625
0 0.3734375 0.7859375 0.10625 0.09375
0 0.23671875 0.51484375 0.0984375 0.0828125
0 0.2234375 0.40703125 0.078125 0.1015625
0 0.1328125 0.4859375 0.078125 0.090625
0 0.21796875 0.2875 0.0828125 0.10625
0 0.03125 0.71875 0.0625 0.109375
0 0.06171875 0.88515625 0.0828125 0.0984375
0 0.0328125 0.97265625 0.065625 0.0546875
0 0.85546875 0.13984375 0.0703125 0.08125
0 0.93203125 0.1484375 0.0671875 0.078125
0 0.290625 0.240625 0.075 0.075
0 0.4703125 0.2828125 0.075 0.075
0 0.45546875 0.1875 0.0984375 0.09375
0 0.29921875 0.15078125 0.0828125 0.0828125
0 0.3828125 0.09765625 0.0625 0.0703125
0 0.5125 0.07890625 0.078125 0.0703125
0 0.57109375 0.1796875 0.0703125 0.078125
0 0.96640625 0.45859375 0.0671875 0.0828125
0 0.1890625 0.2109375 0.028125 0.03125
0 0.746875 0.37421875 0.078125 0.0828125
0 0.3609375 0.49609375 0.075 0.0859375
0 0.3828125 0.3953125 0.078125 0.09375
0 0.90703125 0.2546875 0.0859375 0.09375
0 0.8921875 0.36015625 0.075 0.1015625
0 0.359375 0.28203125 0.0625 0.0703125
0 0.9546875 0.82421875 0.075 0.0859375
0 0.74296875 0.665625 0.1015625 0.121875
0 0.94375 0.9359375 0.090625 0.090625
0 0.75 0.74609375 0.03125 0.0390625
0 0.86328125 0.7328125 0.0390625 0.059375
0 0.5609375 0.8375 0.028125 0.028125
0 0.81484375 0.0515625 0.0984375 0.09375
0 0.8875 0.509375 0.125 0.1375
0 0.2828125 0.328125 0.034375 0.0375