0 0.5640625 0.0515625 0.08828125 0.1
0 0.63125 0.17265625 0.09609375 0.1
0 0.74140625 0.42109375 0.07109375 0.09140625
0 0.26640625 0.04375 0.09140625 0.075
0 0.49140625 0.365625 0.11640625 0.11328125
0 0.846875 0.50703125 0.11328125 0.11328125
0 0.6828125 0.5359375 0.1 0.12109375
0 0.79453125 0.65 0.1078125 0.12421875
0 0.78828125 0.7875 0.07109375 0.11640625
0 0.9296875 0.8140625 0.08828125 0.09609375
0 0.08203125 0.471875 0.1046875 0.1328125
0 0.28359375 0.5703125 0.09140625 0.09140625
0 0.3015625 0.69375 0.1046875 0.1046875
0 0.3515625 0.8140625 0.1046875 0.11328125
0 0.1078125 0.203125 0.11328125 0.12109375
0 0.215625 0.178125 0.11328125 0.11328125
0 0.24453125 0.28359375 0.09609375 0.08828125
0 0.17109375 0.359375 0.0828125 0.1078125
0 0.3234375 0.3734375 0.1046875 0.1296875
0 0.41015625 0.30234375 0.0796875 0.0796875
0 0.7390625 0.29375 0.09609375 0.11328125
0 0.44375 0.0390625 0.11328125 0.078125
0 0.4296875 0.146875 0.1078125 0.12421875
0 0.20234375 0.4734375 0.09609375 0.09609375
0 0.16015625 0.59296875 0.1046875 0.11328125
0 0.1796875 0.7265625 0.11640625 0.12109375
0 0.06953125 0.6890625 0.11328125 0.1296875
0 0.03828125 0.575 0.0765625 0.11640625
0 0.0453125 0.3453125 0.090625 0.125
0 0.85078125 0.36015625 0.11328125 0.09609375
0 0.96328125 0.44921875 0.0734375 0.1046875
0 0.95078125 0.35859375 0.09765625 0.11640625
0 0.9703125 0.25703125 0.059375 0.0796875
0 0.959375 0.72578125 0.08125 0.11328125
0 0.93828125 0.6 0.11328125 0.11640625
0 0.65078125 0.8203125 0.0796875 0.0828125
0 0.61640625 0.71796875 0.11640625 0.1296875
0 0.4453125 0.7234375 0.1328125 0.1375
0 0.434375 0.48515625 0.08828125 0.11328125
0 0.41171875 0.584375 0.1328125 0.11328125
0 0.5671875 0.60859375 0.08828125 0.1078125
0 0.78671875 0.19375 0.09140625 0.1078125
0 0.78828125 0.07734375 0.12109375 0.12421875
0 0.696875 0.0421875 0.08828125 0.084375
0 0.9328125 0.06015625 0.08828125 0.1
0 0.9078125 0.1328125 0.08671875 0.09609375
0 0.55859375 0.471875 0.08828125 0.0828125
0 0.6484375 0.3265625 0.075 0.1078125
0 0.65390625 0.4265625 0.09140625 0.0796875
0 0.0890625 0.0421875 0.09140625 0.084375
0 0.03046875 0.11953125 0.0609375 0.0890625