0 0.8234375 0.02109375 0.11015625 0.0421875
0 0.3453125 0.04453125 0.0859375 0.0890625
0 0.11953125 0.275 0.09140625 0.0859375
0 0.86328125 0.6125 0.1328125 0.15234375
0 0.45234375 0.47109375 0.11015625 0.12890625
0 0.4390625 0.60859375 0.09140625 0.11015625
0 0.27890625 0.696875 0.1046875 0.1234375
0 0.40703125 0.75859375 0.1328125 0.1140625
0 0.10078125 0.57734375 0.11015625 0.11953125
0 0.1 0.74921875 0.11953125 0.1328125
0 0.659375 0.94296875 0.1140625 0.1140625
0 0.6375 0.76015625 0.08203125 0.11015625
0 0.09765625 0.940625 0.1046875 0.11875
0 0.75703125 0.3953125 0.053125 0.071875
0 0.6 0.55546875 0.04375 0.07578125
0 0.36953125 0.3421875 0.02890625 0.034375
0 0.59140625 0.35 0.034375 0.03828125
0 0.50546875 0.24296875 0.09140625 0.11015625
0 0.94375 0.7890625 0.0859375 0.09140625
0 0.9203125 0.17109375 0.0953125 0.12890625
0 0.8125 0.12421875 0.10078125 0.11953125
0 0.6609375 0.09609375 0.1390625 0.11953125
0 0.61015625 0.0140625 0.1015625 0.028125
0 0.15 0.11953125 0.1140625 0.11015625
0 0.45078125 0.9578125 0.0953125 0.08359375
0 0.99609375 0.3328125 0.0078125 0.053125
0 0.2578125 0.91640625 0.08203125 0.1328125
0 0.18125 0.884375 0.08203125 0.1484375
0 0.2578125 0.48828125 0.11953125 0.18984375
0 0.89140625 0.31171875 0.03828125 0.03828125
0 0.82578125 0.2890625 0.02890625 0.03828125
0 0.82578125 0.4046875 0.02890625 0.034375
0 0.89921875 0.49140625 0.034375 0.04375