0 0.05078125 0.03125 0.0859375 0.0625
0 0.021875 0.14765625 0.04375 0.1140625
0 0.128125 0.27734375 0.121875 0.11875
0 0.37421875 0.16796875 0.0828125 0.1015625
0 0.5359375 0.20625 0.103125 0.1
0 0.934375 0.03671875 0.071875 0.0734375
0 0.778125 0.24140625 0.25 0.2390625
0 0.90859375 0.31640625 0.0359375 0.0390625
0 0.0296875 0.671875 0.059375 0.109375
0 0.35234375 0.39921875 0.1015625 0.1015625
0 0.25078125 0.51171875 0.0546875 0.0703125
0 0.4078125 0.61875 0.075 0.090625
0 0.54296875 0.35625 0.1171875 0.125
0 0.7671875 0.47890625 0.090625 0.0828125
0 0.5875 0.5515625 0.121875 0.140625
0 0.93984375 0.54609375 0.1140625 0.1140625
0 0.94140625 0.66015625 0.1015625 0.1015625
0 0.04140625 0.79765625 0.0671875 0.0859375
0 0.02734375 0.934375 0.0546875 0.125
0 0.22421875 0.94296875 0.0984375 0.1140625
0 0.7421875 0.88671875 0.109375 0.1015625
0 0.88515625 0.92109375 0.1140625 0.1453125
0 0.3296875 0.97265625 0.075 0.0546875
0 0.65 0.08671875 0.090625 0.1171875
0 0.93359375 0.13984375 0.0390625 0.0515625
0 0.96171875 0.234375 0.0546875 0.0625
0 0.33046875 0.525 0.0515625 0.04375
0 0.5828125 0.703125 0.171875 0.125
0 0.22265625 0.75625 0.1015625 0.121875
0 0.2484375 0.634375 0.121875 0.121875
0 0.0828125 0.18203125 0.0625 0.0921875
0 0.7609375 0.06640625 0.04375 0.0609375
0 0.4453125 0.259375 0.1 0.1125
0 0.603125 0.88515625 0.096875 0.1046875
0 0.465625 0.9234375 0.103125 0.134375
0 0.78125 0.34453125 0.0671875 0.0859375
0 0.86328125 0.03359375 0.0703125 0.0671875
0 0.4296875 0.78203125 0.053125 0.0546875
0 0.75390625 0.63984375 0.1703125 0.2171875