0 0.4328125 0.01640625 0.11171875 0.0328125
0 0.5375 0.10703125 0.10625 0.121875
0 0.33984375 0.1671875 0.096875 0.10625
0 0.7828125 0.040625 0.08671875 0.08125
0 0.73515625 0.18046875 0.096875 0.10234375
0 0.93828125 0.246875 0.07734375 0.09296875
0 0.6609375 0.25859375 0.0828125 0.096875
0 0.17734375 0.30859375 0.09296875 0.13125
0 0.42578125 0.38203125 0.08671875 0.0734375
0 0.25703125 0.51953125 0.096875 0.13515625
0 0.44296875 0.5734375 0.10234375 0.13515625
0 0.43515625 0.76640625 0.10625 0.115625
0 0.64453125 0.61875 0.09296875 0.121875
0 0.24609375 0.88203125 0.121875 0.115625
0 0.475 0.928125 0.115625 0.14375
0 0.6515625 0.8234375 0.121875 0.12578125
0 0.69375 0.96015625 0.10234375 0.07890625
0 0.92578125 0.984375 0.0828125 0.03125
0 0.02578125 0.7859375 0.0484375 0.07734375
0 0.0171875 0.7046875 0.034375 0.0734375
0 0.10546875 0.715625 0.121875 0.140625
0 0.034375 0.075 0.06875 0.096875
0 0.12109375 0.0421875 0.0765625 0.084375
0 0.09140625 0.46015625 0.121875 0.10234375
0 0.025 0.20625 0.05 0.115625
0 0.0125 0.33671875 0.025 0.12578125
0 0.815625 0.8578125 0.140625 0.12578125
0 0.96640625 0.83671875 0.0671875 0.0640625
0 0.7796875 0.5671875 0.0734375 0.096875
0 0.82890625 0.671875 0.10234375 0.13125
0 0.959375 0.621875 0.08125 0.096875
0 0.97109375 0.74140625 0.0578125 0.07734375
0 0.05625 0.91015625 0.09296875 0.10625
0 0.16484375 0.984375 0.0671875 0.03125
0 0.65546875 0.4125 0.0828125 0.121875
0 0.746875 0.34375 0.09296875 0.09296875
0 0.8390625 0.34453125 0.0828125 0.10234375
0 0.9109375 0.3703125 0.0734375 0.115625
0 0.97109375 0.1609375 0.0578125 0.0828125
0 0.98359375 0.0734375 0.0328125 0.09296875
0 0.134375 0.153125 0.0828125 0.08671875
0 0.025 0.525 0.05 0.1734375
0 0.22421875 0.0421875 0.1546875 0.084375
0 0.9328125 0.5 0.0890625 0.10390625