0 0.3890625 0.034375 0.12265625 0.06875
0 0.21015625 0.11015625 0.0984375 0.13125
0 0.2046875 0.2890625 0.0984375 0.103125
0 0.3984375 0.33125 0.0984375 0.0984375
0 0.54609375 0.2515625 0.0984375 0.11953125
0 0.71328125 0.26640625 0.08203125 0.0734375
0 0.89609375 0.28046875 0.11953125 0.11171875
0 0.4359375 0.51875 0.07890625 0.103125
0 0.3546875 0.640625 0.103125 0.128125
0 0.471875 0.709375 0.065625 0.08984375
0 0.55390625 0.478125 0.1640625 0.16875
0 0.69609375 0.4546875 0.11953125 0.12265625
0 0.87890625 0.47734375 0.0953125 0.1609375
0 0.7375 0.546875 0.0328125 0.05390625
0 0.5578125 0.63359375 0.08984375 0.08671875
0 0.74453125 0.6578125 0.11171875 0.103125
0 0.63046875 0.73359375 0.103125 0.10625
0 0.8796875 0.75546875 0.05390625 0.0625
0 0.93359375 0.62421875 0.05390625 0.0625
0 0.9671875 0.72734375 0.065625 0.16875
0 0.36171875 0.7953125 0.12265625 0.13125
0 0.4078125 0.91328125 0.11171875 0.0984375
0 0.52109375 0.84609375 0.08203125 0.11171875
0 0.74609375 0.81328125 0.065625 0.0953125
0 0.61328125 0.90546875 0.07890625 0.10625
0 0.76875 0.94375 0.103125 0.1125
0 0.50546875 0.98671875 0.04453125 0.0265625
0 0.02890625 0.0453125 0.05703125 0.08984375
0 0.0390625 0.24453125 0.078125 0.0890625
0 0.37109375 0.159375 0.103125 0.0984375
0 0.52578125 0.08515625 0.08984375 0.0984375
0 0.90078125 0.06171875 0.103125 0.12265625
0 0.00390625 0.6921875 0.0078125 0.11484375
0 0.06171875 0.43828125 0.08984375 0.08984375
0 0.03671875 0.5296875 0.0734375 0.07890625
0 0.06640625 0.678125 0.08984375 0.103125
0 0.0703125 0.80625 0.0984375 0.0984375
0 0.23671875 0.628125 0.103125 0.11171875
0 0.328125 0.51171875 0.08203125 0.11484375
0 0.17421875 0.51953125 0.08671875 0.11484375
0 0.25546875 0.84453125 0.07890625 0.08203125
0 0.2125 0.7578125 0.103125 0.12265625
0 0.8703125 0.89296875 0.0953125 0.1390625
0 0.96015625 0.9375 0.0796875 0.109375
0 0.10234375 0.96015625 0.0984375 0.0796875
0 0.2296875 0.45703125 0.1046875 0.14453125