0 0.5265625 0.0328125 0.09375 0.065625
0 0.39765625 0.12578125 0.0828125 0.1015625
0 0.2828125 0.1875 0.10625 0.109375
0 0.3828125 0.2890625 0.078125 0.125
0 0.87578125 0.046875 0.0796875 0.09375
0 0.95078125 0.15703125 0.0984375 0.1671875
0 0.9546875 0.32421875 0.090625 0.1328125
0 0.0375 0.646875 0.075 0.090625
0 0.06328125 0.359375 0.0859375 0.078125
0 0.1921875 0.3765625 0.109375 0.10625
0 0.3609375 0.40859375 0.075 0.1140625
0 0.18125 0.53046875 0.075 0.1140625
0 0.31328125 0.65 0.0859375 0.090625
0 0.17109375 0.64765625 0.0828125 0.1140625
0 0.640625 0.3671875 0.09375 0.125
0 0.4890625 0.5203125 0.078125 0.109375
0 0.525 0.65546875 0.090625 0.0984375
0 0.95390625 0.51015625 0.0546875 0.0515625
0 0.0390625 0.81328125 0.078125 0.1015625
0 0.1921875 0.79609375 0.046875 0.0828125
0 0.12578125 0.92109375 0.0859375 0.1140625
0 0.27421875 0.953125 0.1015625 0.09375
0 0.53359375 0.78359375 0.0984375 0.1296875
0 0.4515625 0.94765625 0.075 0.0828125
0 0.56796875 0.98203125 0.0734375 0.0359375
0 0.9625 0.875 0.075 0.125
0 0.75625 0.45546875 0.075 0.0828125
0 0.80390625 0.58046875 0.1453125 0.1921875
0 0.78515625 0.80703125 0.0859375 0.0984375
0 0.809375 0.98046875 0.078125 0.0390625
0 0.646875 0.953125 0.075 0.09375
0 0.953125 0.68671875 0.09375 0.1296875
0 0.2109375 0.07265625 0.09375 0.0671875
0 0.19375 0.0140625 0.075 0.028125
0 0.01953125 0.19765625 0.0390625 0.0671875
0 0.7640625 0.05859375 0.090625 0.0859375
0 0.64453125 0.025 0.0859375 0.05
0 0.35 0.54140625 0.075 0.0828125
0 0.3515625 0.8125 0.046875 0.0625
0 0.34453125 0.75078125 0.0546875 0.0390625
0 0.65625 0.79296875 0.078125 0.1015625
0 0.11796875 0.1453125 0.1171875 0.09375
0 0.06640625 0.51953125 0.0859375 0.0703125
0 0.53828125 0.2203125 0.0984375 0.103125
0 0.9546875 0.021875 0.090625 0.04375
0 0.14921875 0.2234375 0.1109375 0.096875
0 0.075 0.03984375 0.109375 0.0796875
0 0.42578125 0.025 0.1015625 0.05