0 0.47421875 0.0484375 0.0890625 0.096875
0 0.55625 0.04296875 0.059375 0.0703125
0 0.29765625 0.1609375 0.1328125 0.109375
0 0.46015625 0.203125 0.0515625 0.0625
0 0.665625 0.0375 0.121875 0.075
0 0.8421875 0.2859375 0.090625 0.09375
0 0.1765625 0.5859375 0.109375 0.125
0 0.21875 0.67421875 0.078125 0.0984375
0 0.72890625 0.4125 0.0984375 0.121875
0 0.61796875 0.50703125 0.0859375 0.0828125
0 0.62421875 0.66875 0.0984375 0.125
0 0.91015625 0.6453125 0.1015625 0.109375
0 0.178125 0.77578125 0.059375 0.0515625
0 0.02109375 0.98203125 0.0421875 0.0359375
0 0.42265625 0.84296875 0.0859375 0.1140625
0 0.5390625 0.85390625 0.09375 0.0984375
0 0.6546875 0.9375 0.10625 0.109375
0 0.9546875 0.9453125 0.090625 0.09375
0 0.29296875 0.9078125 0.0859375 0.090625
0 0.18671875 0.83984375 0.0359375 0.0546875
0 0.1546875 0.94140625 0.10625 0.1171875
0 0.378125 0.96640625 0.109375 0.0671875
0 0.47734375 0.5703125 0.0859375 0.09375
0 0.490625 0.42890625 0.1375 0.1296875
0 0.43203125 0.2875 0.0828125 0.090625
0 0.04296875 0.2953125 0.0859375 0.121875
0 0.0328125 0.37890625 0.065625 0.0703125
0 0.13515625 0.390625 0.0984375 0.15625
0 0.1375 0.27734375 0.078125 0.0703125
0 0.66875 0.8171875 0.09375 0.09375
0 0.08671875 0.56875 0.0546875 0.075
0 0.03125 0.7640625 0.0625 0.059375
0 0.31875 0.79921875 0.075 0.0984375
0 0.9375 0.7953125 0.078125 0.090625
0 0.96875 0.51484375 0.0625 0.0828125
0 0.96640625 0.40546875 0.0671875 0.1015625
0 0.8828125 0.4859375 0.078125 0.090625
0 0.9625 0.2875 0.075 0.10625
0 0.77265625 0.71875 0.0828125 0.109375
0 0.81171875 0.88515625 0.0828125 0.0984375
0 0.7703125 0.97265625 0.09375 0.0546875
0 0.484375 0.725 0.078125 0.090625
0 0.125 0.10859375 0.0625 0.0671875
0 0.70703125 0.15078125 0.0859375 0.0984375
0 0.696875 0.246875 0.090625 0.09375
0 0.53515625 0.153125 0.0859375 0.09375
0 0.421875 0.1625 0.046875 0.059375
0 0.2984375 0.0484375 0.090625 0.075
0 0.8171875 0.08828125 0.125 0.1453125
0 0.0984375 0.18828125 0.09375 0.1171875
0 0.31328125 0.5390625 0.1484375 0.140625
0 0.77265625 0.57890625 0.0671875 0.0546875
0 0.94921875 0.071875 0.1015625 0.14375
0 0.590625 0.32421875 0.078125 0.0765625
0 0.2828125 0.4296875 0.096875 0.0703125
0 0.3515625 0.73125 0.1 0.078125
0 0.30625 0.353125 0.096875 0.1125
0 0.3859375 0.36328125 0.06875 0.0765625
0 0.01953125 0.121875 0.0390625 0.134375