0 0.4984375 0.06640625 0.10546875 0.09609375
0 0.59765625 0.184375 0.1 0.11484375
0 0.4109375 0.240625 0.090625 0.1
0 0.828125 0.11484375 0.08203125 0.090625
0 0.78359375 0.25390625 0.090625 0.09609375
0 0.96875 0.31640625 0.06171875 0.0875
0 0.71328125 0.32734375 0.078125 0.090625
0 0.2578125 0.37421875 0.0875 0.1234375
0 0.4921875 0.44375 0.08203125 0.06875
0 0.3328125 0.57265625 0.090625 0.12734375
0 0.5078125 0.6234375 0.09609375 0.12734375
0 0.50078125 0.80546875 0.1 0.109375
0 0.6984375 0.66640625 0.0875 0.11484375
0 0.32265625 0.91484375 0.11484375 0.109375
0 0.53828125 0.9453125 0.109375 0.109375
0 0.7046875 0.859375 0.11484375 0.11796875
0 0.74375 0.975 0.096875 0.05
0 0.02578125 0.74765625 0.05078125 0.06875
0 0.028125 0.95 0.0453125 0.06328125
0 0.115625 0.8234375 0.0453125 0.07265625
0 0.09609375 0.74765625 0.0546875 0.06875
0 0.18984375 0.75703125 0.11484375 0.1328125
0 0.034375 0.14375 0.06875 0.09453125
0 0.1171875 0.1546875 0.078125 0.090625
0 0.20546875 0.1203125 0.07265625 0.0875
0 0.17734375 0.5171875 0.11484375 0.09609375
0 0.08828125 0.278125 0.1 0.109375
0 0.07109375 0.40078125 0.0875 0.11796875
0 0.859375 0.8921875 0.1328125 0.11796875
0 0.984375 0.871875 0.03125 0.06015625
0 0.82578125 0.61796875 0.06875 0.090625
0 0.871875 0.71640625 0.09609375 0.1234375
0 0.978125 0.66875 0.04375 0.090625
0 0.9890625 0.78203125 0.021875 0.07265625
0 0.14375 0.940625 0.0875 0.1
0 0.7078125 0.471875 0.078125 0.11484375
0 0.79453125 0.40703125 0.0875 0.0875
0 0.88125 0.4078125 0.078125 0.09609375
0 0.94921875 0.4328125 0.06875 0.109375
0 0.0375 0.834375 0.0453125 0.06875
0 0.9890625 0.23515625 0.021875 0.078125
0 0.2171875 0.228125 0.078125 0.08203125
0 0.01640625 0.0453125 0.0328125 0.090625
0 0.06875 0.57734375 0.1375 0.1640625
0 0.59609375 0.06015625 0.0546875 0.07265625
0 0.3015625 0.08203125 0.1453125 0.16328125
0 0.96328125 0.5546875 0.07265625 0.0984375