0 0.39453125 0.04296875 0.1171875 0.0859375
0 0.2234375 0.125 0.09375 0.125
0 0.21875 0.29609375 0.09375 0.0984375
0 0.403125 0.3359375 0.09375 0.09375
0 0.54375 0.26015625 0.09375 0.1140625
0 0.703125 0.27421875 0.078125 0.0703125
0 0.87734375 0.2875 0.1140625 0.10625
0 0.4390625 0.51484375 0.075 0.0984375
0 0.36171875 0.63125 0.0984375 0.121875
0 0.4734375 0.69609375 0.0625 0.0859375
0 0.5515625 0.47578125 0.15625 0.1609375
0 0.68671875 0.45390625 0.1140625 0.1171875
0 0.8609375 0.475 0.090625 0.153125
0 0.7265625 0.54140625 0.03125 0.0515625
0 0.55546875 0.62421875 0.0859375 0.0828125
0 0.7328125 0.64765625 0.10625 0.0984375
0 0.62421875 0.71953125 0.0984375 0.1015625
0 0.86171875 0.740625 0.0515625 0.059375
0 0.91328125 0.615625 0.0515625 0.059375
0 0.95703125 0.71328125 0.0859375 0.1609375
0 0.36796875 0.778125 0.1171875 0.125
0 0.4125 0.890625 0.10625 0.09375
0 0.5203125 0.8265625 0.078125 0.10625
0 0.734375 0.7953125 0.0625 0.090625
0 0.6078125 0.88359375 0.075 0.1015625
0 0.75703125 0.9296875 0.0984375 0.125
0 0.50546875 0.97421875 0.0421875 0.0515625
0 0.6453125 0.984375 0.078125 0.03125
0 0.0390625 0.05703125 0.078125 0.0984375
0 0.059375 0.25390625 0.078125 0.0859375
0 0.37734375 0.171875 0.0984375 0.09375
0 0.52421875 0.1015625 0.0859375 0.09375
0 0.88203125 0.07890625 0.0984375 0.1171875
0 0.015625 0.6796875 0.03125 0.109375
0 0.08203125 0.43828125 0.0859375 0.0859375
0 0.05078125 0.525 0.0859375 0.075
0 0.08671875 0.66640625 0.0859375 0.0984375
0 0.090625 0.7890625 0.09375 0.09375
0 0.24921875 0.61875 0.0984375 0.10625
0 0.3359375 0.5078125 0.078125 0.109375
0 0.18984375 0.515625 0.0828125 0.109375
0 0.2671875 0.825 0.075 0.078125
0 0.22578125 0.74296875 0.0984375 0.1171875
0 0.853125 0.87109375 0.090625 0.1328125
0 0.95078125 0.91484375 0.0984375 0.1046875
0 0.121875 0.94375 0.09375 0.090625
0 0.2421875 0.45625 0.1 0.1375