0 0.20078125 0.040625 0.1140625 0.08125
0 0.59453125 0.05234375 0.0734375 0.0734375
0 0.459375 0.0625 0.10234375 0.09375
0 0.703125 0.01796875 0.0515625 0.0359375
0 0.61796875 0.15625 0.08515625 0.0765625
0 0.4640625 0.18125 0.11953125 0.11953125
0 0.284375 0.27421875 0.1109375 0.1078125
0 0.49765625 0.29375 0.1109375 0.09921875
0 0.69453125 0.11796875 0.06796875 0.13671875
0 0.02890625 0.2578125 0.0578125 0.11953125
0 0.071875 0.1734375 0.11953125 0.128125
0 0.32421875 0.1234375 0.08203125 0.090625
0 0.6703125 0.29609375 0.11640625 0.128125