0 0.04296875 0.21953125 0.0859375 0.1328125
0 0.31875 0.0828125 0.090625 0.09375
0 0.14921875 0.08671875 0.0703125 0.0859375
0 0.140625 0.22890625 0.046875 0.0359375
0 0.71171875 0.121875 0.0703125 0.09375
0 0.896875 0.32109375 0.075 0.0703125
0 0.03125 0.47890625 0.0625 0.1140625
0 0.153125 0.46875 0.0625 0.0625
0 0.2859375 0.5984375 0.109375 0.125
0 0.1234375 0.67109375 0.090625 0.0984375
0 0.140625 0.80703125 0.0625 0.0828125
0 0.6234375 0.4828125 0.090625 0.10625
0 0.634375 0.5953125 0.075 0.090625
0 0.76640625 0.66796875 0.0859375 0.1015625
0 0.6609375 0.71875 0.109375 0.09375
0 0.9125 0.56953125 0.090625 0.0984375
0 0.91328125 0.7109375 0.0984375 0.109375
0 0.453125 0.8765625 0.09375 0.10625
0 0.47109375 0.7203125 0.0671875 0.090625
0 0.91484375 0.87890625 0.0859375 0.1171875
0 0.840625 0.04296875 0.09375 0.0859375
0 0.96171875 0.025 0.0734375 0.05
0 0.3734375 0.4203125 0.04375 0.059375
0 0.50234375 0.5515625 0.0359375 0.0625
0 0.69140625 0.3765625 0.0234375 0.028125
0 0.509375 0.3828125 0.028125 0.03125
0 0.5796875 0.2953125 0.075 0.090625
0 0.08671875 0.39296875 0.0234375 0.0359375
0 0.21953125 0.74375 0.0703125 0.075
0 0.2390625 0.2359375 0.078125 0.10625
0 0.32734375 0.19765625 0.0828125 0.0984375
0 0.45234375 0.17421875 0.1140625 0.0984375
0 0.49453125 0.07734375 0.0828125 0.0828125
0 0.871875 0.19375 0.09375 0.090625
0 0.625 0.89921875 0.078125 0.1015625
0 0.1640625 0.36875 0.03125 0.04375
0 0.2765625 0.96640625 0.078125 0.0671875
0 0.78359375 0.8484375 0.0671875 0.109375
0 0.84609375 0.821875 0.0671875 0.121875
0 0.78359375 0.496875 0.0984375 0.15625
0 0.2625 0.3515625 0.03125 0.03125
0 0.31640625 0.3328125 0.0234375 0.03125
0 0.31640625 0.428125 0.0234375 0.028125
0 0.25625 0.49921875 0.028125 0.0359375
0 0.0390625 0.93125 0.078125 0.121875
0 0.75 0.9734375 0.09375 0.046875