0 0.384375 0.140625 0.075 0.09375
0 0.28515625 0.4078125 0.0703125 0.10625
0 0.384375 0.43359375 0.090625 0.1015625
0 0.48359375 0.49453125 0.0984375 0.0984375
0 0.78203125 0.646875 0.0859375 0.090625
0 0.81328125 0.359375 0.0859375 0.078125
0 0.9421875 0.3765625 0.109375 0.10625
0 0.93125 0.53046875 0.075 0.1140625
0 0.92109375 0.64765625 0.0828125 0.1140625
0 0.61796875 0.803125 0.0546875 0.059375
0 0.78515625 0.81328125 0.0859375 0.1015625
0 0.5703125 0.94296875 0.109375 0.1140625
0 0.70625 0.94296875 0.109375 0.1140625
0 0.9421875 0.79609375 0.046875 0.0828125
0 0.87578125 0.92109375 0.0859375 0.1140625
0 0.9859375 0.953125 0.028125 0.09375
0 0.4484375 0.0328125 0.078125 0.065625
0 0.43046875 0.265625 0.1015625 0.109375
0 0.540625 0.11875 0.10625 0.090625
0 0.52578125 0.22890625 0.0828125 0.0984375
0 0.603125 0.0296875 0.075 0.059375
0 0.390625 0.80390625 0.125 0.1453125
0 0.37421875 0.93984375 0.0984375 0.1140625
0 0.6953125 0.025 0.078125 0.05
0 0.25 0.0859375 0.0625 0.078125
0 0.2328125 0.18671875 0.090625 0.0828125
0 0.95703125 0.07265625 0.0859375 0.0671875
0 0.48046875 0.07734375 0.0390625 0.0515625
0 0.74375 0.19765625 0.090625 0.0671875
0 0.34453125 0.63984375 0.0546875 0.0515625
0 0.59453125 0.64453125 0.0859375 0.1171875
0 0.1875 0.39296875 0.0625 0.0828125
0 0.36015625 0.56953125 0.0703125 0.0828125
0 0.86796875 0.1453125 0.1171875 0.09375
0 0.684375 0.5390625 0.140625 0.140625
0 0.81640625 0.51953125 0.0859375 0.0703125
0 0.81875 0.03515625 0.10625 0.0703125
0 0.90859375 0.02734375 0.0671875 0.0546875
0 0.11953125 0.93359375 0.0515625 0.0546875
0 0.1796875 0.98046875 0.0625 0.0390625
0 0.2671875 0.959375 0.04375 0.04375
0 0.9 0.2265625 0.090625 0.078125