0 0.1015625 0.01953125 0.11484375 0.03828125
0 0.28515625 0.1 0.1109375 0.11484375
0 0.1109375 0.19765625 0.09609375 0.1109375
0 0.35234375 0.215625 0.07265625 0.0859375
0 0.29921875 0.45703125 0.0921875 0.1015625
0 0.7046875 0.03125 0.03828125 0.04375
0 0.628125 0.0796875 0.03828125 0.06328125
0 0.69140625 0.10859375 0.034375 0.04375
0 0.49140625 0.18125 0.1015625 0.0859375
0 0.6796875 0.2578125 0.0578125 0.0671875
0 0.871875 0.25390625 0.134375 0.1625
0 0.98671875 0.090625 0.0265625 0.10546875
0 0.98828125 0.265625 0.02265625 0.04375
0 0.06015625 0.5078125 0.1015625 0.09609375
0 0.25390625 0.609375 0.12421875 0.1109375
0 0.27890625 0.809375 0.0859375 0.10546875
0 0.1453125 0.9234375 0.1109375 0.09609375
0 0.8421875 0.571875 0.13984375 0.13984375
0 0.99140625 0.559375 0.0171875 0.0765625
0 0.9640625 0.80703125 0.071875 0.1203125
0 0.98359375 0.96171875 0.0328125 0.0765625
0 0.6609375 0.46171875 0.134375 0.16875
0 0.93984375 0.46640625 0.02890625 0.04375
0 0.4484375 0.44765625 0.1109375 0.1015625
0 0.40234375 0.6984375 0.09609375 0.0859375
0 0.475 0.83984375 0.11484375 0.13984375
0 0.5375 0.97578125 0.0859375 0.04765625
0 0.12265625 0.65625 0.0921875 0.10546875
0 0.021875 0.925 0.04375 0.07265625
0 0.8046875 0.7953125 0.09609375 0.11484375
0 0.8046875 0.10078125 0.09609375 0.10546875
0 0.51015625 0.72109375 0.1015625 0.1015625
0 0.640625 0.66953125 0.1015625 0.10546875
0 0.48984375 0.596875 0.0859375 0.08203125
0 0.65703125 0.8640625 0.09609375 0.1109375
0 0.81484375 0.425 0.04765625 0.03828125
0 0.484375 0.340625 0.11484375 0.0921875
0 0.16484375 0.409375 0.0921875 0.1015625
0 0.0125 0.64375 0.025 0.1109375
0 0.01953125 0.77890625 0.03828125 0.08203125