0 0.93984375 0.27265625 0.103125 0.1296875
0 0.7484375 0.09375 0.1046875 0.16015625
0 0.68359375 0.1890625 0.09296875 0.11484375
0 0.55078125 0.240625 0.11484375 0.10625
0 0.615625 0.3390625 0.07578125 0.09296875
0 0.7890625 0.31953125 0.11796875 0.11484375
0 0.46015625 0.0546875 0.1265625 0.109375
0 0.14296875 0.028125 0.09296875 0.05546875
0 0.196875 0.14765625 0.09296875 0.1234375
0 0.42890625 0.18671875 0.1015625 0.09296875
0 0.06328125 0.290625 0.1265625 0.13203125
0 0.93828125 0.49375 0.10625 0.07265625
0 0.928125 0.71796875 0.13359375 0.1078125
0 0.696875 0.4375 0.07265625 0.0640625
0 0.4828125 0.64140625 0.09765625 0.1234375
0 0.44375 0.3953125 0.08984375 0.09765625
0 0.2421875 0.4453125 0.1296875 0.1265625
0 0.45703125 0.5296875 0.05546875 0.0421875
0 0.303125 0.55234375 0.09296875 0.11484375
0 0.22734375 0.6046875 0.09296875 0.084375
0 0.190625 0.71484375 0.11484375 0.11796875
0 0.37421875 0.75703125 0.11015625 0.1015625
0 0.8703125 0.84765625 0.09140625 0.1046875
0 0.54296875 0.81484375 0.09296875 0.10625
0 0.70078125 0.96875 0.1078125 0.0625
0 0.153125 0.85078125 0.07265625 0.09296875
0 0.3234375 0.9140625 0.09296875 0.13515625
0 0.475 0.91796875 0.09765625 0.09296875
0 0.20234375 0.96484375 0.1265625 0.0703125
0 0.971875 0.8625 0.05546875 0.09296875
0 0.60859375 0.59453125 0.08984375 0.09765625
0 0.68046875 0.63984375 0.08125 0.09765625
0 0.91796875 0.134375 0.06953125 0.0796875
0 0.92421875 0.0359375 0.1078125 0.071875
0 0.5953125 0.04140625 0.1 0.0828125
0 0.78515625 0.7828125 0.13203125 0.1265625
0 0.7859375 0.93671875 0.11328125 0.10625
0 0.83671875 0.48359375 0.1 0.1296875
0 0.275 0.321875 0.121875 0.11796875
0 0.42890625 0.278125 0.0375 0.0390625
0 0.35390625 0.46875 0.03515625 0.03203125
0 0.271875 0.02734375 0.0375 0.05078125
0 0.103125 0.18046875 0.07109375 0.08125
0 0.8296875 0.13828125 0.06953125 0.0875
0 0.35859375 0.04453125 0.0828125 0.0890625