0 0.028125 0.0703125 0.05625 0.13984375
0 0.1328125 0.0515625 0.06796875 0.06484375
0 0.45703125 0.06484375 0.08515625 0.09921875
0 0.32109375 0.08515625 0.08515625 0.11640625
0 0.61171875 0.12578125 0.1109375 0.12421875
0 0.51796875 0.2609375 0.09375 0.09921875
0 0.7015625 0.0765625 0.08515625 0.09921875
0 0.81640625 0.15 0.1109375 0.11640625
0 0.303125 0.2765625 0.090625 0.10234375
0 0.1921875 0.36953125 0.14140625 0.0765625
0 0.1171875 0.253125 0.0765625 0.090625
0 0.70625 0.25234375 0.06484375 0.06484375
0 0.86796875 0.27265625 0.128125 0.09921875
0 0.028125 0.321875 0.05625 0.10078125