0 0.42109375 0.0515625 0.0359375 0.046875
0 0.72890625 0.0625 0.0359375 0.109375
0 0.08828125 0.0796875 0.0828125 0.090625
0 0.053125 0.19765625 0.10625 0.0984375
0 0.0390625 0.3140625 0.078125 0.121875
0 0.271875 0.2703125 0.10625 0.09375
0 0.65078125 0.06171875 0.0984375 0.0828125
0 0.38515625 0.16328125 0.1140625 0.0984375
0 0.50859375 0.16328125 0.0859375 0.0828125
0 0.49296875 0.29296875 0.0859375 0.1015625
0 0.6234375 0.34296875 0.121875 0.1140625
0 0.13671875 0.90703125 0.0546875 0.0390625
0 0.23359375 0.92890625 0.0359375 0.0359375
0 0.0609375 0.96875 0.04375 0.046875
0 0.13203125 0.98046875 0.0359375 0.0390625
0 0.3046875 0.95234375 0.03125 0.0359375
0 0.38125 0.965625 0.028125 0.03125
0 0.45703125 0.98828125 0.0234375 0.0234375
0 0.32734375 0.04921875 0.0359375 0.0359375
0 0.53125 0.03515625 0.0625 0.0703125
0 0.4625 0.3984375 0.075 0.078125
0 0.3734375 0.29296875 0.090625 0.0703125
0 0.35234375 0.3796875 0.0859375 0.078125
0 0.25859375 0.36015625 0.0859375 0.0859375
0 0.1640625 0.32890625 0.09375 0.0859375
0 0.165625 0.2390625 0.090625 0.078125
0 0.18984375 0.14921875 0.0984375 0.0859375
0 0.62578125 0.16484375 0.1015625 0.1171875
0 0.71953125 0.20703125 0.0546875 0.1640625
0 0.553125 0.50859375 0.121875 0.1328125