0 0.06640625 0.03515625 0.084375 0.0703125
0 0.07109375 0.12890625 0.10390625 0.084375
0 0.28046875 0.040625 0.10703125 0.08125
0 0.17578125 0.06484375 0.09609375 0.10078125
0 0.2875 0.134375 0.04765625 0.04765625
0 0.11640625 0.2796875 0.0609375 0.04453125
0 0.503125 0.01953125 0.0796875 0.03828125
0 0.70078125 0.02734375 0.084375 0.0546875
0 0.5421875 0.07890625 0.18359375 0.10390625
0 0.95703125 0.2 0.0859375 0.12421875
0 0.0078125 0.34375 0.015625 0.04453125
0 0.02421875 0.56484375 0.04765625 0.11640625
0 0.034375 0.63125 0.03671875 0.04453125
0 0.39609375 0.4640625 0.02890625 0.03671875
0 0.1484375 0.54765625 0.04453125 0.0609375
0 0.4015625 0.53984375 0.03671875 0.04453125
0 0.08984375 0.5515625 0.04453125 0.05234375
0 0.1546875 0.62890625 0.04765625 0.05234375
0 0.4125 0.6375 0.02890625 0.03203125
0 0.10625 0.71015625 0.03671875 0.03984375
0 0.43359375 0.73125 0.05234375 0.0765625
0 0.765625 0.42265625 0.071875 0.10390625
0 0.684375 0.4359375 0.06875 0.0609375
0 0.48984375 0.45625 0.03671875 0.03671875
0 0.86953125 0.49375 0.0875 0.11171875
0 0.49453125 0.5296875 0.03984375 0.05625
0 0.7953125 0.57265625 0.10859375 0.11640625
0 0.5109375 0.62265625 0.03203125 0.04453125
0 0.50859375 0.70390625 0.03671875 0.05234375
0 0.9609375 0.54921875 0.078125 0.11171875
0 0.04375 0.709375 0.03984375 0.04765625
0 0.015625 0.88359375 0.03125 0.1015625
0 0.44375 0.83125 0.02890625 0.03671875
0 0.44375 0.89921875 0.02890625 0.04453125
0 0.45078125 0.98359375 0.0640625 0.0328125
0 0.51875 0.78203125 0.071875 0.0875
0 0.6578125 0.809375 0.03203125 0.05625
0 0.8359375 0.88515625 0.084375 0.17578125
0 0.7296875 0.84765625 0.0796875 0.084375
0 0.6125 0.8734375 0.084375 0.09609375
0 0.51640625 0.87265625 0.084375 0.071875
0 0.68046875 0.91953125 0.04453125 0.06875
0 0.746875 0.95546875 0.071875 0.0765625
0 0.94765625 0.87890625 0.09296875 0.0765625
0 0.05078125 0.2796875 0.04765625 0.04453125
0 0.0109375 0.4109375 0.021875 0.053125
0 0.0203125 0.4734375 0.03984375 0.05625
0 0.1375 0.4640625 0.04453125 0.05234375
0 0.06875 0.346875 0.04453125 0.04765625
0 0.128125 0.3359375 0.04765625 0.05234375
0 0.13359375 0.4046875 0.05234375 0.05234375
0 0.09765625 0.63203125 0.04453125 0.05234375
0 0.0734375 0.40546875 0.04453125 0.04765625
0 0.0828125 0.46953125 0.04765625 0.0640625
0 0.9 0.03125 0.11640625 0.0625
0 0.803125 0.05234375 0.09296875 0.09296875
0 0.8171875 0.7109375 0.10078125 0.10859375
0 0.88984375 0.6375 0.09609375 0.11171875
0 0.96484375 0.6953125 0.0703125 0.10078125
0 0.85625 0.3328125 0.10859375 0.11640625
0 0.7640625 0.2546875 0.10078125 0.10390625
0 0.59453125 0.2203125 0.04765625 0.0765625
0 0.6546875 0.20234375 0.0640625 0.05625
0 0.6546875 0.27421875 0.0640625 0.071875
0 0.60078125 0.3359375 0.0609375 0.084375
0 0.55078125 0.3890625 0.0640625 0.06875
0 0.6171875 0.415625 0.06875 0.09296875
0 0.66484375 0.34453125 0.0609375 0.06875
0 0.55703125 0.478125 0.05234375 0.071875
0 0.62421875 0.49453125 0.0609375 0.071875
0 0.57109375 0.56015625 0.05625 0.084375
0 0.690625 0.5421875 0.071875 0.071875
0 0.9484375 0.290625 0.05234375 0.0640625
0 0.8859375 0.2109375 0.0875 0.11171875
0 0.64296875 0.60234375 0.071875 0.0796875
0 0.9484375 0.3984375 0.103125 0.109375
0 0.5796875 0.64921875 0.04453125 0.071875
0 0.7125 0.63828125 0.0609375 0.071875
0 0.60390625 0.765625 0.0609375 0.071875
0 0.7203125 0.74375 0.0609375 0.084375
0 0.65234375 0.71015625 0.084375 0.0875
0 0.1640625 0.70546875 0.03984375 0.03984375
0 0.01328125 0.98203125 0.0265625 0.0359375
0 0.05078125 0.78515625 0.03203125 0.02421875
0 0.175 0.77578125 0.03984375 0.03671875
0 0.29765625 0.846875 0.03671875 0.04453125
0 0.23125 0.853125 0.03203125 0.04765625
0 0.18125 0.85546875 0.03671875 0.03671875
0 0.128125 0.8625 0.03203125 0.04453125
0 0.3 0.9265625 0.04453125 0.04453125
0 0.25 0.9328125 0.03671875 0.04765625
0 0.18828125 0.9390625 0.04453125 0.04453125
0 0.23359375 0.78046875 0.04453125 0.03671875
0 0.28984375 0.77421875 0.03671875 0.03984375
0 0.35078125 0.76328125 0.03984375 0.04453125
0 0.6234375 0.96796875 0.059375 0.0640625
0 0.93203125 0.78203125 0.084375 0.071875
0 0.39140625 0.07265625 0.0640625 0.06875
0 0.19453125 0.33828125 0.04765625 0.04765625
0 0.271875 0.53046875 0.04140625 0.04765625
0 0.31875 0.525 0.03984375 0.04453125
0 0.21328125 0.54453125 0.05234375 0.05234375
0 0.21875 0.615625 0.04765625 0.03671875
0 0.34375 0.68046875 0.04765625 0.05234375
0 0.278125 0.69296875 0.03828125 0.0546875
0 0.21953125 0.6890625 0.04921875 0.04453125
0 0.303125 0.25703125 0.04765625 0.04453125
0 0.17578125 0.26328125 0.04921875 0.04140625
0 0.13046875 0.93671875 0.03671875 0.04609375
0 0.071875 0.94140625 0.04140625 0.04921875
0 0.0609375 0.86796875 0.03515625 0.04609375