0 0.27265625 0.0140625 0.0515625 0.028125
0 0.13828125 0.0171875 0.0578125 0.034375
0 0.06484375 0.0296875 0.0515625 0.059375
0 0.2078125 0.02734375 0.046875 0.0546875
0 0.54921875 0.015625 0.0515625 0.03125
0 0.8125 0.025 0.046875 0.05
0 0.4734375 0.04375 0.0625 0.0625
0 0.74296875 0.05625 0.0546875 0.059375
0 0.01953125 0.31171875 0.0390625 0.0359375
0 0.025 0.36640625 0.05 0.0390625
0 0.1375 0.0671875 0.046875 0.046875
0 0.2703125 0.07734375 0.046875 0.0515625
0 0.0703125 0.10625 0.046875 0.046875
0 0.19765625 0.11015625 0.0515625 0.0546875
0 0.26796875 0.14921875 0.0515625 0.0546875
0 0.12734375 0.14296875 0.0515625 0.0515625
0 0.40546875 0.15703125 0.0515625 0.0546875
0 0.1953125 0.18828125 0.046875 0.0546875
0 0.33203125 0.19609375 0.0546875 0.0546875
0 0.13359375 0.21796875 0.0546875 0.0515625
0 0.2578125 0.23125 0.046875 0.0625
0 0.4 0.23359375 0.04375 0.0515625
0 0.18984375 0.2625 0.0671875 0.0625
0 0.32265625 0.26953125 0.0515625 0.0546875
0 0.15703125 0.428125 0.0390625 0.04375
0 0.54296875 0.08203125 0.0546875 0.0390625
0 0.81328125 0.0953125 0.0390625 0.059375
0 0.68046875 0.09296875 0.0546875 0.0515625
0 0.47578125 0.11640625 0.0515625 0.0515625
0 0.60625 0.12890625 0.046875 0.0546875
0 0.74140625 0.13203125 0.0515625 0.0515625
0 0.67265625 0.1640625 0.0546875 0.0625
0 0.53515625 0.1640625 0.0546875 0.0625
0 0.803125 0.1734375 0.04375 0.04375
0 0.46484375 0.1921875 0.0546875 0.046875
0 0.73125 0.215625 0.046875 0.046875
0 0.790625 0.25703125 0.04375 0.0515625
0 0.6015625 0.33046875 0.046875 0.0359375
0 0.7078125 0.39453125 0.109375 0.1015625
0 0.93046875 0.10859375 0.0390625 0.0515625
0 0.8734375 0.14296875 0.04375 0.0359375
0 0.9203125 0.1734375 0.028125 0.028125
0 0.85625 0.209375 0.046875 0.04375
0 0.01171875 0.6609375 0.0234375 0.046875
0 0.0140625 0.73125 0.028125 0.03125
0 0.0171875 0.79453125 0.034375 0.0421875
0 0.17109375 0.553125 0.0359375 0.028125
0 0.05390625 0.5625 0.0359375 0.046875
0 0.11640625 0.590625 0.0359375 0.046875
0 0.17578125 0.6140625 0.0390625 0.03125
0 0.06171875 0.6234375 0.0359375 0.04375
0 0.12109375 0.64921875 0.0390625 0.0390625
0 0.1796875 0.68203125 0.03125 0.0359375
0 0.071875 0.6921875 0.028125 0.03125
0 0.12421875 0.715625 0.0359375 0.046875
0 0.19140625 0.74140625 0.0390625 0.0359375
0 0.075 0.75390625 0.03125 0.0390625
0 0.25234375 0.76015625 0.0359375 0.0359375
0 0.30625 0.79609375 0.04375 0.0359375
0 0.259375 0.834375 0.04375 0.04375
0 0.78984375 0.4765625 0.0703125 0.078125
0 0.56640625 0.5546875 0.0859375 0.078125
0 0.68359375 0.571875 0.0859375 0.090625
0 0.69453125 0.68046875 0.0984375 0.1015625
0 0.4890625 0.6734375 0.078125 0.090625
0 0.96640625 0.78828125 0.0671875 0.1484375
0 0.04375 0.98828125 0.03125 0.0234375
0 0.31484375 0.8515625 0.0359375 0.03125
0 0.37734375 0.8796875 0.0515625 0.046875
0 0.2578125 0.88359375 0.03125 0.0234375
0 0.3828125 0.94375 0.03125 0.028125
0 0.153125 0.9765625 0.03125 0.03125
0 0.33515625 0.98125 0.0359375 0.03125
0 0.67578125 0.0171875 0.0546875 0.034375
0 0.61171875 0.04765625 0.0515625 0.0546875
0 0.34375 0.0375 0.046875 0.059375
0 0.40703125 0.0171875 0.0578125 0.034375
0 0.33515625 0.11328125 0.0515625 0.0546875
0 0.40859375 0.08046875 0.0515625 0.0515625
0 0.0171875 0.2375 0.034375 0.046875
0 0.07890625 0.33046875 0.0546875 0.0515625
0 0.1296875 0.36640625 0.046875 0.0515625
0 0.10234375 0.39140625 0.0703125 0.0546875
0 0.0390625 0.4296875 0.046875 0.0625
0 0.0515625 0.5 0.046875 0.0625
0 0.0984375 0.46015625 0.0625 0.0515625
0 0.01171875 0.53359375 0.0234375 0.0515625
0 0.25625 0.29765625 0.04375 0.0390625
0 0.19375 0.3359375 0.04375 0.046875
0 0.59609375 0.2015625 0.0515625 0.059375
0 0.5359375 0.2359375 0.046875 0.04375
0 0.46171875 0.2703125 0.0546875 0.0625
0 0.9234375 0.03125 0.059375 0.0625
0 0.8796875 0.05625 0.046875 0.059375
0 0.77421875 0.8015625 0.0859375 0.109375
0 0.86796875 0.61953125 0.0703125 0.0828125
0 0.9546875 0.5359375 0.090625 0.109375
0 0.978125 0.4140625 0.04375 0.09375
0 0.13515625 0.778125 0.0359375 0.03125
0 0.12734375 0.83828125 0.0828125 0.0828125
0 0.08828125 0.88203125 0.0359375 0.0359375
0 0.146875 0.90546875 0.028125 0.0359375
0 0.2015625 0.80625 0.04375 0.04375
0 0.078125 0.82109375 0.03125 0.0390625
0 0.0953125 0.946875 0.04375 0.059375
0 0.040625 0.9265625 0.028125 0.03125
0 0.37734375 0.40625 0.1921875 0.125
0 0.87578125 0.34375 0.0859375 0.09375
0 0.0140625 0.15234375 0.028125 0.1015625
0 0.2265625 0.57890625 0.03125 0.0390625
0 0.2359375 0.6453125 0.028125 0.03125
0 0.2359375 0.69453125 0.028125 0.0359375
0 0.29765625 0.72734375 0.0390625 0.0390625
0 0.36171875 0.75078125 0.0359375 0.0390625
0 0.3640625 0.809375 0.03125 0.03125
0 0.4234375 0.83828125 0.028125 0.0359375
0 0.4359375 0.90546875 0.028125 0.0359375
0 0.496875 0.93359375 0.046875 0.0390625
0 0.55859375 0.9546875 0.0390625 0.028125
0 0.684375 0.7703125 0.046875 0.046875
0 0.5796875 0.76484375 0.04375 0.0359375
0 0.5328125 0.71875 0.04375 0.046875
0 0.58984375 0.65078125 0.0546875 0.0515625
0 0.603125 0.434375 0.059375 0.078125
0 0.525 0.3109375 0.075 0.075
0 0.859375 0.5234375 0.046875 0.046875
0 0.4140625 0.5734375 0.0703125 0.075