0 0.34140625 0.025 0.0421875 0.05
0 0.44453125 0.05078125 0.0671875 0.0703125
0 0.89375 0.025 0.109375 0.05
0 0.60625 0.07421875 0.078125 0.1015625
0 0.2171875 0.30625 0.075 0.090625
0 0.20390625 0.4 0.1015625 0.090625
0 0.2515625 0.0453125 0.075 0.090625
0 0.4265625 0.15 0.046875 0.04375
0 0.33828125 0.18359375 0.1140625 0.1328125
0 0.5078125 0.20546875 0.09375 0.1140625
0 0.39296875 0.34296875 0.0828125 0.0984375
0 0.78359375 0.1078125 0.0984375 0.121875
0 0.95859375 0.16484375 0.0828125 0.0890625
0 0.63203125 0.16015625 0.0515625 0.0546875
0 0.6765625 0.21953125 0.046875 0.0390625
0 0.6953125 0.278125 0.09375 0.078125
0 0.93046875 0.27578125 0.0546875 0.0671875
0 0.97265625 0.42578125 0.0546875 0.0546875
0 0.9859375 0.3359375 0.028125 0.0625
0 0.0296875 0.48828125 0.059375 0.1171875
0 0.17109375 0.56484375 0.0359375 0.0359375
0 0.1171875 0.70390625 0.109375 0.0859375
0 0.0328125 0.84296875 0.065625 0.1328125
0 0.49296875 0.48671875 0.1171875 0.1140625
0 0.609375 0.5609375 0.09375 0.153125
0 0.33046875 0.59453125 0.0671875 0.0859375
0 0.4734375 0.63203125 0.140625 0.1140625
0 0.271875 0.76015625 0.075 0.0984375
0 0.43984375 0.796875 0.0828125 0.109375
0 0.86015625 0.60625 0.0703125 0.0625
0 0.72109375 0.6453125 0.1140625 0.09375
0 0.96171875 0.7546875 0.0546875 0.046875
0 0.590625 0.77734375 0.078125 0.1015625
0 0.71875 0.82890625 0.109375 0.1328125
0 0.178125 0.871875 0.10625 0.140625
0 0.0234375 0.98046875 0.046875 0.0390625
0 0.5484375 0.8484375 0.028125 0.03125
0 0.49453125 0.92109375 0.1140625 0.1296875
0 0.8015625 0.94609375 0.078125 0.0859375
0 0.90546875 0.95390625 0.0359375 0.0390625
0 0.978125 0.965625 0.04375 0.0625
0 0.65546875 0.96875 0.0515625 0.046875
0 0.35 0.43828125 0.090625 0.1171875
0 0.7203125 0.42421875 0.090625 0.0984375
0 0.8265625 0.29765625 0.10625 0.1015625
0 0.5515625 0.3875 0.078125 0.09375
0 0.33203125 0.871875 0.0859375 0.109375
0 0.34296875 0.96015625 0.0828125 0.0671875
0 0.14140625 0.1859375 0.0546875 0.075
0 0.040625 0.32890625 0.08125 0.1296875
0 0.75234375 0.51484375 0.0984375 0.0984375
0 0.8671875 0.465625 0.09375 0.09375
0 0.9375 0.55390625 0.09375 0.0984375
0 0.86328125 0.76015625 0.0921875 0.0828125
0 0.9265625 0.85390625 0.0625 0.0734375