0 0.953125 0.13125 0.09375 0.08984375
0 0.91640625 0.29375 0.103125 0.13125
0 0.4765625 0.0203125 0.09375 0.040625
0 0.65078125 0.196875 0.09921875 0.12734375
0 0.37109375 0.07265625 0.08984375 0.09375
0 0.76015625 0.103125 0.10859375 0.12734375
0 0.4140625 0.27265625 0.12734375 0.15546875
0 0.7265625 0.29609375 0.10859375 0.12734375
0 0.0328125 0.0296875 0.0625 0.059375
0 0.02109375 0.134375 0.0421875 0.1125
0 0.275 0.21796875 0.05625 0.046875
0 0.98125 0.42109375 0.0375 0.16484375
0 0.890625 0.52421875 0.11796875 0.10859375
0 0.975 0.625 0.05 0.13125
0 0.790625 0.66484375 0.09375 0.12734375
0 0.82578125 0.39140625 0.10859375 0.13125
0 0.54609375 0.35859375 0.084375 0.140625
0 0.3765625 0.44296875 0.05234375 0.028125
0 0.66953125 0.51875 0.11796875 0.13125
0 0.5390625 0.496875 0.05234375 0.06171875
0 0.4546875 0.5609375 0.05234375 0.065625
0 0.35078125 0.55234375 0.06171875 0.05234375
0 0.38515625 0.7015625 0.11796875 0.215625
0 0.6 0.7234375 0.09921875 0.103125
0 0.2609375 0.34609375 0.140625 0.14609375
0 0.04453125 0.39921875 0.0890625 0.1546875
0 0.16484375 0.4546875 0.05234375 0.07109375
0 0.2453125 0.55625 0.10859375 0.13125
0 0.02578125 0.6171875 0.0515625 0.109375
0 0.17578125 0.75625 0.1125 0.13125
0 0.95625 0.8078125 0.0875 0.103125
0 0.953125 0.9671875 0.05625 0.065625
0 0.703125 0.82265625 0.04296875 0.046875
0 0.4453125 0.86953125 0.05234375 0.046875
0 0.6328125 0.95625 0.08984375 0.08046875
0 0.5390625 0.9921875 0.03359375 0.01484375
0 0.07109375 0.89765625 0.07109375 0.084375
0 0.2078125 0.9546875 0.08984375 0.08984375
0 0.01328125 0.81328125 0.0265625 0.121875
0 0.55078125 0.85859375 0.075 0.08046875
0 0.4203125 0.9625 0.103125 0.075
0 0.81328125 0.82109375 0.121875 0.13671875
0 0.92421875 0.04375 0.1171875 0.0875
0 0.18203125 0.01796875 0.09375 0.0359375
0 0.2328125 0.09921875 0.084375 0.12734375
0 0.0984375 0.209375 0.11796875 0.1125
0 0.83515625 0.940625 0.10859375 0.11796875
0 0.58125 0.08125 0.09921875 0.09921875
0 0.64921875 0.6453125 0.084375 0.084375