0 0.90703125 0.18359375 0.10546875 0.10546875
0 0.98828125 0.28359375 0.0234375 0.1140625
0 0.81171875 0.5265625 0.10078125 0.1140625
0 0.990625 0.6671875 0.01875 0.109375
0 0.91640625 0.7359375 0.1140625 0.0921875
0 0.953125 0.98046875 0.046875 0.03828125
0 0.696875 0.3234375 0.05546875 0.0671875
0 0.63125 0.27578125 0.0640625 0.071875
0 0.5671875 0.325 0.0640625 0.07578125
0 0.55625 0.23828125 0.07578125 0.0640625
0 0.42109375 0.31796875 0.08046875 0.05546875
0 0.421875 0.38359375 0.07578125 0.07578125
0 0.7765625 0.35625 0.046875 0.03828125
0 0.71953125 0.4796875 0.08359375 0.0671875
0 0.65234375 0.43125 0.0671875 0.08046875
0 0.56640625 0.4703125 0.071875 0.05859375
0 0.57734375 0.39921875 0.0671875 0.0671875
0 0.63671875 0.3484375 0.05859375 0.071875
0 0.48359375 0.19453125 0.0640625 0.0671875
0 0.48984375 0.26796875 0.05 0.05546875
0 0.4125 0.23203125 0.0640625 0.05859375
0 0.40078125 0.165625 0.05 0.05859375
0 0.3421875 0.1984375 0.0671875 0.05859375
0 0.3296875 0.12421875 0.05859375 0.0640625
0 0.2703125 0.15625 0.0640625 0.05
0 0.27109375 0.23359375 0.05859375 0.0640625
0 0.353125 0.275 0.071875 0.08046875
0 0.18671875 0.11328125 0.07578125 0.071875
0 0.259375 0.0953125 0.0421875 0.046875
0 0.1125 0.0828125 0.0671875 0.071875
0 0.11796875 0.01328125 0.0890625 0.0265625
0 0.04140625 0.059375 0.05859375 0.05859375
0 0.046875 0.13203125 0.0640625 0.05859375
0 0.121875 0.1640625 0.071875 0.0671875
0 0.1890625 0.20703125 0.071875 0.07578125
0 0.1203125 0.2484375 0.05859375 0.0671875
0 0.053125 0.2046875 0.05859375 0.0640625
0 0.28046875 0.3171875 0.0671875 0.046875
0 0.33984375 0.365625 0.05546875 0.0671875
0 0.4984375 0.35390625 0.0671875 0.0671875
0 0.4984375 0.43203125 0.0671875 0.071875
0 0.43125 0.4703125 0.0671875 0.07578125
0 0.3546875 0.44296875 0.05859375 0.0640625
0 0.3546875 0.521875 0.05859375 0.0671875
0 0.28203125 0.47734375 0.0640625 0.071875
0 0.2796875 0.39375 0.05859375 0.071875
0 0.2 0.36171875 0.0671875 0.05859375
0 0.64453125 0.50859375 0.0671875 0.0671875
0 0.70859375 0.546875 0.05546875 0.0671875
0 0.646875 0.59140625 0.071875 0.071875
0 0.57734375 0.55546875 0.05 0.0671875
0 0.50625 0.52109375 0.07578125 0.07578125
0 0.43515625 0.553125 0.05859375 0.071875
0 0.5015625 0.59609375 0.0671875 0.07578125
0 0.50703125 0.671875 0.0671875 0.07578125
0 0.65390625 0.671875 0.05859375 0.05859375
0 0.70625 0.6328125 0.046875 0.046875
0 0.7953125 0.675 0.08359375 0.10546875
0 0.5921875 0.7203125 0.0640625 0.071875
0 0.57734375 0.63359375 0.0671875 0.05546875
0 0.7921875 0.77890625 0.10078125 0.08046875
0 0.6578125 0.7625 0.0671875 0.071875
0 0.7125 0.78203125 0.0421875 0.0671875
0 0.66328125 0.83828125 0.05546875 0.05546875
0 0.5125 0.76484375 0.071875 0.0671875
0 0.446875 0.72734375 0.05859375 0.07578125
0 0.36484375 0.6890625 0.071875 0.07578125
0 0.36328125 0.59921875 0.05859375 0.0640625
0 0.2984375 0.64140625 0.0640625 0.071875
0 0.22109375 0.60859375 0.08359375 0.071875
0 0.06015625 0.28125 0.0640625 0.071875
0 0.21171875 0.43515625 0.0640625 0.071875
0 0.125 0.39765625 0.05859375 0.0640625
0 0.1265625 0.31953125 0.071875 0.05859375
0 0.1890625 0.28359375 0.03828125 0.046875
0 0.05546875 0.36640625 0.08046875 0.07578125
0 0.0125 0.415625 0.025 0.071875
0 0.065625 0.4546875 0.0671875 0.0671875
0 0.1375 0.484375 0.0671875 0.07578125
0 0.01484375 0.49609375 0.0296875 0.0671875
0 0.06875 0.5328125 0.0640625 0.071875
0 0.2125 0.5265625 0.05859375 0.0640625
0 0.28125 0.56015625 0.05546875 0.0640625
0 0.1390625 0.5671875 0.0640625 0.0671875
0 0.0703125 0.6046875 0.0671875 0.07578125
0 0.140625 0.64296875 0.0671875 0.08359375
0 0.58828125 0.8 0.071875 0.0640625
0 0.52265625 0.8421875 0.05859375 0.0640625
0 0.5921875 0.884375 0.08046875 0.08046875
0 0.51875 0.92890625 0.0671875 0.07578125
0 0.44765625 0.896875 0.0671875 0.071875
0 0.43984375 0.8109375 0.08359375 0.07578125
0 0.59609375 0.959375 0.071875 0.08046875
0 0.459375 0.96796875 0.0671875 0.0640625
0 0.3828125 0.98671875 0.0640625 0.0265625
0 0.31484375 0.971875 0.0671875 0.05625
0 0.384375 0.9328125 0.0671875 0.0671875
0 0.37578125 0.85234375 0.05 0.0671875
0 0.30859375 0.9015625 0.0671875 0.071875
0 0.3046875 0.815625 0.05859375 0.0671875
0 0.23046875 0.86171875 0.071875 0.07578125
0 0.2359375 0.9296875 0.05546875 0.0640625
0 0.1609375 0.971875 0.071875 0.05625
0 0.16171875 0.90234375 0.05859375 0.0671875
0 0.21953125 0.68984375 0.0640625 0.0671875
0 0.228125 0.7734375 0.046875 0.0671875
0 0.15234375 0.725 0.0640625 0.08046875
0 0.16015625 0.81171875 0.05546875 0.0640625
0 0.0890625 0.775 0.0640625 0.0640625
0 0.06875 0.70078125 0.0640625 0.05546875
0 0.02265625 0.74140625 0.0453125 0.0640625
0 0.02109375 0.81796875 0.0421875 0.0890625
0 0.0875 0.8609375 0.0671875 0.0671875
0 0.09140625 0.946875 0.07578125 0.071875
0 0.03046875 0.971875 0.0578125 0.05625
0 0.02109375 0.9078125 0.0421875 0.0671875
0 0.890625 0.9765625 0.0640625 0.046875
0 0.896875 0.9203125 0.0421875 0.0421875
0 0.90234375 0.83671875 0.08046875 0.0921875
0 0.72890625 0.8609375 0.0421875 0.05
0 0.7265625 0.959375 0.08046875 0.08046875
0 0.79375 0.90234375 0.08046875 0.08359375
0 0.2953125 0.7265625 0.046875 0.0671875
0 0.37890625 0.76640625 0.0640625 0.0640625
0 0.01484375 0.575 0.0296875 0.071875
0 0.01484375 0.6609375 0.0296875 0.046875
0 0.84609375 0.2921875 0.0921875 0.09765625
0 0.85859375 0.38203125 0.109375 0.0890625
0 0.95078125 0.07109375 0.05859375 0.05546875
0 0.940625 0.5953125 0.11875 0.1140625
0 0.93359375 0.46171875 0.1328125 0.13125