0 0.95 0.034375 0.1 0.06875
0 0.0625 0.0921875 0.0484375 0.05234375
0 0.32265625 0.059375 0.11796875 0.11796875
0 0.29453125 0.21328125 0.0609375 0.05234375
0 0.415625 0.3203125 0.1125 0.075
0 0.54921875 0.05 0.0859375 0.1
0 0.8453125 0.075 0.1390625 0.1390625
0 0.87578125 0.23125 0.1125 0.08671875
0 0.584375 0.36953125 0.075 0.10390625
0 0.021875 0.40390625 0.04375 0.075
0 0.1359375 0.4046875 0.0921875 0.1390625
0 0.4046875 0.48671875 0.11796875 0.0953125
0 0.52265625 0.6109375 0.08359375 0.10078125
0 0.2125 0.6609375 0.0953125 0.0953125
0 0.45625 0.77421875 0.08359375 0.10390625
0 0.80234375 0.4125 0.08671875 0.075
0 0.65625 0.5484375 0.11796875 0.10390625
0 0.84453125 0.565625 0.0921875 0.10390625
0 0.65703125 0.709375 0.075 0.0953125
0 0.8265625 0.7453125 0.10078125 0.14375
0 0.97890625 0.40625 0.04140625 0.065625
0 0.9765625 0.58671875 0.046875 0.121875
0 0.9875 0.7296875 0.02421875 0.0953125
0 0.0453125 0.82578125 0.065625 0.078125
0 0.21875 0.82578125 0.10078125 0.1125
0 0.43984375 0.91875 0.0921875 0.10078125
0 0.80234375 0.915625 0.08671875 0.0921875
0 0.63046875 0.90390625 0.0484375 0.0609375
0 0.9921875 0.11640625 0.015625 0.11796875
0 0.48203125 0.16640625 0.0953125 0.15625
0 0.67109375 0.12578125 0.075 0.05703125
0 0.6796875 0.2078125 0.109375 0.0921875
0 0.17421875 0.10390625 0.140625 0.1109375
0 0.134375 0.21875 0.09921875 0.096875