0 0.9390625 0.015625 0.10625 0.03125
0 0.040625 0.02734375 0.08125 0.0546875
0 0.0671875 0.165625 0.09375 0.10625
0 0.228125 0.2203125 0.090625 0.10625
0 0.3765625 0.209375 0.090625 0.10625
0 0.415625 0.3265625 0.090625 0.10625
0 0.353125 0.38515625 0.059375 0.0515625
0 0.259375 0.38359375 0.10625 0.1328125
0 0.55078125 0.24375 0.1796875 0.184375
0 0.509375 0.39765625 0.090625 0.1296875
0 0.90078125 0.21484375 0.1140625 0.1171875
0 0.9140625 0.38359375 0.09375 0.1171875
0 0.11015625 0.4890625 0.1171875 0.109375
0 0.415625 0.48125 0.075 0.09375
0 0.26796875 0.521875 0.0984375 0.10625
0 0.42265625 0.65 0.1328125 0.10625
0 0.1421875 0.634375 0.090625 0.10625
0 0.22265625 0.77265625 0.0859375 0.1140625
0 0.84375 0.4375 0.046875 0.046875
0 0.765625 0.4515625 0.078125 0.075
0 0.575 0.496875 0.078125 0.09375
0 0.7078125 0.56171875 0.109375 0.1140625
0 0.5796875 0.65703125 0.075 0.1015625
0 0.81484375 0.6640625 0.0828125 0.078125
0 0.7390625 0.725 0.109375 0.10625
0 0.5984375 0.81328125 0.09375 0.1171875
0 0.090625 0.853125 0.0625 0.10625
0 0.4140625 0.85859375 0.0625 0.0515625
0 0.2203125 0.9046875 0.10625 0.10625
0 0.52265625 0.953125 0.0828125 0.078125
0 0.70703125 0.85234375 0.1015625 0.1328125
0 0.81171875 0.94921875 0.0984375 0.1015625
0 0.684375 0.9765625 0.125 0.046875
0 0.953125 0.93125 0.09375 0.1375
0 0.8953125 0.8609375 0.109375 0.121875
0 0.9234375 0.678125 0.075 0.075
0 0.97421875 0.7421875 0.0515625 0.078125
0 0.81640625 0.334375 0.0859375 0.090625
0 0.73046875 0.34609375 0.0703125 0.1140625
0 0.9515625 0.5859375 0.075 0.078125
0 0.821875 0.57890625 0.059375 0.0859375