0 0.03359375 0.04921875 0.04375 0.04765625
0 0.13125 0.06328125 0.0671875 0.0765625
0 0.1234375 0.32109375 0.08203125 0.0859375
0 0.34609375 0.0203125 0.0859375 0.03984375
0 0.4390625 0.0265625 0.0625 0.053125
0 0.5125 0.02890625 0.06328125 0.0578125
0 0.48046875 0.11328125 0.08046875 0.084375
0 0.36171875 0.17109375 0.07265625 0.06328125
0 0.44609375 0.18671875 0.0578125 0.0671875
0 0.54140625 0.19609375 0.06328125 0.0671875
0 0.2453125 0.24921875 0.0578125 0.0765625
0 0.3265625 0.2546875 0.0859375 0.0765625
0 0.4203125 0.27265625 0.06328125 0.0671875
0 0.496875 0.28828125 0.06328125 0.0671875
0 0.21875 0.32890625 0.07265625 0.08203125
0 0.3046875 0.340625 0.05390625 0.0578125
0 0.38046875 0.340625 0.0671875 0.0578125
0 0.46640625 0.35078125 0.0671875 0.03828125
0 0.6203125 0.33828125 0.07265625 0.06328125
0 0.86328125 0.021875 0.0671875 0.04375
0 0.784375 0.134375 0.06328125 0.0765625
0 0.703125 0.16875 0.05390625 0.0765625
0 0.88203125 0.18203125 0.04765625 0.0578125
0 0.79375 0.2375 0.06328125 0.07265625
0 0.96953125 0.234375 0.0578125 0.0671875
0 0.88515625 0.28671875 0.05390625 0.06328125
0 0.70078125 0.2875 0.0578125 0.0578125
0 0.79375 0.3265625 0.06328125 0.0859375
0 0.97109375 0.33125 0.05390625 0.0765625
0 0.9078125 0.115625 0.07265625 0.0859375
0 0.609375 0.2421875 0.0765625 0.08203125
0 0.59609375 0.0390625 0.03828125 0.04765625
0 0.57890625 0.11796875 0.05390625 0.06328125
0 0.2828125 0.16875 0.06328125 0.0765625
0 0.30859375 0.0921875 0.0765625 0.09609375
0 0.1 0.14453125 0.07265625 0.0859375
0 0.021875 0.1296875 0.04375 0.0671875
0 0.0125 0.203125 0.025 0.07265625
0 0.1859375 0.0078125 0.05390625 0.015625
0 0.26015625 0.015625 0.0578125 0.03046875
0 0.93671875 0.0203125 0.034375 0.03984375
0 0.075 0.21953125 0.05390625 0.06328125
0 0.04375 0.28984375 0.0578125 0.06328125
0 0.15390625 0.23046875 0.0671875 0.0671875
0 0.0203125 0.346875 0.03984375 0.05390625
0 0.22734375 0.07734375 0.0671875 0.0671875
0 0.19609375 0.14375 0.08203125 0.0765625
0 0.40546875 0.09375 0.059375 0.06484375