0 0.25234375 0.00625 0.05078125 0.0125
0 0.1984375 0.0359375 0.05078125 0.05078125
0 0.2625 0.05625 0.04140625 0.0359375
0 0.33515625 0.08828125 0.059375 0.05390625
0 0.196875 0.09296875 0.0359375 0.02734375
0 0.34140625 0.1625 0.0359375 0.0328125
0 0.07578125 0.2 0.0359375 0.0359375
0 0.2859375 0.20546875 0.04140625 0.0359375
0 0.01953125 0.23984375 0.0390625 0.0453125
0 0.3453125 0.24453125 0.0453125 0.04140625
0 0.2890625 0.28125 0.05078125 0.0359375
0 0.02421875 0.31875 0.04140625 0.0453125
0 0.23125 0.32890625 0.0328125 0.0328125
0 0.28046875 0.34765625 0.04140625 0.04140625
0 0.03671875 0.38515625 0.04140625 0.0453125
0 0.10546875 0.41640625 0.04140625 0.04140625
0 0.1765625 0.4453125 0.05078125 0.0453125
0 0.05078125 0.44921875 0.0578125 0.046875
0 0.4859375 0.3015625 0.05390625 0.05078125
0 0.5578125 0.32578125 0.05390625 0.059375
0 0.4234375 0.34296875 0.0453125 0.05078125
0 0.50234375 0.365625 0.04140625 0.04140625
0 0.571875 0.39765625 0.0359375 0.04140625
0 0.64921875 0.43125 0.0453125 0.0359375
0 0.51328125 0.4515625 0.0453125 0.05078125
0 0.7921875 0.03046875 0.1 0.0609375
0 0.046875 0.04453125 0.09375 0.08828125
0 0.0109375 0.09140625 0.021875 0.04140625
0 0.06875 0.11796875 0.0328125 0.04140625
0 0.13125 0.0140625 0.05 0.028125
0 0.0171875 0.16640625 0.034375 0.06875
0 0.3859375 0.028125 0.0359375 0.04140625
0 0.403125 0.11796875 0.04140625 0.04140625
0 0.47265625 0.14765625 0.05390625 0.05078125
0 0.41484375 0.19140625 0.0328125 0.0359375
0 0.42265625 0.26171875 0.0359375 0.0328125
0 0.48671875 0.22109375 0.0453125 0.04140625
0 0.5484375 0.25078125 0.05390625 0.05390625
0 0.46015625 0.07421875 0.0328125 0.0359375
0 0.3234375 0.01015625 0.0359375 0.01953125
0 0.15234375 0.28984375 0.08125 0.07734375
0 0.090625 0.26875 0.0328125 0.0359375
0 0.09921875 0.34453125 0.0328125 0.0359375
0 0.3734375 0.4453125 0.071875 0.06328125
0 0.43828125 0.40859375 0.05078125 0.0453125
0 0.36875 0.3734375 0.0453125 0.0328125
0 0.296875 0.41875 0.06328125 0.06875
0 0.24296875 0.4015625 0.0453125 0.04140625
0 0.24765625 0.4640625 0.0359375 0.0328125
0 0.13828125 0.06484375 0.0453125 0.0359375
0 0.13515625 0.1390625 0.0328125 0.0328125
0 0.271875 0.1296875 0.04140625 0.0328125