0 0.21796875 0.04140625 0.0359375 0.0359375
0 0.31171875 0.0828125 0.0359375 0.03125
0 0.2359375 0.09765625 0.04375 0.0390625
0 0.14765625 0.10625 0.0671875 0.046875
0 0.3296875 0.13359375 0.028125 0.0234375
0 0.671875 0.021875 0.078125 0.04375
0 0.540625 0.03984375 0.028125 0.0390625
0 0.77734375 0.09765625 0.0859375 0.1015625
0 0.478125 0.10234375 0.028125 0.0390625
0 0.7078125 0.19609375 0.03125 0.0390625
0 0.94296875 0.0328125 0.1046875 0.065625
0 0.83828125 0.25390625 0.0828125 0.1015625
0 0.96484375 0.278125 0.0703125 0.09375
0 0.69375 0.39921875 0.10625 0.1171875
0 0.8828125 0.4 0.078125 0.090625
0 0.97421875 0.46796875 0.0515625 0.0703125
0 0.8921875 0.55703125 0.10625 0.1140625
0 0.95546875 0.7109375 0.0828125 0.078125
0 0.0296875 0.9359375 0.059375 0.090625
0 0.15078125 0.96875 0.0984375 0.0625
0 0.54453125 0.98203125 0.0578125 0.0359375
0 0.621875 0.96953125 0.046875 0.0546875
0 0.6765625 0.9859375 0.0625 0.028125
0 0.68828125 0.93125 0.0546875 0.059375
0 0.74375 0.9609375 0.059375 0.046875
0 0.82109375 0.92109375 0.0703125 0.0671875
0 0.75390625 0.9046875 0.0390625 0.04375
0 0.890625 0.89296875 0.0625 0.0671875
0 0.88515625 0.803125 0.0828125 0.075
0 0.95703125 0.87109375 0.0546875 0.0546875
0 0.9515625 0.93828125 0.059375 0.0546875
0 0.88203125 0.96875 0.0671875 0.0625
0 0.81953125 0.9859375 0.0671875 0.028125
0 0.94609375 0.98828125 0.0546875 0.0234375
0 0.77265625 0.490625 0.0828125 0.090625
0 0.81640625 0.68359375 0.0703125 0.0859375
0 0.75390625 0.6375 0.0859375 0.1875
0 0.13515625 0.04375 0.0359375 0.03125
0 0.88359375 0.1140625 0.0703125 0.078125
0 0.30546875 0.01953125 0.0390625 0.0390625
0 0.11171875 0.88984375 0.0515625 0.0515625
0 0.06328125 0.06328125 0.0390625 0.0390625
0 0.07890625 0.12578125 0.0390625 0.0390625
0 0.0390625 0.803125 0.0625 0.075