0 0.06171875 0.19921875 0.0984375 0.1015625
0 0.41015625 0.34375 0.1171875 0.125
0 0.24296875 0.36796875 0.1171875 0.1328125
0 0.1421875 0.4453125 0.090625 0.09375
0 0.56171875 0.15 0.1140625 0.090625
0 0.671875 0.23359375 0.09375 0.0984375
0 0.78828125 0.24609375 0.1140625 0.0859375
0 0.88125 0.3890625 0.153125 0.121875
0 0.6625 0.38125 0.121875 0.121875
0 0.95234375 0.07265625 0.0828125 0.0515625
0 0.03125 0.66484375 0.0625 0.1171875
0 0.47890625 0.5046875 0.0984375 0.109375
0 0.328125 0.540625 0.125 0.121875
0 0.72265625 0.66796875 0.1640625 0.1640625
0 0.578125 0.6015625 0.078125 0.078125
0 0.9109375 0.69453125 0.078125 0.0984375
0 0.934375 0.58984375 0.09375 0.1015625
0 0.3484375 0.97265625 0.109375 0.0546875
0 0.928125 0.98046875 0.10625 0.0390625
0 0.61875 0.03515625 0.090625 0.0703125
0 0.75078125 0.015625 0.0859375 0.03125
0 0.85234375 0.125 0.1484375 0.109375
0 0.84140625 0.025 0.0671875 0.05
0 0.21171875 0.21640625 0.1109375 0.1109375
0 0.1453125 0.1109375 0.109375 0.121875
0 0.2359375 0.015625 0.075 0.03125
0 0.9765625 0.4734375 0.046875 0.125
0 0.35234375 0.81875 0.1640625 0.121875
0 0.16640625 0.5765625 0.0671875 0.090625
0 0.56171875 0.2703125 0.0671875 0.078125
0 0.42890625 0.0375 0.0671875 0.075
0 0.38671875 0.68359375 0.0859375 0.0859375
0 0.46171875 0.6296875 0.0703125 0.046875
0 0.2109375 0.7265625 0.09375 0.109375
0 0.6625 0.865625 0.10625 0.090625
0 0.66875 0.54921875 0.078125 0.0828125
0 0.553125 0.77421875 0.121875 0.1171875
0 0.69609375 0.9546875 0.1640625 0.090625
0 0.45234375 0.765625 0.0703125 0.1
0 0.32109375 0.17109375 0.1015625 0.1140625