0 0.053125 0.01484375 0.10625 0.0296875
0 0.05 0.1625 0.08984375 0.09765625
0 0.36171875 0.0125 0.09765625 0.025
0 0.21484375 0.03203125 0.1484375 0.0640625
0 0.3703125 0.1421875 0.08125 0.08125
0 0.2171875 0.18828125 0.07578125 0.10625
0 0.30234375 0.24765625 0.09765625 0.10625
0 0.06015625 0.3515625 0.1203125 0.11796875
0 0.9015625 0.025 0.115625 0.05
0 0.53515625 0.0171875 0.11484375 0.03359375
0 0.71953125 0.1140625 0.11796875 0.1265625
0 0.55078125 0.17109375 0.1015625 0.1234375
0 0.87890625 0.2125 0.11015625 0.13203125
0 0.73046875 0.278125 0.07265625 0.07265625
0 0.56171875 0.3296875 0.10625 0.084375
0 0.98359375 0.13515625 0.03203125 0.11796875
0 0.9796875 0.3390625 0.040625 0.11015625
0 0.4125 0.4953125 0.09765625 0.13515625
0 0.21875 0.5171875 0.07265625 0.08125
0 0.23828125 0.70078125 0.084375 0.0671875
0 0.29296875 0.80078125 0.1265625 0.11484375
0 0.8578125 0.4046875 0.11796875 0.10625
0 0.70546875 0.46484375 0.07265625 0.1015625
0 0.834375 0.5265625 0.04765625 0.0390625
0 0.85 0.62421875 0.084375 0.08984375
0 0.9734375 0.6109375 0.05234375 0.10625
0 0.98203125 0.75 0.03515625 0.08125
0 0.0203125 0.7984375 0.040625 0.059375
0 0.01484375 0.94453125 0.0296875 0.0640625
0 0.0546875 0.9875 0.059375 0.025
0 0.153125 0.809375 0.1265625 0.11484375
0 0.43828125 0.88828125 0.07265625 0.0640625
0 0.83359375 0.75625 0.09296875 0.1265625
0 0.86328125 0.9390625 0.1015625 0.11484375
0 0.075 0.51953125 0.08984375 0.09296875
0 0.08125 0.69375 0.084375 0.09296875
0 0.29375 0.9171875 0.11484375 0.1015625
0 0.15546875 0.9421875 0.11484375 0.1015625
0 0.0171875 0.86875 0.03359375 0.059375
0 0.57265625 0.4984375 0.09765625 0.13515625
0 0.3984375 0.66328125 0.1015625 0.1265625
0 0.415625 0.76171875 0.084375 0.08125
0 0.5671875 0.7484375 0.1015625 0.11796875
0 0.54453125 0.63828125 0.10625 0.084375
0 0.68125 0.75 0.1265625 0.13203125
0 0.68515625 0.63203125 0.09296875 0.09765625
0 0.2265625 0.3640625 0.09765625 0.1265625
0 0.5734375 0.90234375 0.07265625 0.09765625
0 0.70234375 0.88125 0.0671875 0.07265625
0 0.7171875 0.99140625 0.10625 0.0171875
0 0.38671875 0.31640625 0.09765625 0.09296875