0 0.08515625 0.09375 0.0515625 0.05546875
0 0.36171875 0.0609375 0.12578125 0.121875
0 0.33125 0.2234375 0.06484375 0.05546875
0 0.46015625 0.33671875 0.1203125 0.0796875
0 0.603125 0.0515625 0.0921875 0.103125
0 0.9171875 0.07578125 0.14765625 0.14765625
0 0.94453125 0.24140625 0.1109375 0.0921875
0 0.6390625 0.3890625 0.0796875 0.1109375
0 0.03203125 0.42421875 0.0640625 0.0796875
0 0.00859375 0.57734375 0.01640625 0.0921875
0 0.16328125 0.4265625 0.09765625 0.14765625
0 0.4484375 0.5140625 0.12578125 0.1015625
0 0.5734375 0.64609375 0.08828125 0.10703125
0 0.24453125 0.6984375 0.1015625 0.1015625
0 0.50390625 0.81953125 0.08828125 0.1109375
0 0.87109375 0.434375 0.0921875 0.0796875
0 0.715625 0.5796875 0.12578125 0.1109375
0 0.91640625 0.59765625 0.09765625 0.1109375
0 0.71640625 0.75 0.0796875 0.1015625
0 0.896875 0.7890625 0.10703125 0.153125
0 0.06640625 0.8734375 0.0703125 0.0828125
0 0.25078125 0.8734375 0.10703125 0.1203125
0 0.4859375 0.959375 0.09765625 0.08125
0 0.87109375 0.96015625 0.0921875 0.0796875
0 0.68828125 0.95703125 0.0515625 0.06484375
0 0.53046875 0.1734375 0.1015625 0.16640625
0 0.73125 0.1296875 0.0796875 0.0609375
0 0.740625 0.21640625 0.11640625 0.09765625
0 0.20390625 0.10703125 0.14921875 0.11796875
0 0.16171875 0.22890625 0.10546875 0.103125