0 0.54765625 0.02109375 0.0734375 0.0421875
0 0.36953125 0.04296875 0.0859375 0.0859375
0 0.796875 0.28515625 0.0828125 0.1
0 0.81171875 0.38828125 0.11171875 0.1
0 0.759375 0.02421875 0.0828125 0.0484375
0 0.5671875 0.11328125 0.0515625 0.0484375
0 0.6640625 0.15 0.12578125 0.14609375
0 0.47734375 0.17421875 0.103125 0.12578125
0 0.60390625 0.32578125 0.09140625 0.10859375
0 0.17421875 0.0671875 0.10859375 0.134375
0 0.0140625 0.1296875 0.02734375 0.09765625
0 0.34140625 0.12421875 0.05703125 0.06015625
0 0.2921875 0.18984375 0.0515625 0.04296875
0 0.27109375 0.25390625 0.103125 0.0859375
0 0.021875 0.25078125 0.04375 0.0734375
0 0.98515625 0.48515625 0.02890625 0.12890625
0 0.84765625 0.56953125 0.03984375 0.03984375
0 0.90703125 0.72265625 0.1203125 0.09453125
0 0.98203125 0.87578125 0.0359375 0.14609375
0 0.49375 0.48359375 0.12890625 0.12578125
0 0.365625 0.565625 0.103125 0.16875
0 0.67265625 0.60234375 0.07421875 0.09453125
0 0.515625 0.64375 0.1546875 0.12578125
0 0.7375 0.784375 0.0828125 0.10859375
0 0.55234375 0.825 0.09140625 0.1203125
0 0.08984375 0.61484375 0.07734375 0.06875
0 0.24296875 0.6578125 0.12578125 0.103125
0 0.38671875 0.803125 0.0859375 0.11171875
0 0.24609375 0.86015625 0.1203125 0.14609375
0 0.83984375 0.90703125 0.1171875 0.1546875
0 0.4328125 0.88125 0.03125 0.034375
0 0.49296875 0.94453125 0.1265625 0.1109375
0 0.15546875 0.9703125 0.0859375 0.059375
0 0.04140625 0.9875 0.0390625 0.025
0 0.315625 0.99375 0.05703125 0.01171875
0 0.6515625 0.43046875 0.1 0.12890625
0 0.24375 0.41484375 0.1 0.10859375
0 0.12734375 0.27578125 0.1171875 0.11171875
0 0.4296875 0.37421875 0.0859375 0.103125
0 0.67109375 0.90703125 0.09453125 0.1203125
0 0.65859375 0.98359375 0.09140625 0.0328125
0 0.88046875 0.153125 0.06015625 0.0828125
0 0.9734375 0.31015625 0.053125 0.14296875
0 0.20859375 0.51484375 0.10859375 0.10859375
0 0.0828125 0.46015625 0.103125 0.103125
0 0.02890625 0.55703125 0.0578125 0.1078125
0 0.08671875 0.784375 0.1015625 0.09140625
0 0.02578125 0.8875 0.0515625 0.08046875