0 0.16328125 0.01171875 0.05 0.0234375
0 0.0109375 0.184375 0.021875 0.09921875
0 0.13828125 0.12578125 0.14375 0.1078125
0 0.32265625 0.01171875 0.06328125 0.0234375
0 0.6921875 0.02265625 0.05390625 0.0453125
0 0.5703125 0.0609375 0.134375 0.121875
0 0.32109375 0.14375 0.059375 0.0359375
0 0.64140625 0.175 0.0953125 0.09921875
0 0.8671875 0.06171875 0.1078125 0.0953125
0 0.06484375 0.3171875 0.1046875 0.13125
0 0.07109375 0.484375 0.09921875 0.0953125
0 0.2390625 0.53125 0.08671875 0.09921875
0 0.06328125 0.6390625 0.08984375 0.09921875
0 0.21484375 0.66640625 0.09921875 0.1171875
0 0.46328125 0.3234375 0.08125 0.12578125
0 0.625 0.3375 0.1171875 0.09921875
0 0.3296875 0.42421875 0.07734375 0.1046875
0 0.61953125 0.4953125 0.1171875 0.13515625
0 0.4578125 0.55 0.09921875 0.1046875
0 0.37265625 0.6671875 0.1078125 0.140625
0 0.51875 0.659375 0.11328125 0.13125
0 0.91328125 0.44296875 0.17265625 0.18515625
0 0.7796875 0.575 0.11328125 0.13125
0 0.0359375 0.88203125 0.071875 0.1171875
0 0.10546875 0.96953125 0.0953125 0.0609375
0 0.67421875 0.70859375 0.1078125 0.140625
0 0.25703125 0.78125 0.1046875 0.11328125
0 0.41796875 0.81171875 0.09921875 0.11328125
0 0.56640625 0.85078125 0.08984375 0.08984375
0 0.46328125 0.93828125 0.09921875 0.11328125
0 0.6671875 0.9265625 0.08671875 0.08984375
0 0.29296875 0.946875 0.1046875 0.10625
0 0.98125 0.865625 0.0375 0.0953125
0 0.2484375 0.34453125 0.08671875 0.0953125
0 0.1859375 0.25390625 0.0953125 0.08671875
0 0.36875 0.2390625 0.071875 0.071875
0 0.77265625 0.39140625 0.09921875 0.09921875
0 0.86484375 0.2953125 0.1046875 0.1046875
0 0.840625 0.1625 0.09921875 0.08125
0 0.94296875 0.68515625 0.09921875 0.12265625
0 0.12734375 0.7640625 0.1046875 0.1078125
0 0.14375 0.8765625 0.08984375 0.09921875
0 0.79609375 0.94765625 0.08125 0.1046875
0 0.85 0.8328125 0.08125 0.08984375
0 0.7421875 0.80859375 0.06328125 0.07734375