0 0.16640625 0.06328125 0.0515625 0.0703125
0 0.08671875 0.090625 0.0546875 0.078125
0 0.34375 0.1484375 0.078125 0.09375
0 0.10234375 0.1921875 0.0859375 0.09375
0 0.2671875 0.28125 0.059375 0.078125
0 0.57109375 0.0171875 0.0734375 0.034375
0 0.625 0.215625 0.109375 0.109375
0 0.51953125 0.21953125 0.0703125 0.0859375
0 0.434375 0.25234375 0.0625 0.0671875
0 0.7328125 0.26953125 0.1375 0.0703125
0 0.96640625 0.03828125 0.0671875 0.0703125
0 0.325 0.60546875 0.0625 0.0546875
0 0.25234375 0.6171875 0.0671875 0.0625
0 0.3921875 0.6109375 0.059375 0.04375
0 0.75859375 0.51640625 0.0703125 0.0703125
0 0.65546875 0.60234375 0.0828125 0.1015625
0 0.778125 0.6390625 0.09375 0.090625
0 0.978125 0.36328125 0.04375 0.1015625
0 0.91640625 0.36875 0.0515625 0.059375
0 0.91796875 0.46875 0.0859375 0.09375
0 0.87578125 0.5515625 0.0859375 0.09375
0 0.959375 0.5921875 0.059375 0.04375
0 0.83828125 0.72109375 0.0828125 0.0984375
0 0.21796875 0.79140625 0.0359375 0.0359375
0 0.31171875 0.8328125 0.0359375 0.03125
0 0.2359375 0.84765625 0.04375 0.0390625
0 0.14765625 0.85625 0.0671875 0.046875
0 0.3296875 0.88359375 0.028125 0.0234375
0 0.671875 0.75625 0.078125 0.075
0 0.540625 0.78984375 0.028125 0.0390625
0 0.77734375 0.84765625 0.0859375 0.1015625
0 0.478125 0.85234375 0.028125 0.0390625
0 0.7078125 0.94609375 0.03125 0.0390625
0 0.94375 0.75234375 0.10625 0.1296875
0 0.83828125 0.9765625 0.0828125 0.046875
0 0.16328125 0.6421875 0.0515625 0.075
0 0.084375 0.65703125 0.059375 0.0546875
0 0.1015625 0.73671875 0.0625 0.0515625
0 0.171875 0.7171875 0.0625 0.059375
0 0.475 0.590625 0.059375 0.0625
0 0.70234375 0.3984375 0.0828125 0.09375
0 0.83515625 0.3796875 0.0828125 0.09375
0 0.13515625 0.79375 0.0359375 0.03125
0 0.1859375 0.28984375 0.075 0.0859375
0 0.3421875 0.2625 0.075 0.078125
0 0.5390625 0.30078125 0.0625 0.0390625
0 0.45390625 0.31953125 0.0390625 0.0359375
0 0.35546875 0.3265625 0.0546875 0.059375
0 0.15625 0.55546875 0.03125 0.0390625
0 0.0859375 0.56328125 0.046875 0.0390625
0 0.2515625 0.06171875 0.075 0.0828125
0 0.22109375 0.1625 0.1453125 0.121875
0 0.33046875 0.05546875 0.0671875 0.0859375
0 0.39453125 0.040625 0.0859375 0.08125
0 0.6296875 0.08828125 0.09375 0.0984375
0 0.95703125 0.15625 0.0859375 0.09375
0 0.83046875 0.1484375 0.1453125 0.1875
0 0.328125 0.69765625 0.0625 0.0671875
0 0.25625 0.70390625 0.059375 0.0546875
0 0.41796875 0.68125 0.0546875 0.059375
0 0.4828125 0.65859375 0.075 0.0671875
0 0.46875 0.03515625 0.0625 0.0703125
0 0.88359375 0.8640625 0.0703125 0.078125
0 0.55703125 0.8421875 0.0203125 0.028125
0 0.0640625 0.81328125 0.04375 0.0390625
0 0.028125 0.7421875 0.046875 0.0625
0 0.0203125 0.5078125 0.03125 0.03125
0 0.0796875 0.49296875 0.04375 0.0390625
0 0.34609375 0.44921875 0.0359375 0.0390625
0 0.41875 0.4390625 0.046875 0.04375
0 0.6140625 0.46953125 0.0625 0.0703125
0 0.5296875 0.49921875 0.10625 0.1140625
0 0.5078125 0.10859375 0.0625 0.0828125
0 0.025 0.07890625 0.05 0.0890625
0 0.30078125 0.76796875 0.0390625 0.0515625
0 0.36796875 0.75859375 0.0390625 0.0390625