0 0.14453125 0.0140625 0.053125 0.028125
0 0.82578125 0.01171875 0.053125 0.02265625
0 0.44375 0.02578125 0.0703125 0.05078125
0 0.74765625 0.03203125 0.06171875 0.06328125
0 0.06484375 0.0421875 0.053125 0.053125
0 0.21484375 0.05390625 0.053125 0.0578125
0 0.0078125 0.0859375 0.015625 0.053125
0 0.1328125 0.090625 0.0578125 0.06171875
0 0.2125 0.134375 0.0578125 0.06171875
0 0.05390625 0.12734375 0.0578125 0.0578125
0 0.3671875 0.14375 0.0578125 0.06171875
0 0.13046875 0.17890625 0.053125 0.06171875
0 0.284375 0.1875 0.06171875 0.06171875
0 0.0609375 0.2125 0.06171875 0.0578125
0 0.20078125 0.22734375 0.053125 0.0703125
0 0.3609375 0.2296875 0.04921875 0.0578125
0 0.12421875 0.2625 0.07578125 0.0703125
0 0.2734375 0.2703125 0.0578125 0.06171875
0 0.0875 0.44921875 0.04375 0.04921875
0 0.521875 0.05859375 0.06171875 0.04375
0 0.8265625 0.07421875 0.04375 0.0671875
0 0.6765625 0.07109375 0.06171875 0.0578125
0 0.44609375 0.09765625 0.0578125 0.0578125
0 0.59296875 0.11171875 0.053125 0.06171875
0 0.7453125 0.115625 0.0578125 0.0578125
0 0.66796875 0.1515625 0.06171875 0.0703125
0 0.51328125 0.1515625 0.06171875 0.0703125
0 0.81484375 0.16171875 0.04921875 0.04921875
0 0.43359375 0.1828125 0.06171875 0.053125
0 0.734375 0.209375 0.053125 0.053125
0 0.80078125 0.25625 0.04921875 0.0578125
0 0.58828125 0.3390625 0.053125 0.040625
0 0.7078125 0.4109375 0.1234375 0.1140625
0 0.95859375 0.0890625 0.04375 0.0578125
0 0.89453125 0.12734375 0.04921875 0.040625
0 0.946875 0.16171875 0.03203125 0.03203125
0 0.875 0.20234375 0.053125 0.04921875
0 0.103125 0.58984375 0.040625 0.03203125
0 0.04140625 0.63203125 0.040625 0.053125
0 0.10859375 0.65859375 0.04375 0.03515625
0 0.046875 0.6984375 0.04375 0.04375
0 0.1125 0.73515625 0.03515625 0.040625
0 0.00390625 0.74609375 0.00703125 0.03515625
0 0.05 0.77265625 0.040625 0.053125
0 0.12578125 0.8015625 0.04375 0.040625
0 0.00625 0.81640625 0.0125 0.04375
0 0.19453125 0.8234375 0.040625 0.040625
0 0.25546875 0.86328125 0.04921875 0.040625
0 0.20234375 0.90703125 0.04921875 0.04921875
0 0.8 0.50390625 0.07890625 0.08828125
0 0.5484375 0.59140625 0.096875 0.08828125
0 0.68046875 0.6109375 0.096875 0.10234375
0 0.69296875 0.73359375 0.1109375 0.1140625
0 0.4609375 0.725 0.08828125 0.10234375
0 0.98046875 0.8546875 0.0390625 0.1671875
0 0.26484375 0.92578125 0.040625 0.03515625
0 0.33515625 0.9578125 0.0578125 0.053125
0 0.20078125 0.9625 0.03515625 0.0265625
0 0.59921875 0.02578125 0.0578125 0.05078125
0 0.29765625 0.02109375 0.053125 0.0421875
0 0.2875 0.09453125 0.0578125 0.06171875
0 0.3703125 0.05703125 0.0578125 0.0578125
0 0.01484375 0.3390625 0.0296875 0.0578125
0 0.05625 0.3796875 0.053125 0.0578125
0 0.0328125 0.4078125 0.06484375 0.06171875
0 0.028125 0.48515625 0.05625 0.0578125
0 0.19921875 0.3015625 0.04921875 0.04375
0 0.12890625 0.3453125 0.04921875 0.053125
0 0.58203125 0.19375 0.0578125 0.0671875
0 0.5140625 0.23203125 0.053125 0.04921875
0 0.43046875 0.27109375 0.06171875 0.0703125
0 0.95078125 0.01875 0.0671875 0.03671875
0 0.9015625 0.03203125 0.053125 0.06328125
0 0.7828125 0.86953125 0.096875 0.1234375
0 0.88828125 0.66484375 0.07890625 0.09296875
0 0.9671875 0.5703125 0.06484375 0.1234375
0 0.99375 0.4328125 0.0125 0.10546875
0 0.0625 0.84296875 0.040625 0.03515625
0 0.05390625 0.9109375 0.09296875 0.09296875
0 0.01484375 0.96015625 0.0296875 0.040625
0 0.075 0.9828125 0.03125 0.034375
0 0.1375 0.875 0.04921875 0.04921875
0 0.0078125 0.89140625 0.015625 0.04375
0 0.33515625 0.42421875 0.21640625 0.140625
0 0.896875 0.35390625 0.096875 0.10546875
0 0.165625 0.61875 0.03515625 0.04375
0 0.17578125 0.69375 0.03203125 0.03515625
0 0.17578125 0.74921875 0.03203125 0.040625
0 0.2453125 0.7859375 0.04375 0.04375
0 0.31796875 0.8125 0.040625 0.04375
0 0.3203125 0.87890625 0.03515625 0.03515625
0 0.3875 0.9109375 0.03203125 0.040625
0 0.40078125 0.9828125 0.0328125 0.034375
0 0.68125 0.834375 0.053125 0.053125
0 0.56328125 0.828125 0.04921875 0.040625
0 0.5109375 0.7765625 0.04921875 0.053125
0 0.575 0.7 0.06171875 0.0578125
0 0.58984375 0.45625 0.0671875 0.08828125
0 0.5015625 0.3171875 0.084375 0.084375
0 0.87890625 0.55625 0.053125 0.053125
0 0.3765625 0.6125 0.07890625 0.084375