0 0.06640625 0.0203125 0.1 0.040625
0 0.0828125 0.20546875 0.10546875 0.13203125
0 0.303125 0.01875 0.10546875 0.03671875
0 0.421875 0.0203125 0.1109375 0.040625
0 0.1875 0.0359375 0.096875 0.071875
0 0.60234375 0.21796875 0.15859375 0.22890625
0 0.29609375 0.1765625 0.17265625 0.1640625
0 0.77265625 0.1609375 0.1234375 0.1671875
0 0.94609375 0.109375 0.10703125 0.1375
0 0.790625 0.3375 0.10546875 0.13203125
0 0.11171875 0.41484375 0.09140625 0.12890625
0 0.0109375 0.50390625 0.02109375 0.0703125
0 0.04609375 0.71953125 0.09140625 0.13203125
0 0.49609375 0.553125 0.140625 0.15859375
0 0.34296875 0.66484375 0.10234375 0.1640625
0 0.5140625 0.7171875 0.19375 0.1640625
0 0.1734375 0.8140625 0.14609375 0.14609375
0 0.965625 0.43828125 0.06875 0.140625
0 0.640625 0.45234375 0.1234375 0.1546875
0 0.81015625 0.521875 0.1546875 0.1140625
0 0.959375 0.6234375 0.08125 0.15859375
0 0.640625 0.65 0.10546875 0.15859375
0 0.84296875 0.71640625 0.08828125 0.1375
0 0.7421875 0.7609375 0.04375 0.04921875
0 0.05625 0.890625 0.1125 0.140625
0 0.36171875 0.828125 0.12890625 0.14609375
0 0.51640625 0.8953125 0.040625 0.06171875
0 0.965625 0.80546875 0.06875 0.12890625
0 0.3 0.47265625 0.1109375 0.15
0 0.2703125 0.29921875 0.07578125 0.084375
0 0.35546875 0.35546875 0.1234375 0.11953125
0 0.45234375 0.22734375 0.1234375 0.15859375
0 0.48203125 0.3859375 0.140625 0.15859375
0 0.23828125 0.9328125 0.1109375 0.11953125
0 0.346875 0.95390625 0.08828125 0.09140625
0 0.69296875 0.88828125 0.1109375 0.2234375
0 0.5953125 0.9671875 0.0671875 0.06484375
0 0.87734375 0.93046875 0.1109375 0.1390625
0 0.48515625 0.96796875 0.040625 0.04921875
0 0.12578125 0.59921875 0.1140625 0.14609375
0 0.22109375 0.6734375 0.09296875 0.1109375
0 0.6671875 0.01640625 0.078125 0.0328125
0 0.94453125 0.23515625 0.07890625 0.096875