0 0.07734375 0.04296875 0.0828125 0.0859375
0 0.08203125 0.14296875 0.1015625 0.0828125
0 0.28671875 0.0484375 0.1046875 0.096875
0 0.184375 0.08046875 0.09375 0.0984375
0 0.29375 0.1484375 0.046875 0.046875
0 0.1265625 0.290625 0.059375 0.04375
0 0.5046875 0.02734375 0.078125 0.0546875
0 0.69765625 0.03515625 0.0828125 0.0703125
0 0.54296875 0.09453125 0.1796875 0.1015625
0 0.953125 0.2125 0.09375 0.121875
0 0.0140625 0.353125 0.028125 0.04375
0 0.0296875 0.56953125 0.059375 0.1140625
0 0.04609375 0.634375 0.0359375 0.04375
0 0.4 0.47109375 0.028125 0.0359375
0 0.1578125 0.553125 0.04375 0.059375
0 0.40546875 0.5453125 0.0359375 0.04375
0 0.1 0.55703125 0.04375 0.0515625
0 0.1640625 0.63203125 0.046875 0.0515625
0 0.415625 0.640625 0.028125 0.03125
0 0.11640625 0.71171875 0.0359375 0.0390625
0 0.43671875 0.7328125 0.0515625 0.075
0 0.76171875 0.43046875 0.0703125 0.1015625
0 0.68203125 0.44375 0.0671875 0.059375
0 0.49140625 0.46328125 0.0359375 0.0359375
0 0.86328125 0.5 0.0859375 0.109375
0 0.49609375 0.53515625 0.0390625 0.0546875
0 0.790625 0.57734375 0.10625 0.1140625
0 0.5125 0.6265625 0.03125 0.04375
0 0.51015625 0.70546875 0.0359375 0.0515625
0 0.95703125 0.5546875 0.0859375 0.109375
0 0.05546875 0.7109375 0.0390625 0.046875
0 0.021875 0.88203125 0.04375 0.0984375
0 0.446875 0.83046875 0.028125 0.0359375
0 0.446875 0.896875 0.028125 0.04375
0 0.453125 0.98203125 0.0625 0.0359375
0 0.51953125 0.78203125 0.0703125 0.0859375
0 0.65625 0.80859375 0.03125 0.0546875
0 0.83046875 0.8828125 0.0828125 0.171875
0 0.7265625 0.84609375 0.078125 0.0828125
0 0.61171875 0.871875 0.0828125 0.09375
0 0.51796875 0.87109375 0.0828125 0.0703125
0 0.678125 0.91640625 0.04375 0.0671875
0 0.74296875 0.9515625 0.0703125 0.075
0 0.9390625 0.8765625 0.090625 0.075
0 0.0625 0.290625 0.046875 0.04375
0 0.0171875 0.41953125 0.034375 0.0515625
0 0.028125 0.48046875 0.046875 0.0546875
0 0.146875 0.47109375 0.04375 0.0515625
0 0.0796875 0.35625 0.04375 0.046875
0 0.1375 0.34609375 0.046875 0.0515625
0 0.14296875 0.41328125 0.0515625 0.0515625
0 0.1078125 0.63515625 0.04375 0.0515625
0 0.084375 0.4140625 0.04375 0.046875
0 0.09375 0.4765625 0.046875 0.0625
0 0.89296875 0.0390625 0.1140625 0.078125
0 0.7984375 0.06875 0.090625 0.090625
0 0.81171875 0.7125 0.0984375 0.10625
0 0.8828125 0.640625 0.09375 0.109375
0 0.9609375 0.69765625 0.078125 0.0984375
0 0.85 0.34296875 0.10625 0.1140625
0 0.76015625 0.26640625 0.0984375 0.1015625
0 0.59375 0.2328125 0.046875 0.075
0 0.653125 0.21484375 0.0625 0.0546875
0 0.653125 0.28515625 0.0625 0.0703125
0 0.6 0.34609375 0.059375 0.0828125
0 0.5515625 0.39765625 0.0625 0.0671875
0 0.61640625 0.4234375 0.0671875 0.090625
0 0.6625 0.35390625 0.059375 0.0671875
0 0.55703125 0.48515625 0.0515625 0.0703125
0 0.6234375 0.50078125 0.059375 0.0703125
0 0.57109375 0.56484375 0.0546875 0.0828125
0 0.68828125 0.54765625 0.0703125 0.0703125
0 0.93984375 0.3015625 0.0515625 0.0625
0 0.87890625 0.2234375 0.0859375 0.109375
0 0.64140625 0.60625 0.0703125 0.078125
0 0.94140625 0.4078125 0.1015625 0.10625
0 0.5796875 0.65234375 0.04375 0.0703125
0 0.709375 0.64140625 0.059375 0.0703125
0 0.603125 0.76640625 0.059375 0.0703125
0 0.7171875 0.74453125 0.059375 0.0828125
0 0.65078125 0.71171875 0.0828125 0.0859375
0 0.17265625 0.70703125 0.0390625 0.0390625
0 0.01953125 0.98046875 0.0390625 0.0390625
0 0.0625 0.78515625 0.03125 0.0234375
0 0.18359375 0.77578125 0.0390625 0.0359375
0 0.30390625 0.8453125 0.0359375 0.04375
0 0.2390625 0.8515625 0.03125 0.046875
0 0.18984375 0.85390625 0.0359375 0.0359375
0 0.1375 0.8609375 0.03125 0.04375
0 0.30625 0.9234375 0.04375 0.04375
0 0.25703125 0.9296875 0.0359375 0.046875
0 0.196875 0.9359375 0.04375 0.04375
0 0.240625 0.78046875 0.04375 0.0359375
0 0.29609375 0.77421875 0.0359375 0.0390625
0 0.35546875 0.7640625 0.0390625 0.04375
0 0.62265625 0.96640625 0.0578125 0.0671875
0 0.92421875 0.78203125 0.0828125 0.0703125
0 0.3953125 0.08828125 0.0625 0.0671875
0 0.203125 0.3484375 0.046875 0.046875
0 0.278125 0.5359375 0.040625 0.046875
0 0.32421875 0.53046875 0.0390625 0.04375
0 0.22109375 0.55 0.0515625 0.0515625
0 0.2265625 0.61953125 0.046875 0.0359375
0 0.3484375 0.6828125 0.046875 0.0515625
0 0.284375 0.6953125 0.0375 0.053125
0 0.22734375 0.69140625 0.0484375 0.04375
0 0.309375 0.26875 0.046875 0.04375
0 0.184375 0.275 0.0484375 0.040625
0 0.13984375 0.93359375 0.0359375 0.0453125
0 0.0828125 0.93828125 0.040625 0.0484375
0 0.071875 0.86640625 0.034375 0.0453125