0 0.34296875 0.025 0.0546875 0.05
0 0.1890625 0.015625 0.10625 0.03125
0 0.76953125 0.0484375 0.0859375 0.096875
0 0.5140625 0.0546875 0.10625 0.109375
0 0.2734375 0.121875 0.03125 0.03125
0 0.41640625 0.1859375 0.1140625 0.10625
0 0.15078125 0.21484375 0.1140625 0.1171875
0 0.290625 0.24140625 0.04375 0.0515625
0 0.45234375 0.33515625 0.0984375 0.1140625
0 0.53046875 0.4296875 0.0984375 0.109375
0 0.9109375 0.18828125 0.0625 0.0859375
0 0.671875 0.15234375 0.09375 0.0859375
0 0.60546875 0.31640625 0.0859375 0.0859375
0 0.85 0.36171875 0.090625 0.0671875
0 0.95859375 0.08671875 0.0828125 0.1046875
0 0.9609375 0.33515625 0.078125 0.1140625
0 0.09375 0.4375 0.046875 0.046875
0 0.02734375 0.4515625 0.0546875 0.075
0 0.06484375 0.66015625 0.0828125 0.0859375
0 0.021875 0.725 0.04375 0.10625
0 0.41640625 0.575 0.0828125 0.09375
0 0.51484375 0.58203125 0.0671875 0.0859375
0 0.35234375 0.71796875 0.0390625 0.0515625
0 0.91875 0.4375 0.03125 0.03125
0 0.73125 0.5140625 0.078125 0.090625
0 0.59375 0.54140625 0.09375 0.1140625
0 0.853125 0.5765625 0.028125 0.04375
0 0.80703125 0.65859375 0.0828125 0.0828125
0 0.59375 0.68125 0.09375 0.075
0 0.9203125 0.67265625 0.075 0.0859375
0 0.94765625 0.51171875 0.0984375 0.1015625
0 0.06171875 0.94921875 0.0984375 0.1015625
0 0.56171875 0.9 0.1140625 0.090625
0 0.671875 0.96640625 0.09375 0.0671875
0 0.78828125 0.9765625 0.1140625 0.046875
0 0.95234375 0.82265625 0.0828125 0.0515625
0 0.61875 0.78125 0.090625 0.078125
0 0.75078125 0.73828125 0.0859375 0.0859375
0 0.85234375 0.875 0.1484375 0.109375
0 0.84296875 0.7703125 0.0671875 0.0625
0 0.26015625 0.93125 0.2078125 0.1375
0 0.1453125 0.8609375 0.109375 0.121875
0 0.1734375 0.6765625 0.075 0.078125
0 0.2359375 0.7421875 0.075 0.078125
0 0.56171875 0.15625 0.0515625 0.046875
0 0.06640625 0.334375 0.0859375 0.090625
0 0.825 0.1796875 0.109375 0.125
0 0.16328125 0.38203125 0.0828125 0.0828125
0 0.25625 0.35546875 0.075 0.0859375
0 0.25390625 0.446875 0.0703125 0.075
0 0.42109375 0.7890625 0.0671875 0.078125
0 0.50234375 0.759375 0.0984375 0.090625
0 0.07265625 0.575 0.0671875 0.078125
0 0.20234375 0.5875 0.0828125 0.075
0 0.7125 0.30625 0.075 0.075
0 0.67421875 0.3796875 0.0828125 0.078125
0 0.66796875 0.0234375 0.1015625 0.046875