0 0.01796875 0.12734375 0.0359375 0.1046875
0 0.32890625 0.10625 0.08671875 0.08671875
0 0.16640625 0.15546875 0.08125 0.11328125
0 0.25703125 0.21875 0.1046875 0.11328125
0 0.03125 0.328125 0.0625 0.125
0 0.7015625 0.0765625 0.12578125 0.13515625
0 0.521875 0.1375 0.1078125 0.13125
0 0.87109375 0.18203125 0.1171875 0.140625
0 0.71328125 0.25078125 0.07734375 0.07734375
0 0.53359375 0.30546875 0.11328125 0.08984375
0 0.9828125 0.09921875 0.034375 0.12578125
0 0.978125 0.315625 0.04296875 0.1171875
0 0.37421875 0.48203125 0.1046875 0.14375
0 0.16796875 0.50546875 0.07734375 0.08671875
0 0.1890625 0.7015625 0.08984375 0.071875
0 0.24765625 0.8078125 0.13515625 0.12265625
0 0.84921875 0.3859375 0.12578125 0.11328125
0 0.6859375 0.45 0.07734375 0.1078125
0 0.8234375 0.515625 0.05 0.04140625
0 0.83984375 0.61953125 0.08984375 0.0953125
0 0.971875 0.60546875 0.05546875 0.11328125
0 0.98125 0.75390625 0.0375 0.08671875
0 0.09765625 0.81640625 0.13515625 0.12265625
0 0.40234375 0.90078125 0.07734375 0.06796875
0 0.82265625 0.76015625 0.09921875 0.13515625
0 0.8546875 0.946875 0.1078125 0.10625
0 0.03125 0.50703125 0.0625 0.0984375
0 0.03359375 0.69296875 0.06640625 0.09921875
0 0.2484375 0.93203125 0.12265625 0.1078125
0 0.10078125 0.95234375 0.12265625 0.0953125
0 0.5453125 0.4859375 0.1046875 0.14375
0 0.359375 0.6609375 0.1078125 0.13515625
0 0.37734375 0.76640625 0.08984375 0.08671875
0 0.53984375 0.7515625 0.1078125 0.12578125
0 0.515625 0.63515625 0.11328125 0.08984375
0 0.6609375 0.75390625 0.13515625 0.140625
0 0.66484375 0.62734375 0.09921875 0.1046875
0 0.1765625 0.34296875 0.1046875 0.13515625
0 0.54609375 0.915625 0.07734375 0.1046875
0 0.68359375 0.89296875 0.071875 0.07734375
0 0.346875 0.2921875 0.1046875 0.09921875