0 0.0453125 0.12734375 0.075 0.0984375
0 0.11171875 0.2125 0.0828125 0.075
0 0.0328125 0.30390625 0.065625 0.1171875
0 0.14453125 0.3484375 0.0859375 0.109375
0 0.609375 0.01953125 0.09375 0.0390625
0 0.24375 0.04296875 0.090625 0.0859375
0 0.38359375 0.06484375 0.0859375 0.0984375
0 0.5125 0.0984375 0.078125 0.078125
0 0.36640625 0.2671875 0.0828125 0.10625
0 0.6 0.1640625 0.075 0.078125
0 0.275 0.1890625 0.090625 0.10625
0 0.5640625 0.33046875 0.10625 0.1296875
0 0.303125 0.35 0.090625 0.10625
0 0.903125 0.11015625 0.09375 0.0859375
0 0.9859375 0.06484375 0.028125 0.1140625
0 0.92421875 0.215625 0.0984375 0.09375
0 0.9765625 0.2875 0.046875 0.10625
0 0.6796875 0.28515625 0.046875 0.0390625
0 0.053125 0.4546875 0.10625 0.1375
0 0.0140625 0.54609375 0.028125 0.1140625
0 0.16640625 0.540625 0.0984375 0.090625
0 0.078125 0.625 0.078125 0.109375
0 0.25 0.6578125 0.078125 0.10625
0 0.015625 0.71875 0.03125 0.109375
0 0.2203125 0.4296875 0.090625 0.109375
0 0.45390625 0.40234375 0.0703125 0.1171875
0 0.5953125 0.47265625 0.04375 0.0234375
0 0.35078125 0.5359375 0.0984375 0.109375
0 0.459375 0.51796875 0.04375 0.0515625
0 0.5296875 0.57109375 0.04375 0.0546875
0 0.61640625 0.5640625 0.0515625 0.04375
0 0.58828125 0.68828125 0.0984375 0.1796875
0 0.40859375 0.70703125 0.0828125 0.0859375
0 0.69140625 0.3921875 0.1171875 0.121875
0 0.88671875 0.43671875 0.1015625 0.1296875
0 0.9859375 0.4296875 0.028125 0.109375
0 0.771875 0.4828125 0.04375 0.059375
0 0.7046875 0.5671875 0.090625 0.109375
0 0.90859375 0.61875 0.0828125 0.090625
0 0.7625 0.734375 0.09375 0.109375
0 0.103125 0.77734375 0.090625 0.0859375
0 0.1140625 0.91015625 0.046875 0.0546875
0 0.01953125 0.9375 0.0390625 0.09375
0 0.32265625 0.78984375 0.0359375 0.0390625
0 0.5375 0.82890625 0.04375 0.0390625
0 0.38125 0.90078125 0.075 0.0671875
0 0.459375 0.9390625 0.028125 0.028125
0 0.31640625 0.96875 0.0703125 0.0625
0 0.85 0.85234375 0.059375 0.0703125
0 0.7359375 0.9078125 0.075 0.090625
0 0.92265625 0.78203125 0.0703125 0.1015625
0 0.928125 0.953125 0.090625 0.09375
0 0.45 0.81953125 0.0625 0.0671875
0 0.55859375 0.9203125 0.0859375 0.090625
0 0.23046875 0.78828125 0.1015625 0.1140625
0 0.13984375 0.1296875 0.096875 0.09375
0 0.7578125 0.0875 0.078125 0.090625
0 0.71484375 0.1859375 0.0703125 0.10625
0 0.82734375 0.278125 0.0984375 0.09375
0 0.92421875 0.0296875 0.0828125 0.059375
0 0.13203125 0.0375 0.096875 0.075
0 0.2125 0.8921875 0.090625 0.10625
0 0.42421875 0.17109375 0.0828125 0.0828125
0 0.36796875 0.64140625 0.0703125 0.0703125