0 0.56484375 0.00390625 0.1078125 0.0078125
0 0.75625 0.01015625 0.10234375 0.0203125
0 0.04296875 0.02734375 0.08515625 0.0546875
0 0.04765625 0.15234375 0.0515625 0.059375
0 0.16015625 0.28984375 0.09921875 0.10234375
0 0.27578125 0.02109375 0.0390625 0.0421875
0 0.51015625 0.0640625 0.04765625 0.04296875
0 0.33984375 0.1421875 0.08203125 0.0734375
0 0.425 0.184375 0.03046875 0.03046875
0 0.26875 0.2234375 0.0765625 0.08203125
0 0.4796875 0.28515625 0.06484375 0.06796875
0 0.40859375 0.29296875 0.0390625 0.05625
0 0.58515625 0.3265625 0.034375 0.05625
0 0.28671875 0.37734375 0.0515625 0.06484375
0 0.48203125 0.415625 0.059375 0.0734375
0 0.8515625 0.08984375 0.06484375 0.0765625
0 0.72734375 0.15 0.08203125 0.09921875
0 0.68125 0.27734375 0.06484375 0.0765625
0 0.7875 0.29765625 0.0734375 0.0765625
0 0.68359375 0.396875 0.059375 0.0765625
0 0.79453125 0.40234375 0.09375 0.09921875
0 0.1734375 0.73671875 0.0734375 0.0734375
0 0.08125 0.79375 0.11796875 0.11953125
0 0.36640625 0.47109375 0.090625 0.11640625
0 0.55859375 0.47421875 0.09375 0.09921875
0 0.5 0.53984375 0.06796875 0.090625
0 0.28359375 0.59375 0.08203125 0.08203125
0 0.5515625 0.7203125 0.08515625 0.13671875
0 0.25390625 0.73515625 0.06484375 0.06484375
0 0.396875 0.77265625 0.059375 0.06484375
0 0.46875 0.878125 0.12421875 0.1453125
0 0.290625 0.85859375 0.09375 0.1328125
0 0.8640625 0.521875 0.0390625 0.04765625
0 0.61953125 0.6046875 0.13671875 0.128125
0 0.91796875 0.61171875 0.11953125 0.12421875
0 0.75859375 0.70703125 0.12421875 0.1453125
0 0.9046875 0.8109375 0.10234375 0.13671875
0 0.8046875 0.85234375 0.05625 0.059375
0 0.15234375 0.9640625 0.090625 0.071875
0 0.35390625 0.925 0.04296875 0.0515625
0 0.584375 0.96796875 0.059375 0.0640625
0 0.32265625 0.98359375 0.15 0.0328125
0 0.65546875 0.87421875 0.1328125 0.1109375
0 0.92890625 0.03359375 0.0765625 0.06640625
0 0.93671875 0.20234375 0.09921875 0.1078125
0 0.940625 0.415625 0.09921875 0.1078125
0 0.41484375 0.05390625 0.06796875 0.0734375
0 0.53359375 0.1640625 0.09375 0.09921875
0 0.17421875 0.03984375 0.1109375 0.0796875
0 0.0125 0.575 0.025 0.128125
0 0.0125 0.38671875 0.025 0.1078125
0 0.0765625 0.515625 0.06796875 0.06796875
0 0.36484375 0.6703125 0.06484375 0.06484375
0 0.17890625 0.60859375 0.08515625 0.090625
0 0.7234375 0.51171875 0.09921875 0.11953125
0 0.8671875 0.9578125 0.1125 0.08359375
0 0.06796875 0.6859375 0.078125 0.0734375