0 0.03984375 0.00625 0.0796875 0.0125
0 0.9609375 0.01875 0.078125 0.0375
0 0.9359375 0.15390625 0.09765625 0.1109375
0 0.76796875 0.2109375 0.09453125 0.1109375
0 0.6125 0.19921875 0.09453125 0.1109375
0 0.571875 0.321875 0.09453125 0.1109375
0 0.6375 0.3828125 0.06171875 0.05390625
0 0.73515625 0.38125 0.1109375 0.1390625
0 0.43046875 0.23515625 0.18828125 0.19296875
0 0.47421875 0.39609375 0.09453125 0.1359375
0 0.06484375 0.2046875 0.11953125 0.12265625
0 0.05078125 0.38125 0.09765625 0.12265625
0 0.89140625 0.4921875 0.12265625 0.1140625
0 0.571875 0.48359375 0.078125 0.09765625
0 0.7265625 0.52578125 0.103125 0.1109375
0 0.56484375 0.66015625 0.1390625 0.1109375
0 0.8578125 0.64375 0.09453125 0.1109375
0 0.7734375 0.78828125 0.08984375 0.11953125
0 0.12421875 0.43828125 0.04921875 0.04921875
0 0.20625 0.45234375 0.08203125 0.078125
0 0.40546875 0.5 0.08203125 0.09765625
0 0.26640625 0.56796875 0.1140625 0.11953125
0 0.4 0.6671875 0.078125 0.10625
0 0.1546875 0.675 0.08671875 0.08203125
0 0.23359375 0.73828125 0.1140625 0.1109375
0 0.38046875 0.83125 0.09765625 0.12265625
0 0.91171875 0.87265625 0.065625 0.1109375
0 0.5734375 0.878125 0.065625 0.05390625
0 0.77578125 0.9265625 0.1109375 0.1109375
0 0.46015625 0.96796875 0.08671875 0.0640625
0 0.2671875 0.871875 0.10625 0.1390625
0 0.1578125 0.96015625 0.103125 0.0796875
0 0.290625 0.98828125 0.13046875 0.02265625
0 0.03046875 0.940625 0.0578125 0.11875
0 0.0703125 0.88046875 0.1140625 0.12734375
0 0.040625 0.68984375 0.078125 0.078125
0 0.0078125 0.75546875 0.015625 0.0828125
0 0.153125 0.3296875 0.08984375 0.09453125
0 0.24296875 0.3421875 0.0734375 0.11953125
0 0.02578125 0.5921875 0.0515625 0.08125
0 0.146875 0.5859375 0.06171875 0.08984375