0 0.03125 0.0484375 0.0625 0.096875
0 0.32109375 0.0390625 0.0703125 0.078125
0 0.44765625 0.0546875 0.1453125 0.109375
0 0.10390625 0.18125 0.1765625 0.153125
0 0.1 0.36171875 0.090625 0.0671875
0 0.21953125 0.0875 0.1015625 0.10625
0 0.5546875 0.16640625 0.078125 0.0984375
0 0.2828125 0.1953125 0.090625 0.09375
0 0.41875 0.24453125 0.078125 0.0828125
0 0.22265625 0.33515625 0.1015625 0.1140625
0 0.328125 0.37421875 0.09375 0.0828125
0 0.75 0.05078125 0.140625 0.1015625
0 0.61953125 0.0546875 0.0984375 0.09375
0 0.9 0.1234375 0.059375 0.075
0 0.74453125 0.18671875 0.0828125 0.1296875
0 0.65234375 0.18828125 0.0234375 0.0390625
0 0.96484375 0.2046875 0.0703125 0.10625
0 0.85546875 0.30390625 0.1171875 0.1296875
0 0.56640625 0.2671875 0.0234375 0.028125
0 0.77734375 0.39296875 0.0859375 0.0984375
0 0.5328125 0.42890625 0.1375 0.1296875
0 0.96640625 0.4171875 0.0671875 0.171875
0 0.16875 0.4375 0.03125 0.03125
0 0.103125 0.5765625 0.028125 0.04375
0 0.05703125 0.65859375 0.0828125 0.0828125
0 0.1703125 0.67265625 0.075 0.0859375
0 0.42578125 0.41484375 0.0546875 0.0390625
0 0.19765625 0.51171875 0.0984375 0.1015625
0 0.4578125 0.52421875 0.03125 0.0234375
0 0.3515625 0.56953125 0.125 0.1765625
0 0.51796875 0.59375 0.0515625 0.0625
0 0.25078125 0.61953125 0.0234375 0.0359375
0 0.4390625 0.68359375 0.028125 0.0234375
0 0.31640625 0.73828125 0.0859375 0.0859375
0 0.48828125 0.765625 0.0859375 0.078125
0 0.80078125 0.55703125 0.1484375 0.1921875
0 0.62421875 0.52578125 0.0984375 0.0828125
0 0.7546875 0.68828125 0.078125 0.0859375
0 0.93125 0.646875 0.090625 0.10625
0 0.046875 0.9765625 0.09375 0.046875
0 0.20234375 0.82265625 0.0828125 0.0515625
0 0.69609375 0.79296875 0.1015625 0.0859375
0 0.5921875 0.8671875 0.059375 0.09375
0 0.98203125 0.78203125 0.0359375 0.1140625
0 0.021875 0.73828125 0.04375 0.0859375
0 0.10234375 0.875 0.1484375 0.109375
0 0.09296875 0.7703125 0.0671875 0.0625
0 0.90625 0.55625 0.046875 0.04375
0 0.60859375 0.6796875 0.1140625 0.125
0 0.74375 0.9109375 0.121875 0.125
0 0.88125 0.93046875 0.059375 0.0703125
0 0.29765625 0.98046875 0.0859375 0.0390625
0 0.659375 0.31640625 0.10625 0.1484375