0 0.134375 0.10234375 0.046875 0.0671875
0 0.1109375 0.23125 0.134375 0.10078125
0 0.54375 0.01953125 0.1171875 0.03828125
0 0.45625 0.06328125 0.0640625 0.0890625
0 0.2828125 0.09375 0.05859375 0.08359375
0 0.62734375 0.115625 0.05 0.08046875
0 0.5140625 0.17109375 0.12578125 0.1140625
0 0.28125 0.2484375 0.05546875 0.03359375
0 0.5796875 0.27734375 0.0890625 0.0921875
0 0.925 0.09609375 0.05859375 0.05546875
0 0.790625 0.171875 0.10078125 0.0890625
0 0.94921875 0.190625 0.1015625 0.109375
0 0.0453125 0.41015625 0.090625 0.12265625
0 0.04765625 0.56640625 0.0921875 0.0890625
0 0.2046875 0.61015625 0.08046875 0.0921875
0 0.04140625 0.7109375 0.08203125 0.0921875
0 0.18203125 0.7359375 0.0921875 0.109375
0 0.41328125 0.41640625 0.07578125 0.1171875
0 0.56484375 0.42890625 0.109375 0.0921875
0 0.2890625 0.51015625 0.071875 0.09765625
0 0.559375 0.5765625 0.109375 0.12578125
0 0.40859375 0.62734375 0.0921875 0.09765625
0 0.32890625 0.73671875 0.10078125 0.13125
0 0.465625 0.72890625 0.10546875 0.12265625
0 0.83984375 0.52734375 0.17265625 0.17265625
0 0.9828125 0.6390625 0.034375 0.134375
0 0.70859375 0.65 0.10546875 0.12265625
0 0.02421875 0.93671875 0.0484375 0.109375
0 0.6109375 0.775 0.10078125 0.13125
0 0.22109375 0.84296875 0.09765625 0.10546875
0 0.371875 0.871875 0.0921875 0.10546875
0 0.51015625 0.9078125 0.08359375 0.08359375
0 0.41328125 0.96796875 0.0921875 0.0640625
0 0.60390625 0.96796875 0.08046875 0.0640625
0 0.25390625 0.9734375 0.0984375 0.053125
0 0.9296875 0.921875 0.10078125 0.0890625
0 0.9484375 0.990625 0.10234375 0.01875
0 0.21328125 0.43515625 0.08046875 0.0890625
0 0.15546875 0.35078125 0.0890625 0.08046875
0 0.32578125 0.3375 0.0671875 0.0671875
0 0.70234375 0.47890625 0.0921875 0.0921875
0 0.78828125 0.3890625 0.09765625 0.09765625
0 0.80546875 0.04453125 0.08046875 0.0890625
0 0.765625 0.265625 0.0921875 0.07578125
0 0.86171875 0.753125 0.0921875 0.1140625
0 0.10078125 0.82734375 0.09765625 0.10078125
0 0.115625 0.93203125 0.08359375 0.0921875
0 0.72421875 0.975 0.07578125 0.05
0 0.77421875 0.890625 0.07578125 0.08359375
0 0.6734375 0.86796875 0.05859375 0.071875