0 0.95703125 0.0109375 0.08515625 0.021875
0 0.9546875 0.1265625 0.0546875 0.06328125
0 0.834375 0.27265625 0.10546875 0.109375
0 0.71171875 0.0046875 0.0421875 0.009375
0 0.46171875 0.03203125 0.05078125 0.0453125
0 0.64375 0.115625 0.0875 0.078125
0 0.55234375 0.16015625 0.0328125 0.0328125
0 0.71875 0.2015625 0.08203125 0.0875
0 0.49453125 0.2671875 0.06875 0.07265625
0 0.5703125 0.27578125 0.0421875 0.06015625
0 0.38203125 0.31171875 0.03671875 0.06015625
0 0.7 0.365625 0.0546875 0.06875
0 0.4921875 0.40625 0.06328125 0.078125
0 0.0984375 0.059375 0.06875 0.08203125
0 0.23125 0.1234375 0.0875 0.10546875
0 0.2796875 0.259375 0.06875 0.08203125
0 0.16640625 0.28125 0.078125 0.08203125
0 0.27734375 0.38671875 0.06328125 0.08203125
0 0.159375 0.39296875 0.1 0.10546875
0 0.82109375 0.7484375 0.078125 0.078125
0 0.91875 0.809375 0.12578125 0.12734375
0 0.615625 0.465625 0.09609375 0.1234375
0 0.41015625 0.46875 0.1 0.10546875
0 0.47265625 0.5390625 0.07265625 0.09609375
0 0.70390625 0.59609375 0.0875 0.0875
0 0.41796875 0.73125 0.090625 0.1453125
0 0.734375 0.74765625 0.06875 0.06875
0 0.5828125 0.7875 0.06328125 0.06875
0 0.50625 0.89921875 0.1328125 0.1546875
0 0.6953125 0.878125 0.1 0.1421875
0 0.084375 0.5203125 0.0421875 0.05078125
0 0.3453125 0.6078125 0.1453125 0.13671875
0 0.0453125 0.615625 0.090625 0.1328125
0 0.19765625 0.7171875 0.1328125 0.1546875
0 0.0484375 0.82734375 0.09609375 0.1453125
0 0.1484375 0.871875 0.06015625 0.06328125
0 0.84375 0.97578125 0.096875 0.0484375
0 0.628125 0.94921875 0.0453125 0.0546875
0 0.38359375 0.98046875 0.0640625 0.0390625
0 0.30703125 0.8953125 0.1421875 0.11796875
0 0.028125 0.0171875 0.05625 0.034375
0 0.03046875 0.178125 0.0609375 0.115625
0 0.028125 0.40625 0.05625 0.11484375
0 0.5640625 0.0296875 0.071875 0.059375
0 0.4375 0.13828125 0.1 0.10546875
0 0.81953125 0.02421875 0.1171875 0.0484375
0 0.9890625 0.57734375 0.021875 0.13671875
0 0.9890625 0.37578125 0.021875 0.11484375
0 0.9234375 0.5125 0.07265625 0.07265625
0 0.61640625 0.678125 0.06875 0.06875
0 0.81484375 0.61171875 0.090625 0.09609375
0 0.234375 0.509375 0.10546875 0.12734375
0 0.08203125 0.96953125 0.1203125 0.0609375
0 0.9328125 0.69453125 0.08359375 0.078125