0 0.2359375 0.03828125 0.03984375 0.04765625
0 0.1375 0.08828125 0.05546875 0.05234375
0 0.02890625 0.159375 0.05703125 0.084375
0 0.16015625 0.17734375 0.0953125 0.103125
0 0.35625 0.03046875 0.05234375 0.06015625
0 0.51875 0.06328125 0.0765625 0.0921875
0 0.5421875 0.15859375 0.0875 0.0921875
0 0.446875 0.15859375 0.07109375 0.0765625
0 0.3203125 0.2125 0.0765625 0.0796875
0 0.40703125 0.28984375 0.07109375 0.084375
0 0.271875 0.35078125 0.07109375 0.0796875
0 0.9453125 0.00859375 0.06796875 0.0171875
0 0.86875 0.20625 0.03671875 0.04453125
0 0.69921875 0.2765625 0.13203125 0.14296875
0 0.9703125 0.2796875 0.05859375 0.1109375
0 0.82109375 0.29453125 0.084375 0.1
0 0.890625 0.2703125 0.06328125 0.06796875
0 0.68359375 0.3453125 0.03671875 0.05234375
0 0.215625 0.6015625 0.0796875 0.12734375
0 0.35859375 0.628125 0.1109375 0.16328125
0 0.48984375 0.7234375 0.11875 0.14296875
0 0.2671875 0.71953125 0.05546875 0.05546875
0 0.9609375 0.41875 0.078125 0.14296875
0 0.65859375 0.5078125 0.0921875 0.1078125
0 0.75546875 0.490625 0.06328125 0.06328125
0 0.95703125 0.58828125 0.0859375 0.115625
0 0.93125 0.734375 0.13515625 0.1
0 0.796875 0.78828125 0.15546875 0.16640625
0 0.14609375 0.81875 0.1078125 0.190625
0 0.2640625 0.82109375 0.103125 0.115625
0 0.1609375 0.9625 0.1 0.07421875
0 0.65703125 0.7921875 0.14296875 0.14296875
0 0.303125 0.921875 0.0796875 0.0953125
0 0.43125 0.9859375 0.084375 0.028125
0 0.0265625 0.3640625 0.05234375 0.090625
0 0.97421875 0.1 0.05078125 0.12734375
0 0.78046875 0.17578125 0.103125 0.115625
0 0.03125 0.040625 0.06171875 0.08125
0 0.01484375 0.24765625 0.0296875 0.0703125
0 0.7125 0.978125 0.084375 0.04375
0 0.90546875 0.990625 0.084375 0.01875
0 0.92421875 0.89140625 0.084375 0.11875
0 0.07734375 0.709375 0.0875 0.1078125
0 0.384375 0.8015625 0.0921875 0.1234375
0 0.5015625 0.87578125 0.1109375 0.13515625
0 0.6046875 0.95546875 0.0953125 0.0890625
0 0.48984375 0.56953125 0.11875 0.0953125
0 0.3671875 0.4875 0.11875 0.0921875
0 0.45625 0.3796875 0.1 0.1109375
0 0.52421875 0.46328125 0.1 0.1078125
0 0.5859375 0.36796875 0.1109375 0.1078125
0 0.74375 0.38515625 0.0875 0.084375
0 0.8015625 0.45078125 0.06015625 0.06328125
0 0.86796875 0.384375 0.0765625 0.0921875
0 0.86796875 0.465625 0.06015625 0.05546875
0 0.83984375 0.51796875 0.04765625 0.05546875
0 0.86328125 0.578125 0.06328125 0.04765625
0 0.74375 0.58828125 0.11875 0.1
0 0.640625 0.628125 0.0875 0.1
0 0.82734375 0.6546875 0.0953125 0.1
0 0.71484375 0.68671875 0.1 0.084375
0 0.090625 0.4640625 0.0921875 0.1
0 0.0390625 0.53046875 0.078125 0.0953125
0 0.88203125 0.10859375 0.1 0.103125
0 0.6171875 0.0953125 0.0796875 0.0921875
0 0.1296875 0.3171875 0.04921875 0.03515625