0 0.56484375 0.0234375 0.0390625 0.046875
0 0.23203125 0.04609375 0.0390625 0.0921875
0 0.925 0.05234375 0.08984375 0.09765625
0 0.95234375 0.1796875 0.09453125 0.10625
0 0.96796875 0.30546875 0.0640625 0.13203125
0 0.7265625 0.25859375 0.11484375 0.1015625
0 0.31640625 0.0390625 0.10625 0.07734375
0 0.60390625 0.14296875 0.1234375 0.10625
0 0.4703125 0.14296875 0.09296875 0.08984375
0 0.4875 0.2828125 0.09296875 0.11015625
0 0.34609375 0.33671875 0.13203125 0.1234375
0 0.87265625 0.946875 0.059375 0.0421875
0 0.76796875 0.9703125 0.0390625 0.0390625
0 0.9546875 0.99375 0.04765625 0.01171875
0 0.690625 0.98828125 0.03359375 0.0234375
0 0.60859375 0.99609375 0.0296875 0.0078125
0 0.66640625 0.01953125 0.0390625 0.0390625
0 0.44609375 0.02109375 0.0671875 0.0421875
0 0.5203125 0.396875 0.08125 0.084375
0 0.61640625 0.2828125 0.09765625 0.07578125
0 0.6390625 0.3765625 0.09296875 0.084375
0 0.740625 0.35546875 0.09296875 0.09296875
0 0.84296875 0.321875 0.1015625 0.09296875
0 0.84140625 0.225 0.09765625 0.084375
0 0.81484375 0.12734375 0.10625 0.09296875
0 0.34375 0.14453125 0.11015625 0.1265625
0 0.2421875 0.18984375 0.059375 0.17734375
0 0.42265625 0.51640625 0.13203125 0.14375