0 0.54609375 0.059375 0.1171875 0.11875
0 0.596875 0.4 0.13125 0.15703125
0 0.56328125 0.28671875 0.0703125 0.05234375
0 0.85078125 0.97734375 0.09609375 0.0453125
0 0.63515625 0.98828125 0.09296875 0.02265625
0 0.396875 0.99296875 0.05234375 0.0140625
0 0.3015625 0.97265625 0.06484375 0.05390625
0 0.18828125 0.90703125 0.046875 0.05625
0 0.17890625 0.81171875 0.10703125 0.0890625
0 0.11171875 0.89921875 0.05234375 0.05390625
0 0.38046875 0.91796875 0.06484375 0.0734375
0 0.4296875 0.95078125 0.0765625 0.0703125