0 0.6328125 0.04765625 0.0625 0.0703125
0 0.08046875 0.09765625 0.0984375 0.1171875
0 0.0140625 0.146875 0.028125 0.075
0 0.0671875 0.21875 0.09375 0.09375
0 0.1234375 0.30078125 0.075 0.0546875
0 0.4859375 0.15859375 0.090625 0.1140625
0 0.203125 0.15 0.03125 0.028125
0 0.303125 0.2671875 0.075 0.10625
0 0.3671875 0.328125 0.03125 0.03125
0 0.76015625 0.075 0.0828125 0.109375
0 0.90859375 0.09765625 0.0828125 0.1171875
0 0.60234375 0.19921875 0.1015625 0.1015625
0 0.73828125 0.2171875 0.0546875 0.059375
0 0.87890625 0.24296875 0.0859375 0.0859375
0 0.853125 0.37421875 0.075 0.0828125
0 0.978125 0.30390625 0.028125 0.0359375
0 0.20078125 0.0328125 0.0984375 0.065625
0 0.47578125 0.390625 0.0984375 0.078125
0 0.88828125 0.62265625 0.0515625 0.0515625
0 0.7609375 0.7015625 0.0515625 0.059375
0 0.9859375 0.3890625 0.028125 0.04375
0 0.8484375 0.71640625 0.046875 0.046875
0 0.68203125 0.878125 0.0671875 0.059375
0 0.62265625 0.96953125 0.0578125 0.0578125
0 0.88984375 0.446875 0.0671875 0.08125