0 0.08828125 0.03125 0.0984375 0.0625
0 0.0859375 0.1578125 0.078125 0.090625
0 0.07890625 0.303125 0.1171875 0.121875
0 0.4921875 0.03515625 0.09375 0.0703125
0 0.20859375 0.0328125 0.1046875 0.065625
0 0.3640625 0.05078125 0.109375 0.1015625
0 0.203125 0.2984375 0.09375 0.121875
0 0.64921875 0.0390625 0.0859375 0.078125
0 0.7875 0.103125 0.090625 0.10625
0 0.65234375 0.18984375 0.1015625 0.1140625
0 0.78125 0.24140625 0.09375 0.0984375
0 0.6453125 0.3484375 0.109375 0.109375
0 0.9390625 0.08671875 0.10625 0.1015625
0 0.92890625 0.2546875 0.0828125 0.078125
0 0.93203125 0.4078125 0.0984375 0.10625
0 0.07890625 0.4609375 0.0859375 0.09375
0 0.0640625 0.59296875 0.10625 0.1296875
0 0.225 0.45234375 0.075 0.0828125
0 0.20703125 0.61015625 0.0703125 0.0703125
0 0.359375 0.61015625 0.078125 0.0859375
0 0.51015625 0.61328125 0.0828125 0.0859375
0 0.7875 0.40625 0.090625 0.109375
0 0.6390625 0.509375 0.10625 0.121875
0 0.7953125 0.54921875 0.075 0.0828125
0 0.64921875 0.6703125 0.0546875 0.075
0 0.77734375 0.7078125 0.0703125 0.109375
0 0.48515625 0.78359375 0.0703125 0.0828125
0 0.92890625 0.6703125 0.0515625 0.059375
0 0.0140625 0.93828125 0.028125 0.1171875
0 0.2484375 0.89140625 0.075 0.0859375
0 0.3453125 0.89921875 0.059375 0.0546875
0 0.44453125 0.97421875 0.1171875 0.0515625
0 0.12578125 0.98828125 0.0859375 0.0234375
0 0.75234375 0.8453125 0.0515625 0.059375
0 0.74375 0.94375 0.075 0.075
0 0.91796875 0.87578125 0.0546875 0.0546875
0 0.215625 0.153125 0.09375 0.109375
0 0.353125 0.32265625 0.10625 0.1140625
0 0.3671875 0.1703125 0.078125 0.075
0 0.015625 0.728125 0.03125 0.075
0 0.08203125 0.759375 0.0546875 0.059375
0 0.3765625 0.75 0.075 0.078125
0 0.51171875 0.4578125 0.0859375 0.09375
0 0.36796875 0.46875 0.1015625 0.09375
0 0.946875 0.5671875 0.075 0.078125
0 0.8453125 0.81640625 0.059375 0.0703125
0 0.91796875 0.77578125 0.0546875 0.0671875
0 0.496875 0.309375 0.109375 0.125
0 0.4859375 0.17890625 0.10625 0.1140625
0 0.33125 0.98203125 0.0625 0.0359375
0 0.17890625 0.7828125 0.0671875 0.059375