0 0.13515625 0.18203125 0.0828125 0.0984375
0 0.059375 0.31875 0.109375 0.121875
0 0.26171875 0.20234375 0.0859375 0.0984375
0 0.42109375 0.22890625 0.1140625 0.0984375
0 0.2015625 0.34296875 0.10625 0.1296875
0 0.78203125 0.03125 0.0546875 0.0625
0 0.9234375 0.02734375 0.059375 0.0546875
0 0.6265625 0.021875 0.04375 0.04375
0 0.85625 0.06484375 0.046875 0.0515625
0 0.5671875 0.24375 0.09375 0.090625
0 0.5140625 0.3671875 0.090625 0.109375
0 0.36328125 0.35390625 0.0703125 0.0671875
0 0.44765625 0.5046875 0.1140625 0.109375
0 0.35625 0.703125 0.109375 0.109375
0 0.509375 0.7390625 0.075 0.09375
0 0.63359375 0.44921875 0.0703125 0.0703125
0 0.79765625 0.465625 0.0859375 0.109375
0 0.92109375 0.4984375 0.0984375 0.1375
0 0.72578125 0.603125 0.1140625 0.10625
0 0.86640625 0.63984375 0.0828125 0.0984375
0 0.9859375 0.6890625 0.028125 0.04375
0 0.40546875 0.8125 0.0671875 0.0625
0 0.36171875 0.95 0.0671875 0.078125
0 0.76796875 0.7484375 0.0984375 0.090625
0 0.903125 0.8140625 0.109375 0.1375
0 0.7328125 0.9109375 0.090625 0.109375
0 0.96484375 0.96484375 0.0703125 0.0703125
0 0.11015625 0.59765625 0.1171875 0.1171875
0 0.29765625 0.46953125 0.1171875 0.1328125
0 0.1546875 0.4453125 0.075 0.0625
0 0.30625 0.88359375 0.075 0.0859375
0 0.21953125 0.928125 0.0859375 0.075
0 0.45390625 0.98046875 0.1015625 0.0390625
0 0.5484375 0.83046875 0.04375 0.0515625
0 0.5046875 0.87578125 0.0625 0.0703125
0 0.2484375 0.76171875 0.090625 0.0859375
0 0.015625 0.8765625 0.03125 0.075
0 0.134375 0.9390625 0.059375 0.075
0 0.17578125 0.04765625 0.0859375 0.0859375
0 0.48046875 0.090625 0.0546875 0.0625
0 0.6171875 0.140625 0.078125 0.078125
0 0.3359375 0.05390625 0.09375 0.0984375
0 0.6609375 0.34609375 0.09375 0.0984375
0 0.85078125 0.32265625 0.1140625 0.1296875
0 0.7203125 0.2484375 0.075 0.10625
0 0.76015625 0.1625 0.0671875 0.090625
0 0.97421875 0.3546875 0.0515625 0.078125
0 0.90546875 0.19453125 0.0984375 0.1140625
0 0.93203125 0.09453125 0.0515625 0.0546875
0 0.975 0.1578125 0.04375 0.121875
0 0.86328125 0.95703125 0.0859375 0.0859375
0 0.38125 0.5984375 0.075 0.078125
0 0.259375 0.62421875 0.075 0.0828125
0 0.2203125 0.55390625 0.059375 0.0671875
0 0.63125 0.903125 0.10625 0.09375
0 0.6703125 0.73671875 0.059375 0.0671875
0 0.57734375 0.53203125 0.0515625 0.0703125
0 0.121875 0.76640625 0.078125 0.0859375