0 0.7328125 0.0359375 0.1 0.07109375
0 0.6890625 0.34453125 0.0765625 0.0921875
0 0.409375 0.334375 0.0953125 0.07109375
0 0.9546875 0.11953125 0.090625 0.0875
0 0.88046875 0.19921875 0.115625 0.0875
0 0.978125 0.29609375 0.04375 0.0921875
0 0.86796875 0.296875 0.0765625 0.0765625
0 0.07734375 0.45859375 0.0875 0.0765625
0 0.1203125 0.6640625 0.06328125 0.0875
0 0.2890625 0.678125 0.0765625 0.0765625
0 0.49921875 0.3875 0.03671875 0.04453125
0 0.56640625 0.45625 0.0765625 0.1
0 0.71484375 0.4796875 0.103125 0.1234375
0 0.50546875 0.528125 0.03984375 0.05234375
0 0.71171875 0.6234375 0.103125 0.1109375
0 0.5640625 0.62578125 0.07109375 0.0921875
0 0.48984375 0.70234375 0.03984375 0.03671875
0 0.5640625 0.7625 0.0875 0.0875
0 0.971875 0.4484375 0.05546875 0.115625
0 0.865625 0.4984375 0.103125 0.1078125
0 0.96796875 0.61328125 0.06328125 0.10625
0 0.8703125 0.62890625 0.0875 0.0953125
0 0.11953125 0.83515625 0.103125 0.1109375
0 0.27421875 0.83984375 0.0953125 0.0921875
0 0.41328125 0.79453125 0.103125 0.0875
0 0.41328125 0.928125 0.0875 0.084375
0 0.2609375 0.9640625 0.084375 0.07109375
0 0.134375 0.978125 0.1 0.04375
0 0.48203125 0.84765625 0.03984375 0.02890625
0 0.70859375 0.93046875 0.1078125 0.1390625
0 0.553125 0.9140625 0.11875 0.0796875
0 0.46953125 0.98359375 0.0515625 0.0328125
0 0.86875 0.80234375 0.1 0.103125
0 0.98359375 0.771875 0.0328125 0.121875
0 0.98203125 0.9234375 0.0359375 0.1
0 0.87421875 0.9375 0.0796875 0.0875
0 0.6921875 0.2265625 0.06328125 0.084375
0 0.90546875 0.01015625 0.103125 0.0203125
0 0.48984375 0.2515625 0.0875 0.0875
0 0.5484375 0.11015625 0.103125 0.14765625
0 0.253125 0.21796875 0.1953125 0.14765625
0 0.28125 0.3953125 0.0765625 0.06015625
0 0.33515625 0.44921875 0.04765625 0.04765625
0 0.4140625 0.46875 0.0796875 0.0875
0 0.2890625 0.51953125 0.06015625 0.084375
0 0.14921875 0.5171875 0.0765625 0.1109375
0 0.021875 0.52734375 0.04375 0.0921875
0 0.3390625 0.6125 0.05546875 0.04765625
0 0.42578125 0.6421875 0.0796875 0.084375
0 0.5765625 0.290625 0.06328125 0.06328125