0 0.10859375 0.0421875 0.06796875 0.084375
0 0.0703125 0.1875 0.09296875 0.09296875
0 0.0421875 0.3296875 0.08125 0.08984375
0 0.32109375 0.078125 0.02578125 0.03046875
0 0.4125 0.10703125 0.0390625 0.03359375
0 0.20859375 0.146875 0.03046875 0.0390625
0 0.3 0.17890625 0.03359375 0.0421875
0 0.38828125 0.196875 0.03359375 0.03046875
0 0.178125 0.253125 0.03046875 0.0390625
0 0.271875 0.284375 0.0390625 0.03359375
0 0.37578125 0.30703125 0.02578125 0.03046875
0 0.203125 0.3515625 0.04765625 0.0421875
0 0.93984375 0.7328125 0.09296875 0.09296875
0 0.87265625 0.82265625 0.04765625 0.059375
0 0.94296875 0.81796875 0.0421875 0.0421875
0 0.59296875 0.00859375 0.0640625 0.0171875
0 0.5859375 0.12109375 0.07265625 0.08984375
0 0.590625 0.265625 0.05625 0.05625
0 0.52421875 0.31640625 0.0765625 0.07265625
0 0.40546875 0.4828125 0.084375 0.084375
0 0.4734375 0.64921875 0.0421875 0.05078125
0 0.0828125 0.5921875 0.05078125 0.05625
0 0.03359375 0.68671875 0.04765625 0.05078125
0 0.5375 0.85234375 0.05078125 0.05078125
0 0.6890625 0.784375 0.0421875 0.05078125
0 0.7625 0.80390625 0.04765625 0.05625
0 0.81171875 0.93984375 0.05078125 0.05625
0 0.72734375 0.90546875 0.05078125 0.04765625
0 0.59296875 0.97890625 0.0640625 0.0421875
0 0.39921875 0.9390625 0.05625 0.0640625
0 0.2234375 0.57265625 0.0359375 0.04375
0 0.29921875 0.5984375 0.0421875 0.04375
0 0.17734375 0.63359375 0.05234375 0.04765625
0 0.13671875 0.709375 0.04609375 0.04609375
0 0.08671875 0.84296875 0.04765625 0.04921875
0 0.93359375 0.971875 0.04765625 0.05234375
0 0.51796875 0.6296875 0.04609375 0.04609375
0 0.40390625 0.690625 0.04921875 0.04765625