0 0.284375 0.0421875 0.109375 0.084375
0 0.33203125 0.38203125 0.0828125 0.1
0 0.63671875 0.37109375 0.10390625 0.078125
0 0.04609375 0.1375 0.09140625 0.0953125
0 0.1234375 0.22421875 0.1265625 0.0953125
0 0.0203125 0.3296875 0.040625 0.1
0 0.13671875 0.33046875 0.0828125 0.0828125
0 0.97578125 0.50703125 0.0484375 0.0828125
0 0.9515625 0.73125 0.06953125 0.0953125
0 0.76796875 0.7453125 0.0828125 0.0828125
0 0.5390625 0.42890625 0.03984375 0.0484375
0 0.465625 0.5046875 0.0828125 0.109375
0 0.30390625 0.5296875 0.1125 0.13515625
0 0.53203125 0.58203125 0.04296875 0.05703125
0 0.30703125 0.68671875 0.1125 0.12109375
0 0.46796875 0.68828125 0.078125 0.1
0 0.54921875 0.77265625 0.04296875 0.03984375
0 0.46796875 0.83828125 0.0953125 0.0953125
0 0.02734375 0.49453125 0.0546875 0.1265625
0 0.1390625 0.55 0.1125 0.11796875
0 0.03125 0.67578125 0.0625 0.115625
0 0.134375 0.6921875 0.0953125 0.10390625
0 0.9484375 0.91640625 0.103125 0.1203125
0 0.78359375 0.921875 0.10390625 0.1
0 0.63203125 0.87265625 0.1125 0.0953125
0 0.63203125 0.9859375 0.0953125 0.02734375
0 0.5578125 0.93046875 0.04296875 0.03125
0 0.31015625 0.97265625 0.1171875 0.0546875
0 0.48046875 0.9796875 0.1296875 0.040625
0 0.1359375 0.88125 0.109375 0.1125
0 0.0140625 0.8484375 0.02734375 0.13359375
0 0.015625 0.9796875 0.03125 0.040625
0 0.1296875 0.990625 0.08671875 0.01875
0 0.32890625 0.253125 0.06953125 0.09140625
0 0.09609375 0.01484375 0.1125 0.0296875
0 0.54921875 0.28125 0.0953125 0.0953125
0 0.48515625 0.12734375 0.1125 0.1609375
0 0.80703125 0.24453125 0.2125 0.1609375
0 0.7765625 0.4375 0.0828125 0.065625
0 0.71796875 0.496875 0.0515625 0.0515625
0 0.63125 0.51796875 0.08671875 0.0953125
0 0.76796875 0.5734375 0.065625 0.09140625
0 0.9203125 0.57109375 0.0828125 0.12109375
0 0.71328125 0.675 0.0609375 0.0515625
0 0.61953125 0.70703125 0.08671875 0.09140625
0 0.4546875 0.3234375 0.06953125 0.06953125