0 0.72421875 0.01875 0.1265625 0.0375
0 0.909375 0.265625 0.10859375 0.140625
0 0.234375 0.05078125 0.1046875 0.10078125
0 0.390625 0.13984375 0.1171875 0.13203125
0 0.2421875 0.19921875 0.10859375 0.1140625
0 0.39921875 0.3234375 0.1265625 0.1265625
0 0.0609375 0.03984375 0.121875 0.0796875
0 0.07109375 0.21484375 0.0953125 0.090625
0 0.06796875 0.39140625 0.1140625 0.12265625
0 0.884375 0.44296875 0.08671875 0.0953125
0 0.90546875 0.62578125 0.08125 0.08125
0 0.72890625 0.62578125 0.090625 0.09921875
0 0.5546875 0.62890625 0.0953125 0.09921875
0 0.234375 0.38984375 0.1046875 0.1265625
0 0.40625 0.509375 0.12265625 0.140625
0 0.22578125 0.5546875 0.08671875 0.0953125
0 0.39453125 0.6953125 0.06328125 0.08671875
0 0.24609375 0.73828125 0.08125 0.1265625
0 0.58359375 0.82578125 0.08125 0.0953125
0 0.07109375 0.6953125 0.059375 0.06875
0 0.85703125 0.95 0.08671875 0.09921875
0 0.7453125 0.959375 0.06875 0.06328125
0 0.275 0.896875 0.059375 0.06875
0 0.28515625 0.98359375 0.08671875 0.0328125
0 0.08359375 0.93203125 0.06328125 0.06328125
0 0.8953125 0.09765625 0.10859375 0.1265625
0 0.73671875 0.29296875 0.12265625 0.13203125
0 0.7203125 0.1171875 0.090625 0.08671875
0 0.709375 0.78671875 0.08671875 0.090625
0 0.553125 0.44921875 0.09921875 0.10859375
0 0.71953125 0.46171875 0.1171875 0.10859375
0 0.05078125 0.57578125 0.08671875 0.090625
0 0.16796875 0.8640625 0.06875 0.08125
0 0.08359375 0.81640625 0.06328125 0.07734375
0 0.5703125 0.278125 0.1265625 0.14453125
0 0.5828125 0.12734375 0.12265625 0.13203125
0 0.9375 0.825 0.07734375 0.06875