0 0.87734375 0.1734375 0.084375 0.1
0 0.94921875 0.3125 0.1015625 0.1234375
0 0.7484375 0.19453125 0.0875 0.1
0 0.58671875 0.22109375 0.115625 0.1
0 0.809375 0.3375 0.1078125 0.13203125
0 0.21953125 0.0265625 0.05546875 0.05234375
0 0.07734375 0.021875 0.0609375 0.04375
0 0.37890625 0.01640625 0.0453125 0.0328125
0 0.14453125 0.0546875 0.04765625 0.05234375
0 0.43828125 0.23671875 0.0953125 0.0921875
0 0.4921875 0.36171875 0.0921875 0.1109375
0 0.6453125 0.3484375 0.07109375 0.06796875
0 0.559375 0.5015625 0.115625 0.1109375
0 0.65234375 0.703125 0.1109375 0.1109375
0 0.496875 0.73984375 0.0765625 0.0953125
0 0.3703125 0.4453125 0.07109375 0.07109375
0 0.20390625 0.46171875 0.0875 0.1109375
0 0.07890625 0.4953125 0.1 0.13984375
0 0.27734375 0.6015625 0.115625 0.1078125
0 0.134375 0.6390625 0.084375 0.1
0 0.0140625 0.68828125 0.028125 0.0453125
0 0.60234375 0.8140625 0.06796875 0.06328125
0 0.646875 0.95390625 0.06796875 0.0796875
0 0.234375 0.74921875 0.1 0.0921875
0 0.096875 0.815625 0.1109375 0.13984375
0 0.26953125 0.9140625 0.0921875 0.1109375
0 0.03515625 0.96640625 0.06953125 0.06640625
0 0.90234375 0.59609375 0.11875 0.11875
0 0.71171875 0.465625 0.11875 0.13515625
0 0.85703125 0.44140625 0.0765625 0.06328125
0 0.703125 0.88671875 0.0765625 0.0875
0 0.79140625 0.93203125 0.0875 0.0765625
0 0.553125 0.98203125 0.103125 0.0359375
0 0.45703125 0.8328125 0.04453125 0.05234375
0 0.5015625 0.87890625 0.06328125 0.07109375
0 0.76171875 0.7625 0.0921875 0.0875
0 0.99140625 0.8796875 0.0171875 0.0765625
0 0.878125 0.94296875 0.06015625 0.0765625
0 0.8359375 0.040625 0.0875 0.08125
0 0.5265625 0.08125 0.05546875 0.06328125
0 0.3875 0.13203125 0.0796875 0.0796875
0 0.67265625 0.046875 0.0953125 0.09375
0 0.34296875 0.340625 0.0953125 0.1
0 0.15 0.31640625 0.115625 0.13203125
0 0.2828125 0.24140625 0.0765625 0.1078125
0 0.2421875 0.15390625 0.06796875 0.0921875
0 0.02578125 0.34921875 0.05078125 0.0796875
0 0.09453125 0.18671875 0.1 0.115625
0 0.0671875 0.08515625 0.05234375 0.05546875
0 0.0234375 0.14921875 0.04453125 0.1234375
0 0.1375 0.95859375 0.0875 0.0828125
0 0.62734375 0.596875 0.0765625 0.0796875
0 0.75078125 0.62265625 0.0765625 0.084375
0 0.790625 0.5515625 0.06015625 0.06796875
0 0.37265625 0.90625 0.1078125 0.0953125
0 0.33359375 0.7375 0.06015625 0.06796875
0 0.428125 0.5296875 0.05234375 0.07109375
0 0.890625 0.7671875 0.0796875 0.0875