0 0.153125 0.04453125 0.11640625 0.08828125
0 0.0953125 0.34921875 0.1 0.1046875
0 0.32578125 0.06328125 0.121875 0.1265625
0 0.5625 0.025 0.08828125 0.05
0 0.2484375 0.2203125 0.13359375 0.16328125
0 0.3953125 0.2390625 0.1 0.10859375
0 0.50703125 0.31328125 0.08359375 0.08359375
0 0.6734375 0.040625 0.06640625 0.071875
0 0.78984375 0.0625 0.06640625 0.071875
0 0.12265625 0.453125 0.1046875 0.096875
0 0.26171875 0.40390625 0.1 0.1046875
0 0.4046875 0.5046875 0.1796875 0.15
0 0.259375 0.85546875 0.071875 0.05859375
0 0.55859375 0.92109375 0.16328125 0.1546875
0 0.48046875 0.12578125 0.121875 0.10859375
0 0.1109375 0.17421875 0.09140625 0.1046875
0 0.1796875 0.55390625 0.103125 0.0984375