0 0.0390625 0.0671875 0.078125 0.125
0 0.13203125 0.2578125 0.1296875 0.109375
0 0.25 0.025 0.09375 0.05
0 0.56171875 0.0390625 0.0671875 0.078125
0 0.18203125 0.1109375 0.0515625 0.059375
0 0.5125 0.1109375 0.0625 0.075
0 0.4140625 0.1640625 0.0625 0.046875
0 0.39921875 0.22734375 0.0546875 0.0546875
0 0.71953125 0.0140625 0.0546875 0.028125
0 0.6921875 0.05859375 0.0625 0.0703125
0 0.765625 0.071875 0.046875 0.059375
0 0.82265625 0.0765625 0.0515625 0.04375
0 0.5609375 0.18359375 0.059375 0.0546875
0 0.6609375 0.13359375 0.0625 0.0703125
0 0.73671875 0.14453125 0.0515625 0.0546875
0 0.8015625 0.15546875 0.0625 0.0671875
0 0.87578125 0.1609375 0.0546875 0.0625
0 0.6375 0.19609375 0.046875 0.0546875
0 0.77421875 0.21484375 0.0546875 0.0546875
0 0.84765625 0.22265625 0.0546875 0.0546875
0 0.75078125 0.2859375 0.0546875 0.0625
0 0.81484375 0.29609375 0.0515625 0.0515625
0 0.9625 0.0234375 0.04375 0.046875
0 0.08671875 0.40859375 0.1171875 0.1140625
0 0.0984375 0.5484375 0.09375 0.121875
0 0.0390625 0.65703125 0.078125 0.1015625
0 0.240625 0.38125 0.10625 0.121875
0 0.3875 0.4390625 0.046875 0.059375
0 0.42109375 0.51015625 0.0515625 0.0515625
0 0.5640625 0.5453125 0.059375 0.075
0 0.23671875 0.546875 0.0671875 0.046875
0 0.5375 0.61015625 0.059375 0.0546875
0 0.3671875 0.64765625 0.046875 0.0515625
0 0.51484375 0.67265625 0.0515625 0.0546875
0 0.34453125 0.71953125 0.0390625 0.0390625
0 0.9125 0.3484375 0.059375 0.0625
0 0.7875 0.3640625 0.059375 0.0625
0 0.62578125 0.396875 0.0546875 0.059375
0 0.69609375 0.4140625 0.0546875 0.046875
0 0.75390625 0.428125 0.0546875 0.059375
0 0.83984375 0.475 0.0546875 0.059375
0 0.9234375 0.509375 0.04375 0.059375
0 0.915625 0.5984375 0.059375 0.0625
0 0.85 0.6421875 0.059375 0.059375
0 0.93125 0.68359375 0.059375 0.0703125
0 0.77578125 0.69453125 0.0515625 0.0671875
0 0.653125 0.6953125 0.046875 0.046875
0 0.9765625 0.38984375 0.046875 0.0671875
0 0.98203125 0.46640625 0.0359375 0.0578125
0 0.9859375 0.55546875 0.028125 0.0703125
0 0.98203125 0.6328125 0.0359375 0.0625
0 0.015625 0.9 0.03125 0.10625
0 0.13515625 0.93203125 0.0828125 0.0984375
0 0.26171875 0.95078125 0.0859375 0.0984375
0 0.42109375 0.96484375 0.1140625 0.0703125
0 0.85546875 0.72734375 0.0546875 0.0546875
0 0.78203125 0.78046875 0.0546875 0.0671875
0 0.9234375 0.775 0.059375 0.059375
0 0.6265625 0.771875 0.04375 0.04375
0 0.85625 0.81484375 0.046875 0.0515625
0 0.565625 0.97421875 0.09375 0.0515625
0 0.9859375 0.72109375 0.028125 0.0515625
0 0.17578125 0.79765625 0.0859375 0.0859375
0 0.29140625 0.63359375 0.0359375 0.0390625
0 0.48046875 0.840625 0.0546875 0.0625
0 0.6171875 0.890625 0.078125 0.078125
0 0.71015625 0.74140625 0.0515625 0.0515625
0 0.6859375 0.6328125 0.04375 0.046875
0 0.703125 0.56171875 0.046875 0.0515625
0 0.73125 0.5 0.046875 0.046875
0 0.79296875 0.5375 0.0546875 0.04375
0 0.8453125 0.55703125 0.04375 0.0515625
0 0.29296875 0.2359375 0.0703125 0.090625
0 0.35 0.50859375 0.04375 0.0390625
0 0.490625 0.17578125 0.059375 0.0546875
0 0.46953125 0.2359375 0.0546875 0.059375
0 0.44609375 0.303125 0.0546875 0.059375
0 0.5078125 0.32421875 0.0625 0.0703125
0 0.41015625 0.365625 0.0546875 0.059375
0 0.38203125 0.28984375 0.0515625 0.0546875
0 0.67421875 0.26953125 0.0671875 0.0703125
0 0.60625 0.26640625 0.046875 0.0546875
0 0.7015625 0.2 0.059375 0.046875
0 0.7125 0.3484375 0.059375 0.0625
0 0.65625 0.3421875 0.046875 0.059375
0 0.54375 0.39921875 0.0625 0.0546875
0 0.4921875 0.52578125 0.0625 0.0671875
0 0.52578125 0.459375 0.0671875 0.059375
0 0.59453125 0.4703125 0.0546875 0.059375
0 0.6609375 0.48359375 0.0625 0.0671875
0 0.53203125 0.25859375 0.0546875 0.0546875
0 0.47734375 0.38671875 0.0546875 0.0546875
0 0.45 0.4453125 0.0625 0.0625
0 0.34765625 0.35625 0.0390625 0.046875
0 0.3359375 0.80390625 0.09375 0.0984375
0 0.2671875 0.71171875 0.028125 0.0390625
0 0.390625 0.58515625 0.046875 0.0671875
0 0.328125 0.57109375 0.0625 0.0546875
0 0.45703125 0.5921875 0.0546875 0.059375
0 0.4375 0.65859375 0.046875 0.0671875
0 0.475 0.740625 0.04375 0.059375
0 0.7203125 0.97265625 0.075 0.0546875
0 0.76015625 0.9125 0.0671875 0.090625
0 0.90390625 0.94296875 0.0984375 0.1140625
0 0.98046875 0.296875 0.0390625 0.046875
0 0.98125 0.2015625 0.03125 0.04375
0 0.90625 0.26015625 0.046875 0.0515625
0 0.984375 0.803125 0.03125 0.059375
0 0.93203125 0.84453125 0.0515625 0.0546875
0 0.97421875 0.92265625 0.0515625 0.1515625
0 0.58671875 0.3328125 0.0546875 0.0625
0 0.57421875 0.6875 0.0390625 0.046875
0 0.61171875 0.625 0.0515625 0.0625
0 0.6375 0.55625 0.046875 0.059375
0 0.85390625 0.40234375 0.0671875 0.0546875
0 0.9140625 0.4359375 0.046875 0.059375
0 0.3265625 0.09296875 0.075 0.0828125
0 0.61796875 0.05078125 0.0546875 0.0546875
0 0.5921875 0.12109375 0.059375 0.0546875
0 0.77109375 0.6 0.0578125 0.053125
0 0.896875 0.090625 0.053125 0.05625
0 0.7953125 0.0171875 0.065625 0.034375
0 0.54921875 0.77265625 0.0671875 0.1078125