0 0.11640625 0.09375 0.0984375 0.109375
0 0.0546875 0.2078125 0.078125 0.046875
0 0.32890625 0.0171875 0.0828125 0.034375
0 0.275 0.1296875 0.075 0.078125
0 0.36328125 0.2703125 0.1015625 0.125
0 0.22109375 0.265625 0.1140625 0.078125
0 0.51484375 0.2875 0.0515625 0.075
0 0.5796875 0.14921875 0.090625 0.0859375
0 0.734375 0.15 0.09375 0.10625
0 0.88515625 0.18203125 0.0828125 0.0984375
0 0.68203125 0.2890625 0.0984375 0.109375
0 0.809375 0.31875 0.109375 0.121875
0 0.984375 0.20234375 0.03125 0.0984375
0 0.94921875 0.34296875 0.1015625 0.1296875
0 0.04296875 0.5328125 0.0859375 0.10625
0 0.03515625 0.6890625 0.0703125 0.10625
0 0.18125 0.6796875 0.075 0.09375
0 0.6078125 0.4296875 0.10625 0.109375
0 0.66015625 0.53984375 0.0703125 0.0859375
0 0.6 0.61640625 0.090625 0.0984375
0 0.59296875 0.75625 0.0828125 0.121875
0 0.040625 0.85234375 0.08125 0.1046875
0 0.0390625 0.9703125 0.078125 0.059375
0 0.309375 0.74375 0.09375 0.090625
0 0.434375 0.7625 0.078125 0.109375
0 0.1890625 0.83671875 0.10625 0.1015625
0 0.325 0.88984375 0.109375 0.0984375
0 0.45546875 0.89765625 0.0828125 0.0984375
0 0.17734375 0.98203125 0.0828125 0.0359375
0 0.603125 0.90078125 0.075 0.0984375
0 0.86015625 0.59765625 0.1171875 0.1171875
0 0.87421875 0.77265625 0.0984375 0.0671875
0 0.728125 0.75390625 0.090625 0.1171875
0 0.7484375 0.5984375 0.075 0.078125
0 0.92109375 0.4703125 0.0984375 0.10625
0 0.9625 0.928125 0.075 0.075
0 0.9765625 0.76171875 0.046875 0.0859375
0 0.73828125 0.8765625 0.0859375 0.075
0 0.884375 0.9390625 0.059375 0.075
0 0.51171875 0.51640625 0.0859375 0.0859375
0 0.45 0.4234375 0.109375 0.10625
0 0.428125 0.146875 0.090625 0.10625
0 0.47421875 0.025 0.0828125 0.05
0 0.63203125 0.0375 0.0828125 0.075
0 0.92578125 0.04765625 0.0859375 0.0859375
0 0.31640625 0.57890625 0.1171875 0.1015625
0 0.403125 0.5359375 0.046875 0.046875
0 0.4453125 0.603125 0.09375 0.10625
0 0.296875 0.4046875 0.125 0.090625
0 0.325 0.478125 0.078125 0.059375
0 0.2421875 0.47578125 0.0625 0.0671875
0 0.19765625 0.5328125 0.0984375 0.121875
0 0.1265625 0.3765625 0.090625 0.075