0 0.340625 0.02421875 0.10859375 0.0484375
0 0.03671875 0.04921875 0.0734375 0.0984375
0 0.08203125 0.10859375 0.06640625 0.06328125
0 0.43203125 0.04140625 0.06640625 0.0796875
0 0.19453125 0.0984375 0.04140625 0.05
0 0.5109375 0.12265625 0.10859375 0.13828125
0 0.35703125 0.18046875 0.1 0.121875
0 0.6390625 0.04765625 0.1046875 0.0953125
0 0.8671875 0.06171875 0.1046875 0.1234375
0 0.76171875 0.11328125 0.1 0.0796875
0 0.853125 0.18984375 0.1 0.1
0 0.6640625 0.2109375 0.08828125 0.09140625
0 0.52265625 0.2671875 0.08828125 0.08828125
0 0.91328125 0.27734375 0.0796875 0.05859375
0 0.990625 0.11640625 0.01796875 0.0296875
0 0.97109375 0.01328125 0.0578125 0.0265625
0 0.6734375 0.3453125 0.15 0.15
0 0.76484375 0.2546875 0.08359375 0.096875
0 0.053125 0.19453125 0.10625 0.1171875