0 0.95859375 0.12578125 0.0828125 0.1171875
0 0.9875 0.290625 0.025 0.11171875
0 0.88046875 0.02578125 0.1046875 0.0515625
0 0.7703125 0.15 0.11640625 0.11328125
0 0.8328125 0.27109375 0.09140625 0.08828125
0 0.67265625 0.33984375 0.121875 0.13359375
0 0.2453125 0.02578125 0.1 0.0515625
0 0.4484375 0.0046875 0.0375 0.009375
0 0.35390625 0.01171875 0.04140625 0.0234375
0 0.4015625 0.06015625 0.046875 0.05
0 0.509375 0.08046875 0.1046875 0.10859375
0 0.1875 0.07109375 0.05859375 0.071875
0 0.34765625 0.14140625 0.1046875 0.11328125
0 0.16484375 0.18984375 0.11015625 0.1265625
0 0.41171875 0.2640625 0.11640625 0.10859375
0 0.303125 0.24609375 0.05 0.071875
0 0.50703125 0.27265625 0.046875 0.05859375
0 0.23984375 0.33515625 0.11328125 0.15
0 0.3390625 0.32109375 0.03828125 0.03828125
0 0.08359375 0.06953125 0.11640625 0.10859375
0 0.07890625 0.23046875 0.04140625 0.04140625
0 0.96171875 0.63359375 0.06640625 0.096875
0 0.96015625 0.76171875 0.0796875 0.096875
0 0.7671875 0.35234375 0.0546875 0.05859375
0 0.91171875 0.4359375 0.1 0.10859375
0 0.82421875 0.43359375 0.04140625 0.046875
0 0.61796875 0.46640625 0.0296875 0.0296875
0 0.8375 0.7265625 0.09140625 0.11640625
0 0.6390625 0.7453125 0.121875 0.11328125
0 0.47109375 0.37890625 0.05859375 0.0546875
0 0.30546875 0.44140625 0.121875 0.1296875
0 0.51640625 0.459375 0.05 0.0546875
0 0.43046875 0.46171875 0.03828125 0.046875
0 0.21484375 0.54765625 0.0796875 0.075
0 0.4140625 0.5734375 0.08828125 0.11640625
0 0.31484375 0.559375 0.046875 0.0546875
0 0.24296875 0.6984375 0.096875 0.13359375
0 0.4625 0.7265625 0.09140625 0.13359375
0 0.0234375 0.69296875 0.046875 0.1
0 0.66015625 0.88359375 0.0796875 0.11328125
0 0.7 0.97578125 0.11640625 0.0484375
0 0.5453125 0.9796875 0.08359375 0.03984375
0 0.50390625 0.8859375 0.09140625 0.125
0 0.0828125 0.3609375 0.075 0.09140625
0 0.0375 0.46015625 0.075 0.10703125
0 0.1515625 0.7390625 0.053125 0.09140625
0 0.16484375 0.459375 0.0796875 0.08828125
0 0.97734375 0.9359375 0.0453125 0.1046875
0 0.9515625 0.98125 0.096875 0.0375
0 0.846875 0.97109375 0.109375 0.0578125
0 0.8953125 0.89453125 0.06640625 0.09140625
0 0.80546875 0.8390625 0.08828125 0.10859375
0 0.03984375 0.78671875 0.0796875 0.096875
0 0.32265625 0.7859375 0.071875 0.10859375
0 0.409375 0.94296875 0.08828125 0.08359375
0 0.3578125 0.98359375 0.075 0.0328125
0 0.79765625 0.56171875 0.1546875 0.1796875
0 0.6140625 0.62265625 0.2046875 0.10859375
0 0.31171875 0.9015625 0.08359375 0.1
0 0.21640625 0.8625 0.08359375 0.121875
0 0.17109375 0.94140625 0.08203125 0.08671875
0 0.05859375 0.90546875 0.1 0.10859375
0 0.25 0.9734375 0.13359375 0.053125
0 0.02109375 0.98828125 0.04140625 0.0234375
0 0.5578125 0.01171875 0.04140625 0.0234375
0 0.61484375 0.09765625 0.0296875 0.04140625
0 0.68125 0.03046875 0.071875 0.0609375
0 0.8484375 0.09609375 0.0296875 0.03828125
0 0.59921875 0.21484375 0.10859375 0.1
0 0.06953125 0.54765625 0.08515625 0.06484375
0 0.115625 0.6421875 0.08515625 0.11328125
0 0.0109375 0.36171875 0.021875 0.096875
0 0.55859375 0.3234375 0.05 0.04296875
0 0.45859375 0.1859375 0.03984375 0.04140625
0 0.56328125 0.54140625 0.046875 0.046875