0 0.07890625 0.0390625 0.1171875 0.078125
0 0.50625 0.0453125 0.090625 0.059375
0 0.1109375 0.12734375 0.028125 0.0359375
0 0.215625 0.153125 0.078125 0.09375
0 0.11015625 0.23828125 0.0859375 0.1015625
0 0.0234375 0.31328125 0.046875 0.0859375
0 0.3109375 0.29140625 0.090625 0.0984375
0 0.1140625 0.3453125 0.078125 0.075
0 0.27265625 0.378125 0.0765625 0.078125
0 0.11328125 0.4359375 0.0703125 0.075
0 0.53671875 0.28203125 0.0796875 0.0875
0 0.65 0.21796875 0.121875 0.1296875
0 0.71171875 0.15 0.0703125 0.090625
0 0.22109375 0.46875 0.0828125 0.140625
0 0.01171875 0.5703125 0.0234375 0.125
0 0.228125 0.6 0.096875 0.090625
0 0.0921875 0.621875 0.075 0.109375
0 0.06640625 0.81328125 0.1015625 0.1328125
0 0.325 0.4625 0.078125 0.121875
0 0.43359375 0.48828125 0.1015625 0.0859375
0 0.5828125 0.6171875 0.078125 0.1140625
0 0.44921875 0.653125 0.1171875 0.21875
0 0.33125 0.74453125 0.1 0.0984375
0 0.5625 0.7875 0.078125 0.121875
0 0.72109375 0.68125 0.0515625 0.153125
0 0.19765625 0.84609375 0.0984375 0.0984375
0 0.11953125 0.94140625 0.1140625 0.1171875
0 0.68359375 0.86171875 0.0859375 0.0984375
0 0.5875 0.9625 0.121875 0.075
0 0.31328125 0.93125 0.2265625 0.1375
0 0.4078125 0.04296875 0.10625 0.0859375
0 0.271875 0.0390625 0.246875 0.078125
0 0.01953125 0.2015625 0.0390625 0.10625
0 0.021875 0.10390625 0.04375 0.0984375
0 0.34453125 0.184375 0.0703125 0.09375
0 0.3046875 0.1078125 0.0625 0.059375
0 0.5671875 0.121875 0.078125 0.09375
0 0.53359375 0.38984375 0.0765625 0.0765625
0 0.5546875 0.48828125 0.078125 0.0859375
0 0.625 0.33828125 0.0625 0.0828125
0 0.6875 0.40625 0.09375 0.109375
0 0.71328125 0.02734375 0.0671875 0.0546875
0 0.62890625 0.03125 0.1015625 0.0625
0 0.4953125 0.1890625 0.075 0.090625
0 0.46015625 0.8625 0.0828125 0.084375
0 0.64140625 0.67109375 0.0640625 0.0765625
0 0.65859375 0.6046875 0.0734375 0.075
0 0.7109375 0.54765625 0.0828125 0.0859375
0 0.31796875 0.59296875 0.0796875 0.0984375
0 0.4578125 0.35703125 0.078125 0.0796875
0 0.21953125 0.3109375 0.0796875 0.08125