0 0.1328125 0.0453125 0.1234375 0.08984375
0 0.26015625 0.1046875 0.09609375 0.14140625
0 0.24921875 0.246875 0.09609375 0.1171875
0 0.55234375 0.0390625 0.1171875 0.078125
0 0.73125 0.07734375 0.1125 0.12578125
0 0.4375 0.14140625 0.09609375 0.109375
0 0.59765625 0.21171875 0.08515625 0.1046875
0 0.775 0.2484375 0.09609375 0.1046875
0 0.50859375 0.25625 0.06875 0.05625
0 0.390625 0.32890625 0.07734375 0.07265625
0 0.8796875 0.0859375 0.12890625 0.1171875
0 0.9328125 0.22265625 0.1125 0.1171875
0 0.03828125 0.41796875 0.0765625 0.1015625
0 0.24453125 0.42421875 0.08046875 0.09609375
0 0.43125 0.49140625 0.09296875 0.1171875
0 0.2625 0.54609375 0.053125 0.05625
0 0.5328125 0.36875 0.1171875 0.13671875
0 0.61015625 0.49140625 0.08828125 0.1015625
0 0.51875 0.5953125 0.08828125 0.1015625
0 0.67421875 0.62578125 0.07265625 0.08046875
0 0.44765625 0.69921875 0.08515625 0.09296875
0 0.578125 0.7625 0.1046875 0.1046875
0 0.9875 0.5265625 0.025 0.125
0 0.91328125 0.56015625 0.07734375 0.06875
0 0.91875 0.68984375 0.1015625 0.12890625
0 0.321875 0.965625 0.09609375 0.06875
0 0.73359375 0.76484375 0.08515625 0.1015625
0 0.965625 0.809375 0.06875 0.1046875
0 0.88828125 0.9515625 0.07265625 0.09609375
0 0.0109375 0.065625 0.021875 0.0875
0 0.9875 0.11484375 0.025 0.0484375
0 0.13359375 0.9546875 0.14140625 0.08984375
0 0.7796875 0.48046875 0.12890625 0.1609375
0 0.9078125 0.4421875 0.08828125 0.109375
0 0.69140625 0.37265625 0.08046875 0.09609375
0 0.79296875 0.64375 0.09296875 0.1015625
0 0.81484375 0.34375 0.08046875 0.1125
0 0.64296875 0.9140625 0.1125 0.14921875
0 0.39140625 0.90546875 0.1015625 0.12578125
0 0.48671875 0.9609375 0.0765625 0.078125
0 0.51484375 0.84609375 0.09609375 0.08828125
0 0.77578125 0.8953125 0.1046875 0.09609375
0 0.365625 0.2234375 0.02421875 0.03203125
0 0.30546875 0.3328125 0.03203125 0.03203125
0 0.1 0.30234375 0.09609375 0.09296875
0 0.09296875 0.17734375 0.109375 0.13359375
0 0.91953125 0.31328125 0.0484375 0.0609375
0 0.734375 0.97109375 0.09609375 0.0578125
0 0.31328125 0.73203125 0.09609375 0.08515625
0 0.334375 0.61484375 0.08359375 0.09140625
0 0.15546875 0.48125 0.0625 0.065625
0 0.20390625 0.60546875 0.07421875 0.07890625
0 0.26953125 0.6421875 0.08203125 0.0984375