0 0.8765625 0.14921875 0.090625 0.1234375
0 0.759375 0.05546875 0.11796875 0.1109375
0 0.6921875 0.18828125 0.11484375 0.11796875
0 0.51875 0.1875 0.06015625 0.090625
0 0.34765625 0.3015625 0.0984375 0.090625
0 0.159375 0.2671875 0.1 0.10546875
0 0.02265625 0.26796875 0.0453125 0.0890625
0 0.9609375 0.38125 0.078125 0.11484375
0 0.959375 0.7234375 0.08125 0.171875
0 0.82734375 0.3203125 0.12734375 0.109375
0 0.4015625 0.4171875 0.10546875 0.12578125
0 0.84609375 0.49921875 0.078125 0.11484375
0 0.69296875 0.63984375 0.06875 0.0875
0 0.0546875 0.35625 0.090625 0.109375
0 0.215625 0.37734375 0.11484375 0.09609375
0 0.1015625 0.45234375 0.1234375 0.1234375
0 0.29453125 0.59609375 0.1015625 0.109375
0 0.8734375 0.9453125 0.09609375 0.090625
0 0.83984375 0.8625 0.07265625 0.09609375
0 0.6875 0.96171875 0.0984375 0.0765625
0 0.2734375 0.84609375 0.11484375 0.13671875
0 0.04140625 0.9453125 0.0828125 0.10625
0 0.29296875 0.95703125 0.10546875 0.08515625
0 0.41796875 0.034375 0.090625 0.06875
0 0.5546875 0.05390625 0.090625 0.09609375
0 0.07265625 0.09921875 0.090625 0.09609375
0 0.11796875 0.171875 0.0546875 0.06015625
0 0.03203125 0.01640625 0.06328125 0.0328125
0 0.98671875 0.16171875 0.0265625 0.1234375
0 0.92890625 0.01484375 0.06875 0.02890625
0 0.18671875 0.02578125 0.08203125 0.05078125
0 0.29921875 0.19609375 0.08203125 0.090625
0 0.0453125 0.5609375 0.090625 0.13671875
0 0.15234375 0.5625 0.0875 0.078125
0 0.059375 0.73125 0.11796875 0.178125
0 0.18359375 0.69609375 0.06875 0.109375
0 0.1203125 0.8515625 0.10546875 0.11796875
0 0.15546875 0.95859375 0.1640625 0.0828125
0 0.55234375 0.94609375 0.10546875 0.10703125
0 0.40703125 0.97734375 0.1234375 0.0453125
0 0.4265625 0.77421875 0.09296875 0.12734375
0 0.43359375 0.8984375 0.1328125 0.1234375
0 0.965625 0.55390625 0.06875 0.11484375
0 0.57421875 0.559375 0.1125 0.11484375
0 0.42734375 0.52578125 0.07265625 0.0875
0 0.65390625 0.3515625 0.1 0.11796875
0 0.009375 0.1515625 0.01796875 0.11796875
0 0.428125 0.6421875 0.10546875 0.109375
0 0.57265625 0.68203125 0.0984375 0.11640625
0 0.5578125 0.82734375 0.1203125 0.1234375
0 0.68203125 0.7625 0.109375 0.09609375
0 0.78125 0.7546875 0.1 0.09609375
0 0.82578125 0.6484375 0.1125 0.1109375
0 0.70234375 0.87109375 0.1109375 0.10546875
0 0.42421875 0.23984375 0.078125 0.09453125
0 0.38359375 0.15 0.09453125 0.078125
0 0.32890625 0.05078125 0.0875 0.09609375
0 0.2390625 0.10390625 0.08515625 0.0875
0 0.5546875 0.44921875 0.090625 0.0875
0 0.50703125 0.334375 0.1 0.1015625
0 0.68359375 0.50078125 0.13125 0.12578125
0 0.28203125 0.69765625 0.08359375 0.09296875
0 0.2921875 0.47734375 0.11484375 0.10703125
0 0.9578125 0.90703125 0.08359375 0.1125