0 0.10390625 0.0234375 0.1078125 0.046875
0 0.0109375 0.06171875 0.021875 0.1015625
0 0.02734375 0.23203125 0.0546875 0.1203125
0 0.16875 0.26953125 0.109375 0.1046875
0 0.0859375 0.31328125 0.1015625 0.1125
0 0.02734375 0.421875 0.0546875 0.16875
0 0.228125 0.09375 0.0640625 0.08515625
0 0.72890625 0.0796875 0.1015625 0.1203125
0 0.9453125 0.16875 0.09296875 0.09609375
0 0.71171875 0.28359375 0.09140625 0.0625
0 0.7609375 0.35390625 0.1015625 0.09609375
0 0.96796875 0.365625 0.0640625 0.08828125
0 0.1609375 0.5328125 0.09296875 0.08515625
0 0.03125 0.69609375 0.0625 0.07734375
0 0.58203125 0.671875 0.0640625 0.09296875
0 0.7765625 0.4375 0.02890625 0.03203125
0 0.73125 0.4921875 0.07734375 0.109375
0 0.77890625 0.6671875 0.08828125 0.08046875
0 0.89921875 0.71796875 0.07265625 0.08515625
0 0.9734375 0.79296875 0.053125 0.109375
0 0.6890625 0.7765625 0.06875 0.07734375
0 0.38828125 0.80390625 0.08828125 0.1125
0 0.5125 0.85703125 0.09609375 0.09296875
0 0.6 0.89609375 0.09296875 0.1046875
0 0.43203125 0.959375 0.1015625 0.08125
0 0.54921875 0.99140625 0.0796875 0.0171875
0 0.81640625 0.840625 0.07734375 0.109375
0 0.93125 0.91875 0.0640625 0.08515625
0 0.69765625 0.95390625 0.1125 0.09140625
0 0.80234375 0.9890625 0.0734375 0.021875
0 0.990625 0.97890625 0.01875 0.0390625
0 0.9328125 0.028125 0.134375 0.05625
0 0.86484375 0.084375 0.09296875 0.1046875
0 0.8609375 0.28828125 0.08515625 0.1203125
0 0.9296875 0.4546875 0.053125 0.0609375
0 0.83671875 0.45703125 0.053125 0.07265625
0 0.86328125 0.40390625 0.0484375 0.0609375
0 0.95546875 0.6296875 0.08828125 0.08515625
0 0.95859375 0.53203125 0.0828125 0.1171875
0 0.8578125 0.55625 0.1171875 0.12578125
0 0.61640625 0.34765625 0.053125 0.0609375
0 0.5859375 0.50546875 0.0984375 0.1140625
0 0.49296875 0.5859375 0.08828125 0.1046875
0 0.2765625 0.59453125 0.08046875 0.09609375
0 0.175 0.640625 0.0640625 0.06875
0 0.0453125 0.5640625 0.0609375 0.09296875
0 0.12734375 0.42109375 0.1125 0.09609375
0 0.09765625 0.9609375 0.1765625 0.078125
0 0.0359375 0.8 0.071875 0.09375
0 0.1125 0.73359375 0.09296875 0.1015625
0 0.4765625 0.05859375 0.07890625 0.1171875
0 0.48828125 0.453125 0.09453125 0.09609375
0 0.6109375 0.24140625 0.109375 0.12890625
0 0.5890625 0.0359375 0.096875 0.071875
0 0.5875 0.12578125 0.1171875 0.109375
0 0.3546875 0.9046875 0.08515625 0.08828125
0 0.38828125 0.68671875 0.07265625 0.08046875
0 0.4875 0.70078125 0.07734375 0.09296875
0 0.34375 0.1046875 0.08671875 0.08046875
0 0.3609375 0.18359375 0.08828125 0.07734375
0 0.37421875 0.2859375 0.07734375 0.10625
0 0.33671875 0.37109375 0.08828125 0.09296875
0 0.365625 0.45234375 0.09140625 0.06875
0 0.2671875 0.5015625 0.07109375 0.0640625
0 0.2578125 0.3515625 0.08515625 0.1078125
0 0.11953125 0.13671875 0.09140625 0.09609375
0 0.1921875 0.17265625 0.08828125 0.08203125
0 0.48125 0.1703125 0.08828125 0.1
0 0.27734375 0.02265625 0.07578125 0.0453125
0 0.36640625 0.02265625 0.1125 0.0453125
0 0.4734375 0.27265625 0.1140625 0.1140625
0 0.49765625 0.36015625 0.09140625 0.07734375
0 0.6609375 0.57421875 0.11875 0.06875
0 0.8015625 0.18359375 0.09453125 0.103125
0 0.7140625 0.19765625 0.08515625 0.10625
0 0.265625 0.865625 0.0671875 0.07578125
0 0.27734375 0.7328125 0.059375 0.0671875
0 0.28984375 0.9796875 0.08515625 0.03984375