0 0.01015625 0.08359375 0.0203125 0.08828125
0 0.00390625 0.23984375 0.0078125 0.05234375
0 0.15 0.0296875 0.08125 0.059375
0 0.46640625 0.075 0.05625 0.08984375
0 0.209375 0.11328125 0.1125 0.09921875
0 0.6234375 0.11875 0.08984375 0.11796875
0 0.04609375 0.3625 0.09140625 0.13671875
0 0.04375 0.50625 0.04296875 0.04296875
0 0.08671875 0.6421875 0.046875 0.05234375
0 0.04140625 0.715625 0.08203125 0.13125
0 0.478125 0.31796875 0.11796875 0.10859375
0 0.11484375 0.4 0.028125 0.04296875
0 0.45 0.4671875 0.09921875 0.103125
0 0.12421875 0.565625 0.103125 0.1125
0 0.34375 0.5890625 0.13671875 0.140625
0 0.21875 0.62734375 0.0375 0.05234375
0 0.234375 0.7453125 0.10859375 0.10859375
0 0.96015625 0.43984375 0.0796875 0.1171875
0 0.90625 0.7234375 0.1125 0.140625
0 0.68984375 0.7015625 0.09921875 0.121875
0 0.771875 0.68984375 0.0375 0.04296875
0 0.00625 0.8453125 0.0125 0.140625
0 0.07890625 0.82734375 0.05625 0.05625
0 0.02734375 0.9375 0.0546875 0.08046875
0 0.13828125 0.93515625 0.13125 0.121875
0 0.8109375 0.78125 0.03359375 0.0375
0 0.771875 0.8859375 0.13125 0.16484375
0 0.87734375 0.9765625 0.11796875 0.046875
0 0.66875 0.971875 0.13125 0.05625
0 0.915625 0.165625 0.075 0.09921875
0 0.825 0.2875 0.08046875 0.08046875
0 0.36484375 0.165625 0.14609375 0.19296875
0 0.6375 0.396875 0.08046875 0.09375
0 0.715625 0.20859375 0.075 0.103125
0 0.6609375 0.2890625 0.07109375 0.103125
0 0.96015625 0.8671875 0.0796875 0.11875
0 0.3359375 0.9875 0.12578125 0.02421875
0 0.515625 0.17890625 0.09921875 0.09921875
0 0.2046875 0.29140625 0.103125 0.13671875
0 0.21171875 0.43046875 0.08984375 0.10859375
0 0.3265625 0.31171875 0.084375 0.084375
0 0.34765625 0.39296875 0.06171875 0.07109375
0 0.58359375 0.86171875 0.121875 0.14609375
0 0.44765625 0.8921875 0.1125 0.121875
0 0.41484375 0.75 0.121875 0.11796875
0 0.5671875 0.7359375 0.10859375 0.08984375
0 0.503125 0.96953125 0.09375 0.0609375
0 0.8015625 0.05703125 0.08984375 0.08046875
0 0.76484375 0.409375 0.08046875 0.09921875
0 0.81171875 0.5140625 0.17421875 0.140625
0 0.528125 0.55234375 0.09375 0.08984375
0 0.52421875 0.64296875 0.08984375 0.08046875
0 0.8875 0.58828125 0.1125 0.1125
0 0.5421875 0.03203125 0.065625 0.06328125