0 0.9625 0.296875 0.075 0.096875
0 0.57109375 0.16640625 0.075 0.096875
0 0.7875 0.23671875 0.15859375 0.2
0 0.640625 0.24921875 0.09140625 0.09140625
0 0.134375 0.0390625 0.08828125 0.078125
0 0.875 0.378125 0.08359375 0.1
0 0.98515625 0.39765625 0.0296875 0.08828125
0 0.91796875 0.46640625 0.11328125 0.11328125
0 0.51796875 0.3390625 0.0796875 0.08828125
0 0.625 0.4234375 0.11640625 0.11640625
0 0.41796875 0.434375 0.0796875 0.071875
0 0.4703125 0.53828125 0.1 0.096875
0 0.7453125 0.65234375 0.11640625 0.10859375
0 0.62890625 0.734375 0.10859375 0.121875
0 0.24296875 0.390625 0.0796875 0.10859375
0 0.31796875 0.5328125 0.0796875 0.075
0 0.03359375 0.55546875 0.06640625 0.071875
0 0.23046875 0.63359375 0.1046875 0.096875
0 0.11171875 0.7046875 0.1 0.11328125
0 0.8515625 0.9203125 0.096875 0.1
0 0.7484375 0.809375 0.11328125 0.1046875
0 0.5234375 0.8296875 0.11328125 0.1296875
0 0.71640625 0.92734375 0.03359375 0.04140625
0 0.6203125 0.92421875 0.05 0.05859375
0 0.540625 0.9671875 0.05859375 0.0546875
0 0.7390625 0.9796875 0.08828125 0.03984375
0 0.4265625 0.98359375 0.075 0.0328125
0 0.2453125 0.72734375 0.11640625 0.10859375
0 0.0171875 0.78046875 0.034375 0.1046875
0 0.27890625 0.85078125 0.09140625 0.121875
0 0.32578125 0.97421875 0.1046875 0.0515625
0 0.475 0.028125 0.075 0.05625
0 0.37890625 0.11640625 0.10859375 0.11328125
0 0.47890625 0.23046875 0.075 0.08828125
0 0.375 0.31640625 0.11640625 0.11328125
0 0.89140625 0.1421875 0.08359375 0.08828125
0 0.93359375 0.209375 0.05 0.0546875
0 0.84609375 0.04453125 0.075 0.075
0 0.709375 0.10546875 0.08828125 0.071875
0 0.97890625 0.06640625 0.04140625 0.06328125
0 0.03203125 0.1640625 0.06328125 0.1046875
0 0.278125 0.2171875 0.1 0.08828125
0 0.18515625 0.96328125 0.0796875 0.0734375
0 0.14296875 0.8203125 0.096875 0.08359375
0 0.1125 0.9046875 0.075 0.06328125
0 0.63203125 0.57734375 0.096875 0.125
0 0.75546875 0.47265625 0.1046875 0.13828125
0 0.7171875 0.37421875 0.121875 0.125
0 0.85859375 0.565625 0.1 0.125
0 0.9625 0.5671875 0.075 0.071875
0 0.8640625 0.721875 0.13828125 0.16328125
0 0.98046875 0.68984375 0.03828125 0.1
0 0.93515625 0.8328125 0.096875 0.10859375
0 0.94609375 0.94609375 0.1078125 0.1078125
0 0.3984375 0.765625 0.096875 0.10859375
0 0.3734375 0.64140625 0.0796875 0.0796875
0 0.49921875 0.68046875 0.09140625 0.1046875
0 0.4140625 0.91171875 0.08828125 0.1
0 0.17109375 0.2984375 0.075 0.06640625
0 0.06796875 0.4140625 0.096875 0.1046875
0 0.0234375 0.47578125 0.046875 0.08828125