0 0.03125 0.07421875 0.0625 0.1046875
0 0.55859375 0.0640625 0.09296875 0.09296875
0 0.340625 0.1734375 0.1046875 0.1015625
0 0.46796875 0.20546875 0.09609375 0.11328125
0 0.9171875 0.021875 0.0578125 0.04375
0 0.77421875 0.1015625 0.03515625 0.03515625
0 0.971875 0.1828125 0.05625 0.12734375
0 0.65234375 0.21953125 0.0875 0.11328125
0 0.1265625 0.628125 0.07890625 0.075
0 0.04609375 0.784375 0.0921875 0.11875
0 0.98046875 0.48984375 0.03828125 0.0703125
0 0.7328125 0.50625 0.1015625 0.12734375
0 0.85703125 0.59296875 0.1046875 0.1015625
0 0.678125 0.66640625 0.0875 0.1015625
0 0.79140625 0.7859375 0.09609375 0.11015625
0 0.16875 0.86484375 0.09296875 0.11015625
0 0.359375 0.8484375 0.16640625 0.11328125
0 0.28515625 0.95234375 0.1046875 0.0953125
0 0.6953125 0.971875 0.11328125 0.05625
0 0.26484375 0.0171875 0.0578125 0.034375
0 0.15 0.21796875 0.11875 0.11015625
0 0.22109375 0.3078125 0.09296875 0.08359375
0 0.4828125 0.41328125 0.08359375 0.09296875
0 0.9265625 0.29609375 0.1046875 0.11015625
0 0.84765625 0.11796875 0.0875 0.09609375
0 0.934375 0.76171875 0.09296875 0.09609375
0 0.02890625 0.90546875 0.0578125 0.0875
0 0.0390625 0.9796875 0.078125 0.0375
0 0.5859375 0.9875 0.0875 0.02421875
0 0.57890625 0.91328125 0.11875 0.09609375
0 0.39609375 0.7421875 0.09296875 0.09296875
0 0.23671875 0.74140625 0.09609375 0.1015625
0 0.3171875 0.6625 0.11015625 0.1015625
0 0.4734375 0.928125 0.08359375 0.1015625
0 0.00859375 0.35859375 0.0171875 0.0703125
0 0.0859375 0.4796875 0.1015625 0.11015625
0 0.16796875 0.54453125 0.11875 0.09296875
0 0.55234375 0.553125 0.09609375 0.134375