0 0.90234375 0.0328125 0.10078125 0.065625
0 0.81015625 0.09375 0.10078125 0.11015625
0 0.98828125 0.09140625 0.0234375 0.10625
0 0.91640625 0.21171875 0.10078125 0.096875
0 0.70625 0.2328125 0.10078125 0.08828125
0 0.3921875 0.040625 0.14296875 0.08046875
0 0.240625 0.07109375 0.13359375 0.128125
0 0.5109375 0.10703125 0.10625 0.11875
0 0.1078125 0.17578125 0.12421875 0.128125
0 0.34765625 0.153125 0.11015625 0.1375
0 0.59375 0.19609375 0.12421875 0.12421875
0 0.2171875 0.2453125 0.096875 0.11015625
0 0.103125 0.021875 0.115625 0.04375
0 0.02578125 0.09375 0.0515625 0.128125
0 0.59609375 0.3421875 0.10078125 0.12421875
0 0.82265625 0.37734375 0.10625 0.11015625
0 0.94609375 0.42109375 0.096875 0.12421875
0 0.81171875 0.521875 0.09140625 0.12421875
0 0.60078125 0.546875 0.11015625 0.1375
0 0.93203125 0.61640625 0.12421875 0.1375
0 0.61640625 0.7203125 0.115625 0.1375
0 0.4734375 0.265625 0.115625 0.10625
0 0.240625 0.3921875 0.13359375 0.128125
0 0.48515625 0.44609375 0.11015625 0.11875
0 0.309375 0.5515625 0.10625 0.11015625
0 0.103125 0.5046875 0.115625 0.096875
0 0.49921875 0.65234375 0.08203125 0.09140625
0 0.02578125 0.675 0.0515625 0.1375
0 0.7484375 0.7546875 0.115625 0.1609375
0 0.9375 0.84375 0.12421875 0.13359375
0 0.61015625 0.87734375 0.0734375 0.0734375
0 0.73046875 0.940625 0.12421875 0.11875
0 0.88984375 0.96484375 0.128125 0.06953125
0 0.5171875 0.81875 0.02734375 0.0328125
0 0.1125 0.83046875 0.096875 0.10078125
0 0.190625 0.9203125 0.10625 0.115625
0 0.46953125 0.95390625 0.15234375 0.09140625
0 0.29765625 0.940625 0.10078125 0.11875
0 0.009375 0.90625 0.01796875 0.08828125
0 0.81796875 0.87734375 0.0421875 0.0546875
0 0.6828125 0.0328125 0.09140625 0.065625
0 0.3734375 0.3703125 0.12421875 0.14296875
0 0.14375 0.70625 0.115625 0.13359375
0 0.39453125 0.82578125 0.11875 0.128125
0 0.721875 0.56171875 0.08828125 0.11875
0 0.71953125 0.440625 0.09140625 0.115625
0 0.246875 0.69140625 0.09140625 0.115625