0 0.415625 0.0234375 0.2171875 0.04609375
0 0.27421875 0.05234375 0.06171875 0.05546875
0 0.4546875 0.096875 0.06171875 0.0703125
0 0.225 0.11328125 0.05546875 0.05546875
0 0.1734375 0.18125 0.06484375 0.06171875
0 0.23046875 0.23046875 0.0703125 0.0703125
0 0.1875 0.2953125 0.07421875 0.0890625
0 0.77890625 0.0875 0.1453125 0.175
0 0.9828125 0.08203125 0.034375 0.1265625
0 0.90703125 0.175 0.13046875 0.1453125
0 0.059375 0.3234375 0.0703125 0.0890625
0 0.11640625 0.66171875 0.06171875 0.07421875
0 0.0640625 0.7453125 0.06171875 0.07421875
0 0.509375 0.31328125 0.05234375 0.06484375
0 0.5828125 0.3640625 0.06484375 0.07421875
0 0.46171875 0.3828125 0.06484375 0.07421875
0 0.53046875 0.428125 0.06484375 0.06484375
0 0.27578125 0.4640625 0.06484375 0.0796875
0 0.5453125 0.54609375 0.06484375 0.0703125
0 0.23671875 0.65546875 0.06171875 0.0796875
0 0.56328125 0.66328125 0.05546875 0.0703125
0 0.18671875 0.7203125 0.06484375 0.06171875
0 0.3765625 0.746875 0.04296875 0.05234375
0 0.59375 0.48046875 0.06171875 0.06484375
0 0.6671875 0.534375 0.0703125 0.0796875
0 0.6109375 0.59609375 0.06484375 0.06484375
0 0.6765625 0.6421875 0.05234375 0.06484375
0 0.9609375 0.65859375 0.078125 0.0984375
0 0.62890625 0.7125 0.04609375 0.06484375
0 0.98828125 0.753125 0.0234375 0.103125
0 0.13203125 0.7890625 0.07421875 0.0796875
0 0.57421875 0.78125 0.05234375 0.06484375
0 0.33671875 0.821875 0.0375 0.05234375
0 0.2609375 0.89140625 0.08359375 0.0796875
0 0.40546875 0.87421875 0.05546875 0.08359375
0 0.465625 0.91640625 0.06484375 0.07421875
0 0.34140625 0.9421875 0.06484375 0.0703125
0 0.225 0.95234375 0.05546875 0.06171875
0 0.41640625 0.975 0.05234375 0.05
0 0.8171875 0.859375 0.0796875 0.0984375
0 0.90625 0.915625 0.0984375 0.0796875
0 0.809375 0.9671875 0.06484375 0.06484375
0 0.6859375 0.9796875 0.0890625 0.040625
0 0.0484375 0.0875 0.09296875 0.1078125
0 0.00859375 0.68828125 0.01640625 0.06484375
0 0.525 0.84453125 0.06171875 0.06171875
0 0.50625 0.7359375 0.06171875 0.05546875
0 0.4359375 0.68046875 0.06171875 0.07421875
0 0.36875 0.6359375 0.06484375 0.0703125
0 0.22734375 0.53125 0.06171875 0.07421875
0 0.34921875 0.52265625 0.07421875 0.07421875
0 0.471875 0.49140625 0.0703125 0.0796875
0 0.4203125 0.565625 0.05546875 0.06171875
0 0.31328125 0.69921875 0.06484375 0.07421875
0 0.17265625 0.5984375 0.05546875 0.0703125
0 0.48984375 0.609375 0.04609375 0.05546875
0 0.29375 0.9859375 0.05546875 0.028125
0 0.13125 0.3640625 0.06484375 0.07421875
0 0.084375 0.43828125 0.06484375 0.07421875
0 0.0328125 0.49921875 0.06171875 0.06484375
0 0.14765625 0.48515625 0.0796875 0.07421875
0 0.1 0.54765625 0.0703125 0.0796875
0 0.38203125 0.33046875 0.06484375 0.07421875
0 0.2546875 0.34296875 0.0703125 0.06171875
0 0.3265625 0.40390625 0.06484375 0.06171875
0 0.20234375 0.41953125 0.0703125 0.08359375
0 0.11875 0.2421875 0.0703125 0.06484375
0 0.434375 0.259375 0.06484375 0.0796875
0 0.29609375 0.15625 0.06171875 0.05234375
0 0.01640625 0.38359375 0.0328125 0.0515625
0 0.04375 0.61796875 0.08359375 0.0984375
0 0.29453125 0.58671875 0.06484375 0.06484375
0 0.40390625 0.45078125 0.06171875 0.0796875
0 0.7078125 0.3484375 0.05546875 0.06171875
0 0.65 0.41015625 0.06171875 0.06484375
0 0.62890625 0.2984375 0.06484375 0.06484375
0 0.56171875 0.24375 0.0703125 0.07421875
0 0.72890625 0.4640625 0.05234375 0.06171875
0 0.7703125 0.39375 0.06171875 0.0703125
0 0.8421875 0.440625 0.05546875 0.0703125
0 0.79375 0.51328125 0.0703125 0.05546875
0 0.15390625 0.01328125 0.09296875 0.02578125
0 0.34453125 0.0984375 0.06484375 0.05546875
0 0.3890625 0.0359375 0.04296875 0.04296875
0 0.91484375 0.01015625 0.0890625 0.0203125
0 0.4890625 0.19296875 0.05546875 0.05234375
0 0.52890625 0.15 0.04296875 0.04609375
0 0.68828125 0.16796875 0.1390625 0.1390625
0 0.79609375 0.259375 0.1390625 0.1359375
0 0.90703125 0.3765625 0.09296875 0.1171875
0 0.98125 0.265625 0.0375 0.13046875
0 0.565625 0.08046875 0.0984375 0.10234375
0 0.9859375 0.9078125 0.028125 0.10234375
0 0.74375 0.578125 0.0703125 0.0671875
0 0.6015625 0.91953125 0.0765625 0.0875
0 0.8484375 0.5734375 0.0875 0.0765625
0 0.0203125 0.9625 0.040625 0.07421875
0 0.1078125 0.9703125 0.178125 0.059375