0 0.0375 0.0453125 0.03125 0.03984375
0 0.153125 0.07421875 0.0859375 0.103125
0 0.0421875 0.1671875 0.084375 0.11171875
0 0.2578125 0.22578125 0.1 0.10859375
0 0.0421875 0.28515625 0.084375 0.0828125
0 0.215625 0.32109375 0.084375 0.0859375
0 0.040625 0.38515625 0.07734375 0.0828125
0 0.50625 0.215625 0.0875 0.09609375
0 0.63046875 0.1453125 0.134375 0.14296875
0 0.6984375 0.0703125 0.07734375 0.1
0 0.15859375 0.42109375 0.09140625 0.1546875
0 0.16640625 0.565625 0.10625 0.1
0 0.02890625 0.58828125 0.0578125 0.1203125
0 0.02265625 0.8 0.04453125 0.14609375
0 0.2734375 0.4140625 0.0859375 0.134375
0 0.39296875 0.4421875 0.11171875 0.09453125
0 0.55703125 0.584375 0.0859375 0.12578125
0 0.41015625 0.6234375 0.12890625 0.240625
0 0.2796875 0.72421875 0.11015625 0.10859375
0 0.534375 0.77109375 0.0859375 0.134375
0 0.70859375 0.6546875 0.05703125 0.16875
0 0.1328125 0.8359375 0.10859375 0.10859375
0 0.0546875 0.93828125 0.109375 0.1234375
0 0.6671875 0.853125 0.09453125 0.10859375
0 0.5609375 0.9609375 0.134375 0.078125
0 0.259375 0.9265625 0.25 0.146875
0 0.29453125 0.10859375 0.07734375 0.103125
0 0.25 0.028125 0.06875 0.05625
0 0.53984375 0.0453125 0.0859375 0.090625
0 0.50234375 0.334375 0.084375 0.084375
0 0.52578125 0.4421875 0.0859375 0.09453125
0 0.603125 0.27734375 0.06875 0.09140625
0 0.671875 0.35234375 0.103125 0.1203125
0 0.46015625 0.11328125 0.0828125 0.1
0 0.421875 0.85390625 0.09140625 0.09296875
0 0.62109375 0.64375 0.0703125 0.084375
0 0.63984375 0.5703125 0.08046875 0.0828125
0 0.69765625 0.5078125 0.09140625 0.09453125
0 0.265625 0.5578125 0.0875 0.10859375
0 0.41953125 0.2984375 0.0859375 0.0875
0 0.15703125 0.24765625 0.0875 0.0890625