0 0.021875 0.0453125 0.04375 0.090625
0 0.41484375 0.05625 0.1828125 0.1125
0 0.29609375 0.1171875 0.0515625 0.046875
0 0.44765625 0.1546875 0.0515625 0.059375
0 0.2546875 0.16875 0.046875 0.046875
0 0.21171875 0.22578125 0.0546875 0.0515625
0 0.259375 0.2671875 0.059375 0.059375
0 0.2234375 0.321875 0.0625 0.075
0 0.646875 0.0453125 0.075 0.090625
0 0.7203125 0.13984375 0.121875 0.1609375
0 0.93125 0.1421875 0.10625 0.10625
0 0.828125 0.2203125 0.109375 0.121875
0 0.115625 0.3453125 0.059375 0.075
0 0.015625 0.60625 0.03125 0.078125
0 0.16328125 0.6296875 0.0515625 0.0625
0 0.11953125 0.7 0.0515625 0.0625
0 0.01953125 0.70546875 0.0390625 0.0671875
0 0.49375 0.33671875 0.04375 0.0546875
0 0.55546875 0.3796875 0.0546875 0.0625
0 0.45390625 0.3953125 0.0546875 0.0625
0 0.51171875 0.43359375 0.0546875 0.0546875
0 0.29765625 0.46328125 0.0546875 0.0671875
0 0.52421875 0.5328125 0.0546875 0.059375
0 0.26484375 0.62421875 0.0515625 0.0671875
0 0.5390625 0.63125 0.046875 0.059375
0 0.22265625 0.67890625 0.0546875 0.0515625
0 0.38203125 0.7015625 0.0359375 0.04375
0 0.56484375 0.47734375 0.0515625 0.0546875
0 0.6265625 0.52265625 0.059375 0.0671875
0 0.57890625 0.57421875 0.0546875 0.0546875
0 0.634375 0.61328125 0.04375 0.0546875
0 0.87578125 0.62734375 0.0703125 0.0828125
0 0.59453125 0.67265625 0.0390625 0.0546875
0 0.9265625 0.70703125 0.078125 0.0859375
0 0.9859375 0.371875 0.028125 0.046875
0 0.96875 0.465625 0.0625 0.09375
0 0.1765625 0.73671875 0.0625 0.0671875
0 0.0296875 0.80625 0.04375 0.059375
0 0.5484375 0.73046875 0.04375 0.0546875
0 0.3484375 0.7640625 0.03125 0.04375
0 0.28515625 0.82265625 0.0703125 0.0671875
0 0.40625 0.80859375 0.046875 0.0703125
0 0.45703125 0.84375 0.0546875 0.0625
0 0.35234375 0.865625 0.0546875 0.059375
0 0.2546875 0.87421875 0.046875 0.0515625
0 0.415625 0.89921875 0.04375 0.0546875
0 0.51171875 0.94140625 0.0234375 0.0234375
0 0.75234375 0.79609375 0.0671875 0.0828125
0 0.82734375 0.84296875 0.0828125 0.0671875
0 0.74609375 0.89296875 0.0546875 0.0671875
0 0.6421875 0.91875 0.075 0.078125
0 0.9578125 0.96484375 0.078125 0.0703125
0 0.10625 0.146875 0.078125 0.090625
0 0.04296875 0.55078125 0.0546875 0.0546875
0 0.05390625 0.65234375 0.0515625 0.0546875
0 0.50703125 0.78359375 0.0515625 0.0515625
0 0.49140625 0.6921875 0.0515625 0.046875
0 0.43203125 0.6453125 0.0515625 0.0625
0 0.37578125 0.6078125 0.0546875 0.059375
0 0.25703125 0.5203125 0.0515625 0.0625
0 0.359375 0.5125 0.0625 0.0625
0 0.4625 0.48671875 0.059375 0.0671875
0 0.41875 0.54921875 0.046875 0.0515625
0 0.32890625 0.6609375 0.0546875 0.0625
0 0.2109375 0.5765625 0.046875 0.059375
0 0.47734375 0.5859375 0.0390625 0.046875
0 0.3125 0.9125 0.046875 0.04375
0 0.36796875 0.95703125 0.0546875 0.0546875
0 0.26953125 0.96796875 0.0546875 0.0515625
0 0.17578125 0.3796875 0.0546875 0.0625
0 0.13671875 0.4421875 0.0546875 0.0625
0 0.09296875 0.49296875 0.0515625 0.0546875
0 0.18984375 0.48125 0.0671875 0.0625
0 0.15 0.53359375 0.059375 0.0671875
0 0.38671875 0.3515625 0.0546875 0.0625
0 0.2796875 0.36171875 0.059375 0.0515625
0 0.33984375 0.41328125 0.0546875 0.0515625
0 0.2359375 0.42578125 0.059375 0.0703125
0 0.165625 0.27734375 0.059375 0.0546875
0 0.43046875 0.29140625 0.0546875 0.0671875
0 0.31484375 0.2046875 0.0515625 0.04375
0 0.03515625 0.446875 0.0546875 0.059375
0 0.071875 0.396875 0.04375 0.04375
0 0.10234375 0.59296875 0.0703125 0.0828125
0 0.31328125 0.56640625 0.0546875 0.0546875
0 0.40546875 0.45234375 0.0515625 0.0671875
0 0.6609375 0.36640625 0.046875 0.0515625
0 0.61171875 0.41796875 0.0515625 0.0546875
0 0.59453125 0.32421875 0.0546875 0.0546875
0 0.5375 0.278125 0.059375 0.0625
0 0.678125 0.46328125 0.04375 0.0515625
0 0.71328125 0.4046875 0.0515625 0.059375
0 0.7734375 0.44375 0.046875 0.059375
0 0.7328125 0.5046875 0.059375 0.046875
0 0.1953125 0.05390625 0.078125 0.0828125
0 0.35546875 0.15625 0.0546875 0.046875
0 0.3359375 0.059375 0.03125 0.03125
0 0.39296875 0.10390625 0.0359375 0.0359375
0 0.834375 0.04765625 0.075 0.0859375
0 0.4765625 0.2359375 0.046875 0.04375
0 0.51015625 0.19921875 0.0359375 0.0390625
0 0.64453125 0.21484375 0.1171875 0.1171875
0 0.73515625 0.29140625 0.1171875 0.1140625
0 0.828125 0.38984375 0.078125 0.0984375
0 0.92578125 0.296875 0.1015625 0.109375
0 0.9859375 0.20390625 0.028125 0.1015625
0 0.54140625 0.14140625 0.0828125 0.0859375
0 0.828125 0.9703125 0.09375 0.059375
0 0.9125 0.83671875 0.059375 0.0859375
0 0.690625 0.559375 0.059375 0.05625
0 0.57109375 0.84609375 0.0640625 0.0734375
0 0.77890625 0.55546875 0.0734375 0.0640625
0 0.05546875 0.91171875 0.0890625 0.1203125
0 0.15625 0.93203125 0.15 0.1359375