0 0.07421875 0.334375 0.0859375 0.090625
0 0.44921875 0.2125 0.0703125 0.090625
0 0.24609375 0.278125 0.1484375 0.1875
0 0.38359375 0.28984375 0.0859375 0.0859375
0 0.85859375 0.0828125 0.0828125 0.09375
0 0.1640625 0.4109375 0.078125 0.09375
0 0.0375 0.42890625 0.075 0.0828125
0 0.1234375 0.49375 0.10625 0.10625
0 0.4984375 0.37421875 0.075 0.0828125
0 0.3984375 0.453125 0.109375 0.109375
0 0.5921875 0.46328125 0.075 0.0671875
0 0.54375 0.5609375 0.09375 0.090625
0 0.2859375 0.66796875 0.109375 0.1015625
0 0.39453125 0.74453125 0.1015625 0.1140625
0 0.75625 0.42265625 0.075 0.1015625
0 0.6859375 0.55546875 0.075 0.0703125
0 0.95703125 0.57734375 0.0703125 0.0671875
0 0.76796875 0.65 0.0984375 0.090625
0 0.8796875 0.7171875 0.09375 0.10625
0 0.01171875 0.83203125 0.0234375 0.1171875
0 0.1859375 0.91875 0.090625 0.09375
0 0.2828125 0.81484375 0.10625 0.0984375
0 0.49375 0.834375 0.10625 0.121875
0 0.3125 0.92578125 0.03125 0.0390625
0 0.403125 0.92265625 0.046875 0.0546875
0 0.47734375 0.96328125 0.0546875 0.0515625
0 0.29140625 0.978125 0.0828125 0.04375
0 0.58515625 0.98203125 0.0703125 0.0359375
0 0.7546875 0.73828125 0.109375 0.1015625
0 0.9765625 0.78828125 0.046875 0.0984375
0 0.72265625 0.85390625 0.0859375 0.1140625
0 0.67890625 0.97265625 0.0984375 0.0546875
0 0.53984375 0.07421875 0.0703125 0.0703125
0 0.62890625 0.165625 0.1015625 0.10625
0 0.53515625 0.27265625 0.0703125 0.0828125
0 0.6328125 0.353125 0.109375 0.10625
0 0.1484375 0.18984375 0.078125 0.0828125
0 0.109375 0.25234375 0.046875 0.0515625
0 0.2421875 0.0296875 0.078125 0.059375
0 0.19140625 0.09765625 0.0703125 0.0703125
0 0.31953125 0.15546875 0.0828125 0.0671875
0 0.05078125 0.11875 0.0703125 0.059375
0 0.9625 0.21015625 0.075 0.0984375
0 0.7234375 0.26015625 0.09375 0.0828125
0 0.8109375 0.9625 0.075 0.075
0 0.85 0.825 0.090625 0.078125
0 0.87890625 0.9046875 0.0703125 0.059375
0 0.3921875 0.59765625 0.090625 0.1171875
0 0.27578125 0.49921875 0.0984375 0.1296875
0 0.31171875 0.40703125 0.1140625 0.1171875
0 0.1796875 0.58671875 0.09375 0.1171875
0 0.0796875 0.58828125 0.075 0.0671875
0 0.17421875 0.7328125 0.1296875 0.153125
0 0.053125 0.703125 0.059375 0.09375
0 0.1078125 0.83671875 0.090625 0.1015625
0 0.078125 0.946875 0.140625 0.10625
0 0.6109375 0.77421875 0.090625 0.1015625
0 0.634375 0.6578125 0.075 0.075
0 0.51640625 0.69453125 0.0859375 0.0984375
0 0.59609375 0.9109375 0.0828125 0.09375
0 0.82421875 0.3359375 0.0703125 0.0625
0 0.9203125 0.44453125 0.090625 0.0984375
0 0.9703125 0.50234375 0.059375 0.0828125