0 0.21484375 0.0171875 0.096875 0.03359375
0 0.8046875 0.00703125 0.084375 0.0140625
0 0.65078125 0.034375 0.1078125 0.06875
0 0.0203125 0.15625 0.040625 0.11640625
0 0.33203125 0.0921875 0.109375 0.109375
0 0.14609375 0.115625 0.1046875 0.1046875
0 0.24453125 0.259375 0.08515625 0.11328125
0 0.0734375 0.2578125 0.1046875 0.109375
0 0.36328125 0.3421875 0.08046875 0.09375
0 0.1984375 0.4046875 0.11328125 0.11328125
0 0.4890625 0.08359375 0.096875 0.12578125
0 0.584375 0.1921875 0.1046875 0.096875
0 0.44296875 0.22734375 0.08515625 0.11328125
0 0.66328125 0.259375 0.07734375 0.08046875
0 0.54453125 0.32421875 0.0890625 0.096875
0 0.7671875 0.396875 0.1046875 0.11328125
0 0.9046875 0.1 0.09375 0.109375
0 0.0265625 0.4359375 0.053125 0.13359375
0 0.3015625 0.49609375 0.109375 0.1078125
0 0.12265625 0.56875 0.07734375 0.1015625
0 0.0078125 0.559375 0.015625 0.084375
0 0.24609375 0.67578125 0.0890625 0.11328125
0 0.0609375 0.71640625 0.096875 0.1453125
0 0.63359375 0.4234375 0.08046875 0.08515625
0 0.46484375 0.48203125 0.096875 0.12890625
0 0.7328125 0.53046875 0.1015625 0.11328125
0 0.584375 0.5890625 0.1046875 0.09375
0 0.41953125 0.64921875 0.11328125 0.1015625
0 0.7015625 0.67734375 0.08046875 0.109375
0 0.52578125 0.73203125 0.09375 0.096875
0 0.95859375 0.58359375 0.06953125 0.109375
0 0.81875 0.65703125 0.0890625 0.08515625
0 0.6359375 0.85625 0.06953125 0.096875
0 0.98515625 0.83515625 0.02890625 0.08046875
0 0.92890625 0.95234375 0.0609375 0.0953125
0 0.21640625 0.82421875 0.09375 0.11328125
0 0.33671875 0.8 0.09375 0.096875
0 0.71796875 0.94140625 0.06484375 0.07265625
0 0.81875 0.94140625 0.0890625 0.1046875
0 0.7203125 0.15078125 0.08515625 0.1046875
0 0.796875 0.21640625 0.09375 0.096875
0 0.8 0.8015625 0.0609375 0.09375
0 0.8734375 0.825 0.06953125 0.0890625
0 0.87265625 0.5359375 0.07734375 0.1015625
0 0.9109375 0.346875 0.06484375 0.09375
0 0.96484375 0.4203125 0.0703125 0.096875
0 0.99140625 0.17734375 0.0171875 0.0859375
0 0.84375 0.73125 0.0484375 0.05625
0 0.9078125 0.70703125 0.06484375 0.0890625
0 0.96640625 0.23515625 0.0546875 0.096875
0 0.46875 0.86640625 0.0921875 0.09375
0 0.50703125 0.9640625 0.0859375 0.071875
0 0.6015625 0.98046875 0.10625 0.0390625
0 0.34765625 0.88671875 0.0984375 0.07734375
0 0.34765625 0.9640625 0.1046875 0.071875
0 0.0640625 0.02578125 0.1109375 0.0515625