0 0.06015625 0.05859375 0.1015625 0.10546875
0 0.0171875 0.15234375 0.034375 0.1203125
0 0.48203125 0.103125 0.1015625 0.13046875
0 0.20703125 0.13828125 0.09609375 0.0921875
0 0.5765625 0.015625 0.14921875 0.03046875
0 0.909375 0.04375 0.096875 0.0875
0 0.8 0.0625 0.0859375 0.1015625
0 0.90625 0.1515625 0.0765625 0.0921875
0 0.8265625 0.25546875 0.1203125 0.14375
0 0.91015625 0.31015625 0.03828125 0.05390625
0 0.02421875 0.415625 0.04765625 0.13046875
0 0.0671875 0.56015625 0.0765625 0.1015625
0 0.01953125 0.66640625 0.03828125 0.0765625
0 0.0171875 0.8484375 0.034375 0.153125
0 0.2078125 0.39140625 0.1171875 0.1203125
0 0.2203125 0.57265625 0.1796875 0.1
0 0.51640625 0.54765625 0.04375 0.0578125
0 0.134375 0.646875 0.09609375 0.08203125
0 0.55390625 0.67265625 0.13046875 0.11484375
0 0.23984375 0.79375 0.11484375 0.178125
0 0.46171875 0.82890625 0.1109375 0.13984375
0 0.73046875 0.38203125 0.1015625 0.1203125
0 0.95 0.4359375 0.1 0.13984375
0 0.8515625 0.4140625 0.04375 0.0578125
0 0.653125 0.50703125 0.1109375 0.13984375
0 0.85078125 0.60078125 0.13046875 0.1625
0 0.96640625 0.58359375 0.04375 0.04375
0 0.72890625 0.6171875 0.04765625 0.05390625
0 0.8734375 0.7203125 0.034375 0.0578125
0 0.765625 0.73203125 0.04375 0.05390625
0 0.99296875 0.721875 0.01328125 0.05390625
0 0.63203125 0.74140625 0.0578125 0.05390625
0 0.946875 0.796875 0.10625 0.134375
0 0.80546875 0.825 0.04765625 0.04765625
0 0.69765625 0.8375 0.05390625 0.07265625
0 0.57734375 0.85625 0.04375 0.05390625
0 0.14609375 0.92578125 0.1203125 0.1484375
0 0.87734375 0.92890625 0.11484375 0.14140625
0 0.98671875 0.91171875 0.0265625 0.0578125
0 0.64453125 0.92734375 0.04375 0.05390625
0 0.7515625 0.940625 0.04765625 0.0578125
0 0.69765625 0.99140625 0.05390625 0.0171875
0 0.5734375 0.98671875 0.1203125 0.0265625
0 0.94375 0.99140625 0.0671875 0.0171875
0 0.353125 0.22734375 0.1203125 0.14375
0 0.55078125 0.321875 0.10546875 0.09609375
0 0.51796875 0.9421875 0.04765625 0.05390625
0 0.3953125 0.72734375 0.04375 0.04375
0 0.0046875 0.95 0.009375 0.03828125
0 0.340625 0.821875 0.03828125 0.034375
0 0.37578125 0.95546875 0.0828125 0.0890625
0 0.48984375 0.4453125 0.04765625 0.04375
0 0.5609375 0.47421875 0.03828125 0.04375
0 0.6296875 0.17421875 0.1171875 0.11484375
0 0.2546875 0.48359375 0.08828125 0.08203125
0 0.3390625 0.44140625 0.12265625 0.11328125
0 0.4125 0.54765625 0.0578125 0.0421875
0 0.45078125 0.63984375 0.059375 0.0609375
0 0.3484375 0.6640625 0.05390625 0.0578125
0 0.1109375 0.3484375 0.09609375 0.1
0 0.096875 0.7453125 0.14375 0.1