0 0.0296875 0.0375 0.059375 0.075
0 0.15234375 0.021875 0.1171875 0.04375
0 0.58515625 0.03125 0.0984375 0.0625
0 0.96640625 0.01171875 0.0671875 0.0234375
0 0.8515625 0.0546875 0.09375 0.09375
0 0.0296875 0.42265625 0.059375 0.0859375
0 0.340625 0.0953125 0.15625 0.16875
0 0.15859375 0.10859375 0.0984375 0.0828125
0 0.0734375 0.28125 0.084375 0.1
0 0.3421875 0.2578125 0.090625 0.109375
0 0.21953125 0.2890625 0.1015625 0.09375
0 0.41640625 0.36875 0.0984375 0.10625
0 0.26640625 0.41875 0.0859375 0.09375
0 0.14140625 0.42421875 0.0859375 0.0828125
0 0.7 0.01796875 0.134375 0.0359375
0 0.61640625 0.20234375 0.0984375 0.1140625
0 0.61796875 0.353125 0.1171875 0.153125
0 0.51796875 0.334375 0.0828125 0.10625
0 0.759375 0.39296875 0.10625 0.1296875
0 0.52265625 0.43984375 0.0984375 0.0515625
0 0.6484375 0.4421875 0.09375 0.046875
0 0.8765625 0.196875 0.075 0.10625
0 0.86796875 0.33828125 0.1015625 0.1296875
0 0.97421875 0.40390625 0.0515625 0.1140625
0 0.97265625 0.1328125 0.0546875 0.109375
0 0.9859375 0.24140625 0.028125 0.1609375
0 0.94375 0.2796875 0.04375 0.075
0 0.5 0.2203125 0.078125 0.090625
0 0.48046875 0.1171875 0.1015625 0.109375
0 0.73359375 0.103125 0.10625 0.14375
0 0.7390625 0.24453125 0.09375 0.1203125
0 0.04921875 0.18125 0.0921875 0.090625