0 0.50859375 0.015625 0.22578125 0.03125
0 0.36171875 0.03671875 0.0640625 0.0578125
0 0.54921875 0.0828125 0.0640625 0.0734375
0 0.3109375 0.1 0.0578125 0.0578125
0 0.2578125 0.17109375 0.0671875 0.0640625
0 0.31640625 0.221875 0.0734375 0.0734375
0 0.271875 0.28984375 0.07734375 0.09296875
0 0.8859375 0.08203125 0.15078125 0.1640625
0 0.97578125 0.1640625 0.0484375 0.15078125
0 0.1390625 0.31875 0.0734375 0.09296875
0 0.0171875 0.640625 0.034375 0.096875
0 0.19765625 0.66953125 0.0640625 0.07734375
0 0.14375 0.75703125 0.0640625 0.07734375
0 0.021875 0.76328125 0.04375 0.0828125
0 0.60625 0.3078125 0.05390625 0.0671875
0 0.6828125 0.3609375 0.0671875 0.07734375
0 0.55703125 0.38046875 0.0671875 0.07734375
0 0.628125 0.42734375 0.0671875 0.0671875
0 0.3640625 0.4640625 0.0671875 0.0828125
0 0.64375 0.55 0.0671875 0.0734375
0 0.3234375 0.66328125 0.0640625 0.0828125
0 0.6625 0.671875 0.0578125 0.0734375
0 0.27109375 0.73046875 0.0671875 0.0640625
0 0.46796875 0.75859375 0.04453125 0.05390625
0 0.69375 0.48203125 0.0640625 0.0671875
0 0.7703125 0.5375 0.0734375 0.0828125
0 0.71171875 0.6015625 0.0671875 0.0671875
0 0.7796875 0.65 0.05390625 0.0671875
0 0.73046875 0.72265625 0.0484375 0.0671875
0 0.2140625 0.80234375 0.07734375 0.0828125
0 0.0328125 0.88828125 0.05390625 0.0734375
0 0.6734375 0.79453125 0.05390625 0.0671875
0 0.4265625 0.8359375 0.03828125 0.05390625
0 0.3484375 0.90859375 0.08671875 0.0828125
0 0.4984375 0.890625 0.0578125 0.08671875
0 0.5609375 0.934375 0.0671875 0.07734375
0 0.43125 0.96171875 0.0671875 0.0734375
0 0.31015625 0.96953125 0.0578125 0.0609375
0 0.509375 0.984375 0.05390625 0.03125
0 0.92578125 0.87578125 0.0828125 0.10234375
0 0.98359375 0.93359375 0.0328125 0.0828125
0 0.91796875 0.9765625 0.0671875 0.04609375
0 0.78984375 0.9890625 0.09296875 0.02109375
0 0.12734375 0.0734375 0.096875 0.11171875
0 0.04921875 0.57265625 0.0671875 0.0671875
0 0.0625 0.69765625 0.0640625 0.0671875
0 0.62265625 0.86015625 0.0640625 0.0640625
0 0.603125 0.746875 0.0640625 0.0578125
0 0.5296875 0.6890625 0.0640625 0.07734375
0 0.46015625 0.64296875 0.0671875 0.0734375
0 0.3140625 0.534375 0.0640625 0.07734375
0 0.43984375 0.525 0.07734375 0.07734375
0 0.5671875 0.49296875 0.0734375 0.0828125
0 0.51328125 0.5703125 0.0578125 0.0640625
0 0.40234375 0.70859375 0.0671875 0.07734375
0 0.25703125 0.60390625 0.0578125 0.0734375
0 0.5859375 0.615625 0.0484375 0.0578125
0 0.21328125 0.3609375 0.0671875 0.07734375
0 0.16484375 0.43828125 0.0671875 0.07734375
0 0.1109375 0.50078125 0.0640625 0.0671875
0 0.23046875 0.48671875 0.0828125 0.07734375
0 0.18125 0.55078125 0.0734375 0.0828125
0 0.47421875 0.3265625 0.0671875 0.07734375
0 0.34140625 0.3390625 0.0734375 0.0640625
0 0.41640625 0.40234375 0.0671875 0.0640625
0 0.2875 0.41796875 0.0734375 0.08671875
0 0.20078125 0.234375 0.0734375 0.0671875
0 0.528125 0.2515625 0.0671875 0.0828125
0 0.38515625 0.14453125 0.0640625 0.05390625
0 0.03984375 0.44375 0.0671875 0.0734375
0 0.08515625 0.38203125 0.05390625 0.05390625
0 0.12265625 0.62421875 0.08671875 0.10234375
0 0.38359375 0.59140625 0.0671875 0.0671875
0 0.496875 0.45078125 0.0640625 0.0828125
0 0.8125 0.34453125 0.0578125 0.0640625
0 0.7515625 0.40859375 0.0640625 0.0671875
0 0.73046875 0.2921875 0.0671875 0.0671875
0 0.66015625 0.23515625 0.0734375 0.07734375
0 0.83359375 0.4640625 0.05390625 0.0640625
0 0.87734375 0.3921875 0.0640625 0.0734375
0 0.9515625 0.43984375 0.0578125 0.0734375
0 0.9015625 0.515625 0.0734375 0.0578125
0 0.43515625 0.08515625 0.0671875 0.0578125
0 0.48203125 0.02109375 0.04453125 0.0421875
0 0.58515625 0.18359375 0.0578125 0.05390625
0 0.6265625 0.13828125 0.04453125 0.0484375
0 0.7921875 0.15703125 0.14453125 0.14453125
0 0.9046875 0.2515625 0.14453125 0.140625
0 0.98515625 0.3734375 0.02890625 0.121875
0 0.66484375 0.06640625 0.10234375 0.10625
0 0.84921875 0.5828125 0.0734375 0.06953125
0 0.7015625 0.9375 0.07890625 0.090625
0 0.95625 0.578125 0.08671875 0.07890625
0 0.06484375 0.971875 0.11015625 0.05625
0 0.1890625 0.9796875 0.18515625 0.040625