0 0.0640625 0.0359375 0.04375 0.0625
0 0.32109375 0.05078125 0.0703125 0.1015625
0 0.38515625 0.04375 0.0515625 0.0625
0 0.81640625 0.0640625 0.1015625 0.128125
0 0.21953125 0.17109375 0.0546875 0.0671875
0 0.11875 0.44765625 0.04375 0.0359375
0 0.56875 0.2421875 0.10625 0.109375
0 0.3359375 0.3046875 0.21875 0.171875
0 0.49609375 0.39140625 0.2109375 0.1171875
0 0.94765625 0.09609375 0.0984375 0.0984375
0 0.86875 0.33515625 0.1125 0.1390625
0 0.9859375 0.41796875 0.028125 0.0703125
0 0.97421875 0.2453125 0.0515625 0.09375
0 0.0375 0.38046875 0.075 0.1515625
0 0.05546875 0.215625 0.0546875 0.0625
0 0.16953125 0.2578125 0.0734375 0.0953125
0 0.1703125 0.0375 0.059375 0.075
0 0.115625 0.071875 0.04375 0.04375
0 0.1640625 0.12109375 0.046875 0.0390625
0 0.2203125 0.084375 0.04375 0.059375
0 0.26640625 0.021875 0.0390625 0.04375
0 0.59375 0.11875 0.109375 0.1125
0 0.709375 0.1890625 0.10625 0.1125
0 0.74296875 0.32265625 0.1328125 0.1046875
0 0.7375 0.415625 0.1 0.096875
0 0.13828125 0.19140625 0.0578125 0.0546875
0 0.09609375 0.14921875 0.0515625 0.0484375