0 0.0296875 0.05625 0.04375 0.059375
0 0.346875 0.0171875 0.03125 0.034375
0 0.28515625 0.07265625 0.0703125 0.0671875
0 0.40625 0.05859375 0.046875 0.0703125
0 0.45703125 0.09375 0.0546875 0.0625
0 0.35234375 0.115625 0.0546875 0.059375
0 0.2546875 0.12421875 0.046875 0.0515625
0 0.415625 0.14921875 0.04375 0.0546875
0 0.51171875 0.19140625 0.0234375 0.0234375
0 0.53046875 0.3421875 0.0359375 0.075
0 0.75234375 0.04609375 0.0671875 0.0828125
0 0.82734375 0.09296875 0.0828125 0.0671875
0 0.74609375 0.14296875 0.0546875 0.0671875
0 0.6421875 0.16875 0.075 0.078125
0 0.9578125 0.2328125 0.078125 0.10625
0 0.0671875 0.3734375 0.046875 0.04375
0 0.03125 0.5796875 0.0625 0.10625
0 0.52734375 0.653125 0.0859375 0.09375
0 0.60234375 0.39140625 0.0546875 0.0703125
0 0.74921875 0.48515625 0.0828125 0.1171875
0 0.86171875 0.43203125 0.1140625 0.0984375
0 0.6390625 0.57734375 0.08125 0.0828125
0 0.76015625 0.684375 0.0984375 0.09375
0 0.6296875 0.715625 0.09375 0.125
0 0.86875 0.7234375 0.10625 0.14375
0 0.97265625 0.3796875 0.0546875 0.09375
0 0.97421875 0.53203125 0.0515625 0.0984375
0 0.5234375 0.7828125 0.09375 0.090625
0 0.52421875 0.9453125 0.1171875 0.109375
0 0.73828125 0.81484375 0.1015625 0.0984375
0 0.884375 0.88984375 0.0875 0.0921875
0 0.78046875 0.9609375 0.0828125 0.078125
0 0.93046875 0.98203125 0.1046875 0.0359375
0 0.978125 0.84609375 0.04375 0.0828125
0 0.9765625 0.665625 0.046875 0.090625
0 0.50703125 0.03359375 0.0515625 0.0515625
0 0.3125 0.1625 0.046875 0.04375
0 0.36796875 0.20703125 0.0546875 0.0546875
0 0.26953125 0.21796875 0.0546875 0.0515625
0 0.32109375 0.2625 0.0546875 0.0625
0 0.828125 0.24375 0.09375 0.10625
0 0.734375 0.3640625 0.09375 0.109375
0 0.9125 0.08671875 0.059375 0.0859375
0 0.0953125 0.6640625 0.090625 0.09375
0 0.32265625 0.53359375 0.0984375 0.0828125
0 0.8640625 0.58046875 0.09375 0.0984375
0 0.0140625 0.903125 0.028125 0.078125
0 0.0234375 0.7875 0.046875 0.1375
0 0.12421875 0.8375 0.0984375 0.090625
0 0.03125 0.96875 0.0625 0.0625
0 0.20703125 0.9375 0.0859375 0.078125
0 0.36640625 0.875 0.0984375 0.09375
0 0.37578125 0.69375 0.0859375 0.10625
0 0.63984375 0.8765625 0.0984375 0.121875
0 0.1875 0.7265625 0.06875 0.071875
0 0.2640625 0.7078125 0.065625 0.071875
0 0.29375 0.7984375 0.09375 0.08125
0 0.41484375 0.28046875 0.0640625 0.0765625
0 0.471875 0.26015625 0.053125 0.0734375
0 0.578125 0.0984375 0.0625 0.071875
0 0.625 0.47578125 0.071875 0.0921875
0 0.4203125 0.47109375 0.08125 0.0921875
0 0.95859375 0.9234375 0.0734375 0.08125
0 0.509375 0.54375 0.1125 0.103125
0 0.19140625 0.5453125 0.1015625 0.090625
0 0.26484375 0.6171875 0.0609375 0.0671875
0 0.2125 0.44140625 0.065625 0.0609375
0 0.259375 0.325 0.11875 0.1265625
0 0.05625 0.1703125 0.0875 0.1125
0 0.28046875 0.92578125 0.0984375 0.0921875
0 0.41796875 0.95625 0.0921875 0.084375
0 0.6921875 0.253125 0.071875 0.084375