0 0.88359375 0.1375 0.11875 0.128125
0 0.83828125 0.25625 0.08203125 0.11015625
0 0.73046875 0.24453125 0.0515625 0.06015625
0 0.5703125 0.259375 0.06015625 0.06015625
0 0.7296875 0.31796875 0.06015625 0.06015625
0 0.6578125 0.32578125 0.0515625 0.0515625
0 0.8515625 0.3890625 0.11015625 0.1375
0 0.66328125 0.39765625 0.0515625 0.0546875
0 0.58359375 0.409375 0.06015625 0.07890625
0 0.73828125 0.46953125 0.0546875 0.06015625
0 0.5796875 0.48046875 0.06015625 0.04609375
0 0.49140625 0.2796875 0.0421875 0.04609375
0 0.5015625 0.48046875 0.0625 0.04609375
0 0.4265625 0.4875 0.0546875 0.040625
0 0.73984375 0.16484375 0.06953125 0.05703125
0 0.66015625 0.1734375 0.0640625 0.0640625
0 0.65546875 0.246875 0.0546875 0.0546875
0 0.578125 0.17890625 0.0640625 0.0640625
0 0.4953125 0.2015625 0.0640625 0.0734375
0 0.42421875 0.2171875 0.06796875 0.06796875
0 0.43125 0.29140625 0.0515625 0.06953125
0 0.4234375 0.35234375 0.06953125 0.084375
0 0.50390625 0.3515625 0.04765625 0.0625
0 0.4984375 0.421875 0.05859375 0.05703125
0 0.4234375 0.43203125 0.0625 0.0625