0 0.07421875 0.32265625 0.0875 0.09296875
0 0.4578125 0.1984375 0.071875 0.09296875
0 0.25 0.26484375 0.1515625 0.19140625
0 0.390625 0.27734375 0.0875 0.0875
0 0.8765625 0.065625 0.084375 0.09609375
0 0.16640625 0.40078125 0.0796875 0.09609375
0 0.0375 0.41953125 0.075 0.084375
0 0.12421875 0.4859375 0.10859375 0.10859375
0 0.5078125 0.36328125 0.0765625 0.084375
0 0.40546875 0.44375 0.11171875 0.11171875
0 0.60390625 0.4546875 0.0765625 0.06875
0 0.5546875 0.5546875 0.09609375 0.09296875
0 0.290625 0.6640625 0.11171875 0.10390625
0 0.4015625 0.7421875 0.10390625 0.11640625
0 0.771875 0.41328125 0.0765625 0.10390625
0 0.7 0.5484375 0.0765625 0.071875
0 0.9703125 0.57109375 0.059375 0.06875
0 0.78359375 0.6453125 0.10078125 0.09296875
0 0.89765625 0.7140625 0.09609375 0.10859375
0 0.0109375 0.83046875 0.021875 0.1203125
0 0.18828125 0.9203125 0.09296875 0.09609375
0 0.2875 0.8140625 0.10859375 0.10078125
0 0.503125 0.83359375 0.10859375 0.12421875
0 0.31796875 0.92734375 0.03203125 0.03984375
0 0.41015625 0.92421875 0.04765625 0.05625
0 0.48671875 0.965625 0.05625 0.05234375
0 0.29609375 0.97890625 0.084375 0.04140625
0 0.596875 0.9828125 0.071875 0.034375
0 0.7703125 0.7359375 0.11171875 0.10390625
0 0.9859375 0.7859375 0.028125 0.1
0 0.7375 0.85390625 0.0875 0.11640625
0 0.6921875 0.9734375 0.10078125 0.05234375
0 0.55 0.05703125 0.071875 0.071875
0 0.64140625 0.15 0.10390625 0.10859375
0 0.5453125 0.259375 0.071875 0.084375
0 0.6453125 0.3421875 0.11171875 0.10859375
0 0.15 0.175 0.0796875 0.084375
0 0.11015625 0.2390625 0.04765625 0.05234375
0 0.24609375 0.02109375 0.0796875 0.04140625
0 0.19375 0.08046875 0.071875 0.071875
0 0.325 0.13984375 0.084375 0.06875
0 0.05 0.10234375 0.071875 0.0609375
0 0.971875 0.1953125 0.05625 0.10078125
0 0.73828125 0.246875 0.09609375 0.084375
0 0.82734375 0.96328125 0.0765625 0.0734375
0 0.8671875 0.82421875 0.09296875 0.0796875
0 0.896875 0.90546875 0.071875 0.0609375
0 0.39921875 0.5921875 0.09296875 0.11953125
0 0.28046875 0.49140625 0.10078125 0.1328125
0 0.3171875 0.396875 0.11640625 0.11953125
0 0.18203125 0.58046875 0.09609375 0.11953125
0 0.0796875 0.58203125 0.0765625 0.06875
0 0.1765625 0.7296875 0.1328125 0.15625
0 0.05234375 0.7 0.0609375 0.09609375
0 0.10859375 0.8359375 0.09296875 0.10390625
0 0.078125 0.946875 0.14375 0.10625
0 0.62265625 0.77265625 0.09296875 0.10390625
0 0.646875 0.653125 0.0765625 0.0765625
0 0.5265625 0.690625 0.0875 0.10078125
0 0.6078125 0.9125 0.084375 0.09609375
0 0.84140625 0.32421875 0.071875 0.0640625
0 0.9390625 0.43515625 0.09296875 0.10078125
0 0.9796875 0.49453125 0.03984375 0.084375