0 0.2390625 0.0453125 0.109375 0.090625
0 0.0984375 0.08046875 0.078125 0.0984375
0 0.1875 0.22109375 0.078125 0.0828125
0 0.303125 0.24140625 0.075 0.0984375
0 0.37578125 0.015625 0.0546875 0.03125
0 0.678125 0.046875 0.121875 0.09375
0 0.4578125 0.10546875 0.109375 0.1484375
0 0.31328125 0.1078125 0.0546875 0.075
0 0.67265625 0.24140625 0.1171875 0.0984375
0 0.5328125 0.22109375 0.090625 0.0671875
0 0.4390625 0.278125 0.075 0.09375
0 0.72734375 0.14453125 0.0390625 0.0859375
0 0.01953125 0.5703125 0.0390625 0.09375
0 0.11171875 0.5921875 0.0515625 0.059375
0 0.43125 0.4578125 0.059375 0.078125
0 0.578125 0.490625 0.09375 0.090625
0 0.3375 0.56171875 0.028125 0.0515625
0 0.70625 0.58359375 0.0828125 0.1359375
0 0.3359375 0.65546875 0.03125 0.0359375
0 0.709375 0.46328125 0.075 0.1296875
0 0.16328125 0.775 0.0515625 0.059375
0 0.0359375 0.85625 0.03125 0.03125
0 0.26796875 0.92265625 0.0828125 0.1015625
0 0.61015625 0.890625 0.0859375 0.140625
0 0.70546875 0.7171875 0.0828125 0.1375
0 0.26484375 0.434375 0.0671875 0.078125
0 0.28046875 0.76015625 0.0984375 0.1140625
0 0.396875 0.8578125 0.090625 0.090625
0 0.50078125 0.8984375 0.0859375 0.09375
0 0.475 0.72109375 0.090625 0.0984375
0 0.453125 0.61796875 0.0625 0.0859375
0 0.04296875 0.7234375 0.0859375 0.078125
0 0.121875 0.72109375 0.046875 0.0671875
0 0.1015625 0.87109375 0.078125 0.0859375
0 0.59296875 0.11796875 0.0828125 0.0859375
0 0.08828125 0.4625 0.0828125 0.075
0 0.61015625 0.30625 0.0546875 0.05625
0 0.71328125 0.8984375 0.0734375 0.203125
0 0.62421875 0.56953125 0.0671875 0.0921875
0 0.22890625 0.5859375 0.1359375 0.13125
0 0.03203125 0.3015625 0.0640625 0.078125
0 0.31875 0.3515625 0.096875 0.09375
0 0.15078125 0.34140625 0.0921875 0.0890625
0 0.046875 0.38359375 0.084375 0.0859375
0 0.20625 0.9 0.04375 0.05625