0 0.11796875 0.025 0.1046875 0.05
0 0.01953125 0.06484375 0.0390625 0.0984375
0 0.03515625 0.23046875 0.0703125 0.1171875
0 0.18125 0.26640625 0.10625 0.1015625
0 0.10078125 0.309375 0.0984375 0.109375
0 0.03515625 0.41484375 0.0703125 0.1640625
0 0.2390625 0.09609375 0.0625 0.0828125
0 0.72578125 0.08203125 0.0984375 0.1171875
0 0.9359375 0.16875 0.090625 0.09375
0 0.70859375 0.28046875 0.0890625 0.0609375
0 0.75703125 0.3484375 0.0984375 0.09375
0 0.96171875 0.36015625 0.0703125 0.0859375
0 0.1734375 0.52265625 0.090625 0.0828125
0 0.0390625 0.68125 0.078125 0.075
0 0.5828125 0.6578125 0.0625 0.090625
0 0.771875 0.4296875 0.028125 0.03125
0 0.728125 0.4828125 0.075 0.10625
0 0.77421875 0.653125 0.0859375 0.078125
0 0.89140625 0.70234375 0.0703125 0.0828125
0 0.96875 0.775 0.0625 0.10625
0 0.68671875 0.759375 0.0671875 0.075
0 0.39453125 0.7859375 0.0859375 0.109375
0 0.515625 0.8375 0.09375 0.090625
0 0.6 0.87578125 0.090625 0.1015625
0 0.43671875 0.9453125 0.0984375 0.09375
0 0.5515625 0.98046875 0.078125 0.0390625
0 0.8109375 0.821875 0.075 0.10625
0 0.921875 0.89765625 0.0625 0.0828125
0 0.6953125 0.934375 0.109375 0.09375
0 0.79765625 0.978125 0.0703125 0.04375
0 0.9859375 0.96875 0.028125 0.0625
0 0.92421875 0.0296875 0.1296875 0.059375
0 0.8578125 0.08671875 0.090625 0.1015625
0 0.85390625 0.28515625 0.0828125 0.1171875
0 0.92109375 0.446875 0.0515625 0.059375
0 0.83046875 0.44921875 0.0515625 0.0703125
0 0.85625 0.396875 0.046875 0.059375
0 0.94609375 0.61640625 0.0859375 0.0828125
0 0.9546875 0.52265625 0.090625 0.1140625
0 0.85078125 0.5453125 0.1140625 0.121875
0 0.61640625 0.3421875 0.0515625 0.059375
0 0.58671875 0.49609375 0.0953125 0.1109375
0 0.49609375 0.57421875 0.0859375 0.1015625
0 0.2859375 0.5828125 0.078125 0.09375
0 0.1875 0.62734375 0.0625 0.0671875
0 0.0609375 0.553125 0.059375 0.090625
0 0.140625 0.4140625 0.109375 0.09375
0 0.1125 0.95078125 0.171875 0.0984375
0 0.04609375 0.7828125 0.0828125 0.090625
0 0.1265625 0.71796875 0.090625 0.0984375
0 0.48046875 0.0609375 0.0765625 0.115625
0 0.49140625 0.4453125 0.0921875 0.09375
0 0.6109375 0.2390625 0.10625 0.125
0 0.590625 0.0375 0.09375 0.075
0 0.58828125 0.1265625 0.1140625 0.10625
0 0.36171875 0.88359375 0.0828125 0.0859375
0 0.39453125 0.671875 0.0703125 0.078125
0 0.490625 0.6859375 0.075 0.090625
0 0.3515625 0.10625 0.084375 0.078125
0 0.36796875 0.1828125 0.0859375 0.075
0 0.38125 0.2828125 0.075 0.103125
0 0.34453125 0.365625 0.0859375 0.090625
0 0.37265625 0.44453125 0.0890625 0.0671875
0 0.2765625 0.4921875 0.06875 0.0625
0 0.26796875 0.34609375 0.0828125 0.1046875
0 0.13359375 0.1375 0.0890625 0.09375
0 0.20390625 0.17265625 0.0859375 0.0796875
0 0.48515625 0.1703125 0.0859375 0.096875
0 0.28671875 0.02421875 0.0734375 0.0484375
0 0.3734375 0.02421875 0.109375 0.0484375
0 0.47734375 0.26953125 0.1109375 0.1109375
0 0.50078125 0.3546875 0.0890625 0.075
0 0.659375 0.5625 0.115625 0.0671875
0 0.79609375 0.1828125 0.0921875 0.1
0 0.7109375 0.196875 0.0828125 0.103125
0 0.275 0.84609375 0.065625 0.0734375
0 0.28671875 0.7171875 0.0578125 0.065625
0 0.29921875 0.96796875 0.0828125 0.0609375