0 0.125 0.025 0.046875 0.05
0 0.06640625 0.0671875 0.0234375 0.03125
0 0.17890625 0.07734375 0.0515625 0.0515625
0 0.46796875 0.01953125 0.2390625 0.0390625
0 0.2640625 0.046875 0.075 0.09375
0 0.8140625 0.0359375 0.04375 0.0625
0 0.7109375 0.02734375 0.046875 0.0546875
0 0.05078125 0.16484375 0.1015625 0.0859375
0 0.15859375 0.16640625 0.0515625 0.0671875
0 0.0359375 0.365625 0.071875 0.1
0 0.16015625 0.2390625 0.0546875 0.046875
0 0.13984375 0.36171875 0.1140625 0.1296875
0 0.046875 0.43046875 0.09375 0.0703125
0 0.6140625 0.1421875 0.046875 0.059375
0 0.303125 0.19453125 0.10625 0.1453125
0 0.37109375 0.3359375 0.0859375 0.109375
0 0.5390625 0.33359375 0.09375 0.1203125
0 0.49609375 0.42421875 0.0390625 0.0359375
0 0.56953125 0.45390625 0.0359375 0.0234375
0 0.96953125 0.17109375 0.0546875 0.0671875
0 0.66875 0.17421875 0.046875 0.0515625
0 0.63671875 0.37734375 0.0390625 0.0359375
0 0.86875 0.44765625 0.04375 0.0359375
0 0.98828125 0.3046875 0.0234375 0.171875
0 0.43671875 0.09609375 0.0984375 0.1140625
0 0.47734375 0.025 0.0578125 0.05
0 0.76328125 0.36875 0.1265625 0.14375
0 0.80546875 0.215625 0.0546875 0.0625
0 0.921875 0.26171875 0.06875 0.0859375
0 0.9203125 0.0375 0.059375 0.075
0 0.865625 0.071875 0.04375 0.04375
0 0.9140625 0.12109375 0.046875 0.0390625
0 0.9703125 0.084375 0.04375 0.059375
0 0.5328125 0.07578125 0.05625 0.0640625
0 0.66015625 0.08984375 0.0546875 0.0703125
0 0.67578125 0.42265625 0.0546875 0.0546875
0 0.4671875 0.23125 0.096875 0.09375
0 0.540625 0.1890625 0.05 0.065625
0 0.58203125 0.26328125 0.0390625 0.0421875
0 0.73828125 0.17578125 0.0609375 0.0546875
0 0.7078125 0.22578125 0.05625 0.0671875
0 0.7609375 0.2625 0.053125 0.05625
0 0.621875 0.215625 0.046875 0.0484375
0 0.6578125 0.25 0.05625 0.0625
0 0.8859375 0.1921875 0.053125 0.046875
0 0.84921875 0.153125 0.0484375 0.046875
0 0.86015625 0.25078125 0.0328125 0.0390625
0 0.4265625 0.44140625 0.0625 0.0609375
0 0.60234375 0.04453125 0.0546875 0.0515625
0 0.0171875 0.10234375 0.034375 0.0328125