0 0.096875 0.01796875 0.05078125 0.0359375
0 0.0328125 0.05390625 0.02578125 0.03359375
0 0.15546875 0.065625 0.05625 0.05625
0 0.46875 0.01171875 0.259375 0.0234375
0 0.24765625 0.04140625 0.08125 0.0828125
0 0.84375 0.02734375 0.04765625 0.05390625
0 0.73203125 0.0203125 0.05078125 0.040625
0 0.0359375 0.16015625 0.07109375 0.09296875
0 0.1328125 0.16171875 0.05625 0.07265625
0 0.01953125 0.378125 0.0390625 0.10859375
0 0.134375 0.240625 0.059375 0.05078125
0 0.1125 0.3734375 0.1234375 0.140625
0 0.03125 0.4484375 0.0625 0.0765625
0 0.62734375 0.1359375 0.05078125 0.0640625
0 0.28984375 0.1921875 0.115625 0.1578125
0 0.36328125 0.34609375 0.09296875 0.11875
0 0.54609375 0.34296875 0.1015625 0.13046875
0 0.49921875 0.44140625 0.0421875 0.0390625
0 0.57890625 0.4734375 0.0390625 0.02578125
0 0.99140625 0.1671875 0.0171875 0.07265625
0 0.68671875 0.1703125 0.05078125 0.05625
0 0.6515625 0.390625 0.0421875 0.0390625
0 0.903125 0.4671875 0.04765625 0.0390625
0 0.434375 0.0859375 0.10703125 0.1234375
0 0.47890625 0.01796875 0.0625 0.0359375
0 0.7890625 0.38125 0.1375 0.15625
0 0.834375 0.215625 0.059375 0.06796875
0 0.9609375 0.265625 0.07421875 0.09296875
0 0.959375 0.03125 0.0640625 0.0625
0 0.9 0.059375 0.04765625 0.04765625
0 0.95234375 0.1125 0.05078125 0.0421875
0 0.99453125 0.07265625 0.01015625 0.0640625
0 0.5390625 0.06328125 0.0609375 0.06953125
0 0.67734375 0.07890625 0.059375 0.0765625
0 0.69375 0.43984375 0.059375 0.059375
0 0.46796875 0.23203125 0.10546875 0.1015625
0 0.54765625 0.18671875 0.05390625 0.07109375
0 0.5921875 0.2671875 0.0421875 0.04609375
0 0.76171875 0.171875 0.06640625 0.059375
0 0.72890625 0.2265625 0.0609375 0.07265625
0 0.78671875 0.26640625 0.0578125 0.0609375
0 0.6359375 0.215625 0.05078125 0.05234375
0 0.67421875 0.25234375 0.0609375 0.06796875
0 0.921875 0.18984375 0.0578125 0.05078125
0 0.88203125 0.14765625 0.05234375 0.05078125
0 0.89375 0.253125 0.0359375 0.0421875
0 0.4234375 0.46015625 0.06796875 0.06640625
0 0.6140625 0.0296875 0.059375 0.05625