0 0.14921875 0.05546875 0.1140625 0.1109375
0 0.0140625 0.0953125 0.028125 0.11640625
0 0.31328125 0.0609375 0.06328125 0.08828125
0 0.275 0.13046875 0.0296875 0.03828125
0 0.07578125 0.17421875 0.1046875 0.125
0 0.36953125 0.146875 0.04140625 0.046875
0 0.23359375 0.215625 0.11328125 0.10859375
0 0.3859375 0.01796875 0.175 0.0359375
0 0.81875 0.01796875 0.090625 0.0359375
0 0.721875 0.05703125 0.096875 0.11328125
0 0.43984375 0.22421875 0.11640625 0.125
0 0.5796875 0.2796875 0.06328125 0.096875
0 0.9328125 0.0828125 0.09140625 0.09140625
0 0.98359375 0.153125 0.0328125 0.1
0 0.8234375 0.1515625 0.08359375 0.096875
0 0.91953125 0.2609375 0.09140625 0.08828125
0 0.06640625 0.3078125 0.11328125 0.125
0 0.3328125 0.37734375 0.125 0.121875
0 0.15703125 0.38515625 0.1 0.1296875
0 0.2328125 0.51171875 0.10859375 0.11640625
0 0.0953125 0.51796875 0.08359375 0.11328125
0 0.028125 0.653125 0.05625 0.11875
0 0.390625 0.51328125 0.09140625 0.11328125
0 0.253125 0.67421875 0.11640625 0.125
0 0.12578125 0.6453125 0.0546875 0.06640625
0 0.80546875 0.33671875 0.1046875 0.1
0 0.59921875 0.41015625 0.125 0.146875
0 0.79765625 0.49921875 0.121875 0.125
0 0.65859375 0.52734375 0.06328125 0.0546875
0 0.5453125 0.603125 0.11640625 0.11640625
0 0.70546875 0.64453125 0.1046875 0.13828125
0 0.39921875 0.69765625 0.125 0.13828125
0 0.978125 0.41171875 0.04296875 0.1
0 0.8921875 0.4515625 0.08828125 0.11328125
0 0.98671875 0.53046875 0.0265625 0.221875
0 0.9046875 0.62890625 0.11328125 0.125
0 0.11640625 0.77109375 0.1296875 0.14140625
0 0.2484375 0.8546875 0.1 0.146875
0 0.2359375 0.96953125 0.1 0.0609375
0 0.803125 0.721875 0.05 0.046875
0 0.55078125 0.76171875 0.121875 0.13359375
0 0.73671875 0.8265625 0.11640625 0.1296875
0 0.43203125 0.89296875 0.1 0.11328125
0 0.59765625 0.95546875 0.08828125 0.08828125
0 0.78203125 0.97421875 0.1 0.0515625
0 0.88984375 0.8359375 0.13359375 0.121875
0 0.94140625 0.95703125 0.1140625 0.0859375
0 0.0203125 0.43515625 0.03359375 0.0296875
0 0.99453125 0.865625 0.0109375 0.05
0 0.61171875 0.14140625 0.11640625 0.11640625
0 0.7046875 0.19921875 0.0796875 0.075
0 0.5203125 0.04765625 0.1 0.0953125
0 0.3578125 0.978125 0.025 0.03359375
0 0.075 0.93046875 0.11328125 0.13828125
0 0.009375 0.52890625 0.01796875 0.11171875