0 0.10859375 0.0828125 0.0828125 0.09375
0 0.59296875 0.07265625 0.0828125 0.0828125
0 0.3984375 0.1703125 0.09375 0.090625
0 0.51171875 0.19921875 0.0859375 0.1015625
0 0.91328125 0.02734375 0.0515625 0.0546875
0 0.7859375 0.10625 0.03125 0.03125
0 0.96875 0.17890625 0.0625 0.1140625
0 0.6765625 0.21171875 0.078125 0.1015625
0 0.021875 0.42265625 0.04375 0.1015625
0 0.20703125 0.57734375 0.0703125 0.0671875
0 0.0328125 0.64921875 0.065625 0.0890625
0 0.1296875 0.7171875 0.09375 0.10625
0 0.9765625 0.453125 0.046875 0.0625
0 0.7484375 0.46796875 0.090625 0.1140625
0 0.859375 0.5453125 0.09375 0.090625
0 0.7 0.6109375 0.078125 0.090625
0 0.80078125 0.71796875 0.0859375 0.0984375
0 0.0296875 0.73828125 0.059375 0.1015625
0 0.24453125 0.78828125 0.0828125 0.0984375
0 0.41484375 0.77421875 0.1484375 0.1015625
0 0.3484375 0.87578125 0.09375 0.1015625
0 0.4390625 0.9546875 0.10625 0.090625
0 0.71484375 0.8984375 0.1015625 0.078125
0 0.33046875 0.0234375 0.0515625 0.046875
0 0.228125 0.21015625 0.10625 0.0984375
0 0.29140625 0.290625 0.0828125 0.075
0 0.525 0.38515625 0.075 0.0828125
0 0.921875 0.28046875 0.09375 0.0984375
0 0.8515625 0.12109375 0.078125 0.0859375
0 0.92890625 0.69609375 0.0828125 0.0859375
0 0.0609375 0.9625 0.075 0.075
0 0.1 0.825 0.090625 0.078125
0 0.12890625 0.9046875 0.0703125 0.059375
0 0.6171875 0.9265625 0.078125 0.078125
0 0.6109375 0.83203125 0.10625 0.0859375
0 0.44765625 0.67890625 0.0828125 0.0828125
0 0.30546875 0.678125 0.0859375 0.090625
0 0.37734375 0.6078125 0.0984375 0.090625
0 0.5171875 0.8453125 0.075 0.090625
0 0.07421875 0.3359375 0.0703125 0.0625
0 0.1703125 0.44453125 0.090625 0.0984375
0 0.24375 0.50234375 0.10625 0.0828125
0 0.30859375 0.97421875 0.0546875 0.0515625
0 0.5875 0.51015625 0.0859375 0.1203125